      20000           0           0           0     179.437      354.04     78.9895     14.2831     93.2726     2343.43     2426.93    0.785391      6.5598     39.9574     2049.96      2345.7     2.72671     271.433       0.016     5.73044     4.59858     4.35318     4.39114
      19900           0           0           0     179.437      353.13     151.419     29.7361     181.156     2343.43     2426.93    0.785563     6.43382     39.9574     2049.96      2345.7     2.72686     270.633       0.016     5.73044     4.59858     4.35318     4.39114
      19800           0           0           0     179.437     352.506     228.894     46.3592     275.253     2343.43     2426.93    0.785735     6.30822     39.9574     2049.96      2345.7     2.72701     270.044       0.016     5.73044     4.59858     4.35318     4.39114
      19700           0           0           0     179.437     352.255     299.319     60.5222     359.841     2343.43     2426.93    0.785907     6.19879     39.9574     2049.96      2345.7     2.72716     269.745       0.016     5.73044     4.59858     4.35318     4.39114
      19600           0           0           0     179.437      352.29     351.209     72.5053     423.714     2343.43     2426.93    0.786079     6.12087     39.9574     2049.96      2345.7     2.72731     269.689       0.016     5.73044     4.59858     4.35318     4.39114
      19500           0           0           0     179.437     350.597     414.692     82.0183      496.71     2343.43     2426.93    0.786251     6.05158     39.9574     2049.96      2345.7     2.72746     268.519       0.016     5.73044     4.59858     4.35318     4.39114
      19400           0           0           0     179.437     347.879     487.353     94.1014     581.454     2343.43     2426.93    0.786423     5.90477     39.9574     2049.96      2345.7     2.72761     266.477       0.016     5.73044     4.59858     4.35318     4.39114
      19300           0           0           0     179.437     345.374     558.279     106.214     664.494     2343.43     2426.93    0.786595     5.65656     39.9574     2049.96      2345.7     2.72775     264.481       0.016     5.73044     4.59858     4.35318     4.39114
      19200           0           0           0     179.437     342.873     620.606     118.358     738.963     2343.43     2426.93    0.786767     5.32496     39.9574     2049.96      2345.7      2.7279     262.498       0.016     5.73044     4.59858     4.35318     4.39114
      19100           0           0           0     179.437      342.02     681.386     130.011     811.397     2343.43     2426.93    0.786938     4.94128     39.9574     2049.96      2345.7     2.72805     261.588       0.016     5.73044     4.59858     4.35318     4.39114
      19000           0           0           0     179.437     342.156      741.53     142.474     884.004     2343.43     2426.93     0.78711     4.58749     39.9574     2049.96      2345.7      2.7282     261.511       0.016     5.73044     4.59858     4.35318     4.39114
      18900           0           0           0     179.437     340.553     800.577     155.747     956.323     2343.43     2426.93    0.787281     4.26219     39.9574     2049.96      2345.7     2.72835      260.36       0.016     5.73044     4.59858     4.35318     4.39114
      18800           0           0           0     179.437     337.986     870.831      166.28     1037.11     2343.43     2426.93    0.787452     3.87637     39.9574     2049.96      2345.7      2.7285     258.368       0.016     5.73044     4.59858     4.35318     4.39114
      18700           0           0           0     179.437      336.21     952.601     178.113     1130.71     2343.43     2426.93    0.787624     3.41716     39.9574     2049.96      2345.7     2.72864     256.824       0.016     5.73044     4.59858     4.35318     4.39114
      18600           0           0           0     179.437     334.818     1047.59     192.576     1240.17     2343.43     2426.93    0.787795     2.92873     39.9574     2049.96      2345.7     2.72879     255.619       0.016     5.73044     4.59858     4.35318     4.39114
      18500           0           0           0     179.437     333.482     1150.05     201.259     1351.31     2343.43     2426.93    0.787966     2.42444     39.9574     2049.96      2345.7     2.72894     254.469       0.016     5.73044     4.59858     4.35318     4.39114
      18400           0           0           0     179.437     332.205     1219.19     209.492     1428.69     2343.43     2426.93    0.788137      1.9065     39.9574     2049.96      2345.7     2.72909     253.357       0.016     5.73044     4.59858     4.35318     4.39114
      18300           0           0           0     179.437     329.228      1275.7     218.075     1493.77     2343.43     2426.93    0.788308     1.34924     39.9574     2049.96      2345.7     2.72924     251.114       0.016     5.73044     4.59858     4.35318     4.39114
      18200           0           0           0     179.437       325.2      1360.8     226.658     1587.45     2343.43     2426.93    0.788478    0.672723     39.9574     2049.96      2345.7     2.72938      247.97       0.016     5.73044     4.59858     4.35318     4.39114
      18100           0           0           0     179.437     321.768     1469.79     234.714      1704.5     2343.43     2426.93    0.788649   -0.137283     39.9574     2049.96      2345.7     2.72953      245.11       0.016     5.73044     4.59858     4.35318     4.39114
      18000           0           0           0     179.437     318.559     1574.09     243.331     1817.42     2343.43     2426.93     0.78882    -1.04056     39.9574     2049.96      2345.7     2.72968     242.443       0.016     5.73044     4.59858     4.35318     4.39114
      17900           0           0           0     179.437      317.64     1670.99     253.364     1924.35     2343.43     2426.93     0.78899    -1.98653     39.9574     2049.96      2345.7     2.72983     241.293       0.016     5.73044     4.59858     4.35318     4.39114
      17800           0           0           0     179.437     318.134        1766     264.257     2030.25     2343.43     2426.93    0.789161    -2.86227     39.9574     2049.96      2345.7     2.72997     241.331       0.016     5.73044     4.59858     4.35318     4.39114
      17700           0           0           0     179.437     316.312     1860.47      274.54     2135.01     2343.43     2426.93    0.789331    -3.66765     39.9574     2049.96      2345.7     2.73012     239.957       0.016     5.73044     4.59858     4.35318     4.39114
      17600           0           0           0     179.437     313.229     1943.92     288.828     2232.75     2343.43     2426.93    0.789502    -4.52282     39.9574     2049.96      2345.7     2.73027     237.487       0.016     5.73044     4.59858     4.35318     4.39114
      17500           0           0           0     179.437     313.298     2011.35     302.776     2314.12     2343.43     2426.93    0.789672    -5.41147     39.9574     2049.96      2345.7     2.73042     237.026       0.016     5.73044     4.59858     4.35318     4.39114
      17400           0           0           0     182.115     344.137     2042.72     312.444     2355.16     2337.81     2427.24    0.817182    -7.03503     39.0482     2090.19     2390.75     2.64272     282.715       0.016      5.7211     4.59193      4.3525     4.39344
      17300           0           0           0     182.934     353.815     2073.54     322.233     2395.78     2333.75     2428.42    0.848489    -7.23612     38.2531     2099.33     2400.72     2.62299     291.111       0.016     5.71793     4.58375     4.34297     4.38361
      17200           0           0           0      183.39     359.881     2096.59     335.928     2432.52     2330.58     2429.87    0.876868    -7.02974     37.5586     2103.93      2405.7     2.61341     296.236       0.016     5.72125     4.57463     4.32783     4.36492
      17100           0           0           0     183.841     363.835     2099.91     350.717     2450.63     2328.02     2431.38    0.901834    -6.64495     36.9519     2107.52     2409.45     2.60581     299.608       0.016     5.72871     4.56346     4.30774     4.33998
      17000           0           0           0     184.395     366.328     2106.32     368.422     2474.74     2325.94     2432.88    0.923629    -6.19849      36.422     2110.68     2412.53     2.59894     301.804       0.016     5.73799     4.54879     4.28324     4.31057
      16900           0           0           0     185.076     363.157     2119.69     386.971     2506.66     2324.24     2434.34    0.942573    -5.83044     35.9588     2113.56      2415.1     2.59263     299.792       0.016     5.74731     4.52873     4.25519     4.27796
      16800           0           0           0     185.879      356.08     2132.94     406.282     2539.22     2322.88     2435.75     0.95898    -5.80695     35.5537     2116.22     2417.24     2.58687      294.26       0.016     5.75543     4.50524     4.22418     4.24311
      16700           0           0           0     186.789     347.713     2143.96     427.383     2571.34      2321.8     2437.11     0.97314    -6.22983      35.199      2118.7     2419.03     2.58162     287.424       0.016     5.76158     4.47861      4.5905     4.20736
      16600           0           0           0     187.792     338.163     2156.83      452.74     2609.57     2320.95     2438.38    0.985304    -7.09448     34.8882     2121.04     2420.52     2.57681     279.594       0.016     5.76538     4.44944     4.55473     4.57412
      16500           0           0           0     188.875     339.172     2164.82     472.218     2637.03      2320.3     2439.58    0.995708    -8.20911     34.6155     2123.26     2421.76      2.5724     279.344       0.016      5.7667     4.41878      4.5183     4.53859
      16400   0.0792645           0   0.0792645     190.027      347.24     2171.37     496.159     2667.52     2319.87      2440.7     1.00457    -9.00041      34.376     2125.37     2422.79     2.56833     285.676       0.016     5.76561     4.78854     4.48125     4.50183
      16300    0.138325           0     8.06478     191.326      352.17     2187.84     517.349     2705.18     2323.81     2441.76     1.01208    -11.0959     34.1655     2127.49     2423.65     2.56519     290.381       0.016      5.7623     4.75452     4.44494     4.46874
      16200   0.0910441           0       21.85     192.863     355.379     2209.29     543.931     2753.23      2330.1     2442.77     1.01848    -13.8734     33.9801     2129.73     2424.36     2.56373     293.398       0.016     5.75706     4.71902      4.4117     4.44419
      16100  0.00992483           0     30.8733     194.549     346.814     2226.97     573.119     2800.09     2332.66     2443.71     1.02394    -15.0289     33.8167     2132.02     2424.94     2.56304     287.694       0.016      5.7504     4.68312     4.78187     4.42461
      16000           0           0     31.8559     196.204     330.385     2234.59     600.619     2835.21     2330.56      2444.6     1.02849    -14.7761     33.6725     2134.18     2425.43      2.5615     274.688       0.016     5.74282     4.64805     4.75376     4.40391
      15900           0           0     31.8559     197.771     321.994     2237.28       626.7     2863.98     2328.53     2445.43     1.03214    -15.1792     33.5449     2136.17     2425.85     2.55887     266.872       0.016      5.7346     4.61506     4.72618     4.78078
      15800   0.0238696           0     31.8797     199.286     318.458        2243     649.774     2892.77     2327.07     2446.18     1.03499    -15.9383      33.432     2138.03     2426.19     2.55586      263.72       0.016     5.72589     4.98568     4.69777     4.75313
      15700   0.0361334           0     34.2789     200.804     316.118     2249.41      672.48     2921.89      2327.3     2446.89     1.03714    -17.3387     33.3317     2139.83     2426.48     2.55291      261.77       0.016     5.71673     4.95422      4.6688     4.72449
      15600    0.041101           0     37.8973      202.36     314.804     2257.26      692.88     2950.14     2328.24     2447.55     1.03872    -18.9264     33.2426     2141.61     2426.73     2.55028     260.662       0.016      5.7071     4.92236     4.64016     4.69723
      15500   0.0380103           0     42.0043     203.954     312.729     2265.05     712.456      2977.5     2329.35     2448.16     1.03982    -20.4639     33.1631     2143.39     2426.94     2.54786     259.116       0.016     5.69717     4.89082     4.61251     4.67183
      15400   0.0844304           0     45.8517     205.574     310.262     2277.67     730.887     3008.56     2330.21     2448.75     1.04049    -21.8304     33.0921     2145.16     2427.12     2.54547     257.176       0.016     5.68722     4.86013     4.98543     4.64791
      15300    0.152238   0.0710255     54.3626      207.26     309.329     2298.32     750.944     3049.26     2333.51      2449.3      1.0408     -24.148     33.0283     2146.97     2427.29     2.54337     256.376       0.016     5.67731     4.83053      4.9591     4.62736
      15200     0.20491    0.413688     69.6391     209.096     309.336     2319.76     769.921     3089.69     2339.89     2450.44     1.04082    -27.5977     32.9709     2148.91     2427.47     2.54216     256.492       0.016      5.6676     4.80439     4.93575      4.6141
      15100    0.306619    0.714055     90.2318     211.066     315.472     2349.89     787.629     3137.51     2347.99     2455.47     1.04062    -31.4668      32.919     2151.06     2427.76     2.54128     261.308       0.016     5.65839     5.18037     4.91721     4.60812
      15000    0.378915    0.846077     120.966       213.1     325.779     2393.62     803.831     3197.45     2360.24     2466.93      1.0402    -36.3607     32.8718     2153.55     2428.42     2.53959     270.037       0.016     5.65002     5.15715      4.9027     4.60344
      14900    0.468864    0.972089     158.947     215.153     333.507     2447.58     817.325     3264.91     2374.51     2482.09      1.0396    -41.2478     32.8288     2156.59     2429.73     2.53673     277.215       0.016     5.64266     5.13446     4.89021     4.99671
      14800    0.434722    0.981778       205.8     217.181     339.767     2512.29     829.423     3341.71     2391.54     2502.21     1.03889    -46.5424     32.7892     2160.27     2431.87     2.53248     282.937       0.016     5.63629     5.11231     4.87751     4.98384
      14700           0           0     248.837     219.106     330.434     2569.72     839.311     3409.03     2404.19     2517.62     1.03815    -49.7173     32.7525     2164.51     2434.82     2.52776     276.772       0.016     5.63075     5.09205     4.86276     4.96505
      14600           0           0     248.837     211.941     261.788     2586.47     863.211     3449.68     2395.63     2506.19     1.00546    -44.1698     33.7363     2136.95     2410.07     2.68675     197.681       0.016     6.51762     4.85352     4.99307     4.97284
      14500           0           0     248.837     209.799     235.065     2586.99      892.76     3479.75     2389.71     2497.11    0.970765    -44.3255     34.6823     2129.46     2403.57     2.71028      172.35       0.016      6.7343     4.66333     4.72423      4.6246
      14400           0           0     248.837     209.993     218.619     2593.96     924.121     3518.08     2385.93     2489.74    0.934996    -46.5819     35.5885     2124.17     2397.04     2.71887      157.57       0.016     6.53176     4.79509     4.78607     4.68413
      14300           0           0     248.837     210.996      204.45      2603.8     952.275     3556.07     2383.68     2483.57    0.898168    -49.5129     36.4418     2119.79     2390.66     2.72618     145.839       0.016       6.501     4.44475     4.40252     4.74089
      14200           0           0     248.837     212.217     192.367     2620.29     978.611      3598.9     2382.47     2478.24    0.861386     -52.579     37.2291     2115.93     2384.68     2.73312     135.988       0.016       6.501     4.44944      4.7992     4.78725
      14100           0           0     248.837     213.456     185.872     2637.29     1003.49     3640.78     2381.91     2473.55    0.825747    -55.4649     37.9427     2112.49     2379.19     2.73954     130.351       0.016       6.501     4.43181     4.79057     4.41841
      14000           0           0     248.837     214.654     182.881     2663.51     1025.82     3689.33     2381.74     2469.38    0.792072    -57.9055     38.5803     2109.41     2374.19     2.74543      127.75       0.016       6.501      4.4079     4.78007     4.43638
      13900           0           0     248.837     215.803     177.904     2694.92     1050.59      3745.5     2381.78     2465.61    0.760836    -59.9108     39.1438     2106.66     2369.66     2.75083     124.057       0.016       6.501     4.79237     4.77211      4.4523
      13800           0           0     248.837      216.91     172.056     2717.56     1072.19     3789.75      2381.9     2462.16    0.732261    -61.6964     39.6376     2104.19     2365.51     2.75586     119.521       0.016       6.501     4.77759     4.76885     4.46761
      13700           0           0     248.837      217.98     167.787      2756.1     1095.56     3851.66     2382.01     2458.96     0.70639     -63.343     40.0676     2101.95     2361.69      2.7606     116.041       0.016       6.501     4.76554     4.77053     4.48351
      13600           0           0     248.837     219.015     164.401     2787.37     1117.75     3905.12     2382.07     2455.95    0.683146     -64.837     40.4403     2099.89     2358.14     2.76511      113.33       0.016       6.501     4.75769     4.77683     4.50078
      13500           0           0     248.837     220.018     167.611     2818.99     1133.56     3952.56     2382.04      2453.1    0.662375    -66.0942     40.7621     2097.99     2354.82     2.76942     115.317       0.016       6.501     4.75451     4.78732     4.51983
      13400           0           0     248.837     220.994     174.827     2849.26     1151.61     4000.87     2381.92     2450.38    0.643883    -66.8413     41.0391     2096.21     2351.68     2.77358     120.822       0.016       6.501     4.75596     4.40143     4.54085
      13300           0           0     248.837     221.945     171.834     2880.16     1166.52     4046.69     2381.69     2447.75     0.62746    -67.2131      41.277     2094.54     2348.71     2.77761     119.463       0.016       6.501     4.76169     4.41512     4.56343
      13200           0           0     248.837     225.489     192.698     2893.82     1180.95     4074.77      2374.2     2445.47    0.664783    -67.6289     40.2965     2131.08     2388.25      2.6651     152.341       0.016     6.20126     4.76374     4.43718     4.58427
      13100           0           0     248.837     227.734     199.327     2901.44     1189.08     4090.52     2368.11     2444.13    0.702873    -67.0015     39.3976     2140.08     2396.64     2.63545     158.777       0.016     6.45305     4.75973     4.45133     4.59542
      13000           0           0     248.837     229.547     205.228     2917.09     1198.02     4115.11     2362.94     2443.17    0.737278     -66.002     38.5929      2144.5     2400.05     2.62006     164.636       0.016     5.86042      4.7418     4.45178     4.59711
      12900   0.0448177           0     248.882     231.006     211.532     2917.57     1205.72     4123.29     2358.52     2442.42    0.767657    -64.8352     37.8817     2147.52     2402.16     2.60891     170.562       0.016     6.02174     4.71458     4.44277     4.58996
      12800   0.0773725    0.296928     253.396     232.167     217.879     2925.31     1214.44     4139.74      2357.1     2441.83    0.794409    -64.5077     37.2566     2149.79     2403.69     2.60079     176.488       0.016     6.15309     4.68371     4.42946     4.57816
      12700   0.0128277           0     261.069     233.306     220.079     2927.66     1223.73      4151.4      2357.4     2442.59    0.818019    -64.6766      36.708     2151.78     2404.93     2.59389     179.139       0.016      5.4561     4.65241      4.4159     4.56538
      12600           0           0     262.339     234.561     219.384     2944.07     1234.32      4178.4     2354.04     2442.02    0.838684    -63.4605      36.226     2153.74        2406     2.58637     179.048       0.016     5.53481     4.62221     4.40077     4.54972
      12500           0           0     262.339     235.822     219.227     2957.98     1245.49     4203.46     2350.57      2441.6     0.85667    -62.3504     35.8017     2155.57     2406.94     2.57862     179.105       0.016     5.59644     4.99408     4.78201      4.5295
      12400           0           0     262.339      237.08     219.198     2974.01     1254.51     4228.52     2347.69      2441.3    0.872282    -61.5784     35.4274     2157.31     2407.79     2.57092     179.322       0.016     5.64432     4.96551     4.75997     4.50562
      12300           0           0     262.339     238.342     217.853     2979.08     1262.95     4242.04     2345.29      2441.1    0.885816    -61.1085     35.0963        2159     2408.57     2.56341     178.466       0.016      5.6811     4.93722     4.73583     4.47938
      12200   0.0666688    0.059918     262.406      239.61     215.527     2988.47     1272.64     4261.11     2343.33     2440.99    0.897539     -60.976     34.8029     2160.66     2409.32     2.55609     176.667       0.016     5.70888     4.90949     4.71029     4.45173
      12100    0.146459    0.567987     269.152     240.963     214.647     3006.81     1284.12     4290.94     2345.28      2441.2    0.907692    -62.5481     34.5423     2162.37     2410.05     2.54941     175.874       0.016     5.72977     4.88236     4.68455     4.42655
      12000    0.224203     0.93802     283.876     242.452     214.561     3033.85     1291.77     4325.62     2351.07     2445.74    0.916514    -65.6694     34.3104     2164.23     2410.85     2.54333     175.845       0.016     5.74524     4.85595     4.66189     4.40688
      11900    0.265598    0.879962     306.338     244.008      215.26     3065.52     1302.31     4367.83     2359.98     2456.36    0.924163    -69.9057     34.1037     2166.41     2411.98      2.5367     176.437       0.016      5.7563     4.83134     4.64262     4.79046
      11800    0.390826     1.00863     333.023      245.62     216.499     3102.91     1311.73     4414.65     2369.75     2466.65    0.930799    -74.2199     33.9194     2169.08     2413.62     2.52949     177.508       0.016     5.76385     4.80932     4.62454     4.77179
      11700    0.127473    0.208585     371.842     247.289     225.031      3152.2     1321.03     4473.22     2384.61     2483.85    0.936574     -80.057     33.7547     2172.26     2415.84      2.5217     184.274       0.016     5.76856     5.18919      4.6064     4.75037
      11600   0.0670117           0     384.529     235.503     199.255     3182.34     1342.89     4525.22      2387.3     2477.35     0.90788    -78.9309     34.6333     2137.63     2386.19     2.70564     143.792       0.016     5.99524     4.94822     4.73132     4.75742
      11500           0           0     391.163     231.699     181.385     3204.29     1376.96     4581.24     2386.54     2470.74    0.877084    -79.3156     35.4829        2130     2380.89     2.73264     128.102       0.016     6.47455     4.76087     4.46954     4.41824
      11400           0           0     391.163     231.298     157.743     3215.07     1413.61     4628.68     2383.15     2465.39    0.845385    -80.1454     36.2999     2125.09      2375.5     2.74055      108.55       0.016     6.30022     4.49162      4.5366     4.48381
      11300  0.00110125           0     391.164     232.054     146.552     3219.52     1447.03     4666.55     2381.22     2460.91    0.812398    -82.2121     37.0709      2121.2     2370.16     2.74615     98.1506       0.016     6.20674     4.55184     4.55888     4.54357
      11200           0           0     391.273      233.18     142.287     3219.87      1478.7     4698.58     2380.32        2457    0.779154    -84.4261     37.7829     2117.87     2365.13     2.75148     94.1989       0.016      6.7554     4.56739     4.56031     4.59125
      11100           0           0     391.273     234.388     134.575     3240.49     1509.21     4749.71     2379.96     2453.52    0.746751    -86.4367     38.4281     2114.93     2360.49     2.75653     88.3125       0.016      6.7325     4.55823     4.55422     4.22102
      11000           0           0     391.273     235.578     125.243     3269.85     1538.44     4808.29     2379.97     2450.39    0.716021    -88.4569     39.0042      2112.3     2356.24     2.76123     80.8798       0.016     6.72794     4.53827     4.54527     4.23859
      10900           0           0     391.273     236.719     119.881     3289.84     1569.32     4859.16     2380.17     2447.53    0.687459     -90.479     39.5127     2109.94     2352.39     2.76556     76.2022       0.016      6.7351     4.51573     4.53781     4.25305
      10800           0           0     391.273     237.807     116.764     3298.16     1597.06     4895.22     2380.44     2444.88    0.661309    -92.3291     39.9577     2107.83     2348.87     2.76958     73.5157       0.016     6.74975     4.49509     4.53369     4.26603
      10700           0           0     391.273     238.849     112.746     3308.07     1624.44     4932.51      2380.7     2442.39    0.637636    -94.0086     40.3448     2105.91     2345.64     2.77334     70.3115       0.016     6.76916     4.47847     4.53341     4.27886
      10600           0           0     391.273     239.849     108.332     3322.16     1651.49     4973.64     2380.91     2440.04    0.616384    -95.6248     40.6796     2104.16     2342.65     2.77688     66.7006       0.016     6.79159     4.46667      4.5369     4.29242
      10500           0           0     391.273     240.814     105.649     3336.46     1678.17     5014.64     2381.02     2437.78     0.59742    -97.1962     40.9683     2102.54     2339.86     2.78024     64.3097       0.016     6.21466     4.45975     4.54388     4.30721
      10400           0           0     391.273     241.747     103.978     3351.38     1702.63     5054.01     2381.05     2435.61     0.58057    -98.6635     41.2164     2101.04     2337.24     2.78347     62.8129       0.016     6.23776     4.45741     4.55398      4.3235
      10300           0           0     391.273     242.653     102.896     3359.68     1724.87     5084.55     2380.97     2433.51     0.56564    -100.016     41.4292     2099.63     2334.76     2.78657     61.8077       0.016     6.26125     4.45916     4.56681     4.34136
      10200           0           0     391.273     243.534     101.732     3368.82     1747.04     5115.86     2380.79     2431.47    0.552433    -101.259     41.6113     2098.29     2332.39     2.78958     60.8326       0.016     6.28492     4.46449     4.58202     4.36076
      10100           0           0     391.273     244.393     99.5526     3394.08     1766.35     5160.43     2380.51     2429.47    0.540756    -102.456     41.7671     2097.01     2330.13      2.7925     59.0323       0.016     6.30862     4.47291      4.5993      4.3816
      10000           0           0     391.273     245.232     97.0475     3412.74     1785.11     5197.85     2380.15     2427.51    0.530427     -103.66     41.9003     2095.79     2327.95     2.79536     56.9536       0.016     6.33225     4.48397     4.21514     4.00316
       9900           0           0     391.273      246.05      94.371      3420.5     1803.36     5223.86     2379.72      2425.6    0.521293    -104.892      42.014     2094.63     2325.86     2.79814     54.7175       0.016     6.35572     4.49713     4.22864     4.01765
       9800           0           0     391.273     246.841     91.5617     3429.31     1820.27     5249.58     2379.26     2423.78    0.513224    -106.161     42.1111     2093.53     2323.87     2.80083     52.3604       0.016     6.37889     4.51185     4.24067     4.02936
       9700           0           0     391.273     247.606     88.6455     3430.92     1835.85     5266.77     2378.75     2422.03    0.506083    -107.474     42.1939     2092.49     2321.98     2.80343     49.9011       0.016     6.40165     4.52775     4.25461     4.04315
       9600           0           0     391.273     248.348     85.6431     3431.86     1850.13     5281.99     2378.22     2420.34    0.499747    -108.835     42.2647      2091.5     2320.18     2.80594     47.3569       0.016     6.42398     4.54465     4.27045     4.05879
       9500           0           0     391.273     249.073     82.5663      3437.1     1863.13     5300.24     2377.66      2418.7    0.494105    -110.246     42.3252     2090.55     2318.44     2.80838      44.738       0.016     6.44591     4.56245     4.28776       4.076
       9400           0           0     391.273     249.782     80.2434     3459.13     1878.55     5337.68     2377.06      2417.1    0.489061    -111.693     42.3768     2089.62     2316.74     2.81077     42.6515       0.016     6.46747     4.58102     4.30622     4.09453
       9300           0           0     391.273      250.48     78.3585     3480.32     1891.87     5372.19     2376.45     2415.53    0.484532    -113.135      42.421     2088.72     2315.09     2.81311     40.9509       0.016     6.48872     4.20027     4.32564     4.11415
       9200           0           0     391.273     251.166     76.7155     3500.44      1904.4     5404.85      2375.8     2413.97    0.480446    -114.555     42.4588     2087.83     2313.47     2.81541      39.453       0.016     6.50969     4.21489      4.3458     4.13467
       9100           0           0     391.273     251.836     75.2403     3512.46     1914.57     5427.03     2375.14     2412.43    0.476742    -115.947     42.4911     2086.96     2311.88     2.81767     38.0968       0.016     6.53051      4.2254      4.3664      4.1559
       9000           0           0     391.273     252.488     73.9005      3522.3     1921.38     5443.68     2374.46     2410.91    0.473369    -117.307     42.5188      2086.1     2310.32     2.81989     36.8556       0.016     6.55137     4.23553     4.38722     4.17763
       8900           0           0     391.273     253.124     72.6887     3542.78     1928.91     5471.69     2373.76      2409.4    0.470283    -118.633     42.5426     2085.26      2308.8     2.82204     35.7224       0.016     6.57209     4.24831     4.00737      4.1997
       8800           0           0     391.273     253.748     71.5782     3551.68     1935.68     5487.37     2373.06     2407.92    0.467453    -119.923     42.5629     2084.44     2307.32     2.82414     34.6784       0.016     6.59262     4.26309     4.02291     3.81567
       8700           0           0     391.273     254.357     70.5528     3553.02     1941.73     5494.74     2372.37      2406.5    0.464865    -121.175     42.5804     2083.65     2305.89     2.82619     33.7094       0.016     5.81164      4.2791     4.03526     3.82675
       8600   0.0176493           0     391.291     254.948     69.6039     3556.95     1947.33     5504.28     2371.72     2405.15    0.462493    -122.392     42.5954     2082.91     2304.54     2.82816     32.8076       0.016     5.82903     4.29577     4.04806     3.83881
       8500           0           0     393.038     255.554       68.69     3559.16     1952.47     5511.64     2371.97     2403.84    0.460318    -123.905     42.6083     2082.22     2303.23     2.83031     31.9388       0.016     5.84565     4.31281      4.0624     3.85294
       8400  0.00708714           0     393.045     256.153     68.2808     3560.48     1957.62      5518.1     2371.12     2402.58    0.458316    -124.957     42.6195     2081.56     2301.97     2.83237      31.454       0.016     5.86183     4.33013     4.07803     3.86837
       8300           0           0     393.747     256.733     68.1927     3570.54     1959.19     5529.73     2370.69     2401.35    0.456442    -126.097      42.629     2080.91     2300.73     2.83428     31.2602       0.016     5.87766     4.34769     4.09439     3.88447
       8200           0           0     393.747     257.297      68.333     3576.15     1960.77     5536.92     2369.86     2400.14    0.454679    -127.008     42.6372     2080.26     2299.52     2.83611     31.2673       0.016      5.8932     4.36542     4.11127     3.90107
       8100           0           0     393.747      257.84     68.6723     3584.82     1962.38     5547.19     2369.09     2398.94    0.453006    -127.856     42.6443     2079.62     2298.33     2.83782     31.4528       0.016     5.90845     4.38327      4.1284     3.91782
       8000 9.42358e-05           0     393.747     258.371     69.1717      3585.5     1963.73     5549.23     2368.36     2397.77    0.451413    -128.634     42.6505     2078.97     2297.15      2.8395     31.7845       0.016     5.92341      4.0011     4.14563     3.93477
       7900           0           0     393.756     258.892     69.8793     3595.34     1964.84     5560.18     2367.67      2396.6    0.449893    -129.337     42.6557     2078.34     2295.98     2.84115     32.2964       0.016     5.93809     4.01439     4.16291     3.95193
       7800           0           0     393.756       259.4     70.7557     3602.88     1965.14     5568.02     2366.99     2395.45     0.44844    -129.954     42.6603      2077.7     2294.84     2.84279     32.9644       0.016     5.95245     4.02408     4.18006     3.96925
       7700           0           0     393.756     259.891     71.7887     3608.15     1965.65      5573.8     2366.33      2394.3     0.44705    -130.486     42.6642     2077.08     2293.71     2.84439     33.7739       0.016     5.96645     4.03244     4.19697     3.98663
       7600           0           0     393.756     260.367     72.9873     3615.54     1965.92     5581.46     2365.68     2393.17    0.445718    -130.928     42.6676     2076.46     2292.61     2.84596     34.7347       0.016     5.98006      4.0418     3.81167     3.60347
       7500           0           0     393.756     260.828     74.3227     3628.28     1966.92      5595.2     2365.05     2392.07     0.44445    -131.277     42.6706     2075.86     2291.55     2.84747     35.8232       0.016     5.99328     4.05273     3.82314     3.61449
       7400           0           0     393.756     261.272     74.7373     3644.25     1968.64      5612.9     2364.46     2391.02    0.443255    -131.553     42.6731      2075.3     2290.54     2.84893     36.2546       0.016     6.00608     4.06451     3.83241     3.62193
       7300           0           0     393.756     261.699     74.6286     3661.57     1969.06     5630.63      2363.9     2390.02    0.442131    -131.808     42.6753     2074.76     2289.58     2.85032     36.2184       0.016     6.01844     4.07669      3.8408     3.62981
       7200           0           0     393.756      262.11      74.245     3682.53     1969.96     5652.48     2363.36     2389.08    0.441069    -132.064     42.6772     2074.26     2288.67     2.85166     35.9492       0.016     6.03037     4.08903     3.84997     3.63836
       7100           0           0     393.756     262.508     73.6729     3704.15     1970.16     5674.32     2362.85     2388.17    0.440063    -132.331     42.6788     2073.78      2287.8     2.85295     35.5182       0.016     6.04191     4.10143     3.85997      3.6476
       7000           0           0     393.756     262.897     72.9606     3718.09     1975.46     5693.55     2362.36      2387.3    0.439105    -132.615     42.6803     2073.31     2286.95      2.8542     34.9648       0.016     6.05311     4.11385     3.87049     3.65745
       6900           0           0     393.756     263.277     72.1508        3732     1980.64     5712.63     2361.88     2386.44    0.438188    -132.917     42.6815     2072.85     2286.12     2.85542     34.3238       0.016     6.06403     4.12625     3.88138     3.66782
       6800           0           0     393.756     263.652     71.2636     3744.08     1981.39     5725.47     2361.41     2385.61    0.437306     -133.24     42.6826      2072.4      2285.3     2.85662     33.6129       0.016     6.07471     4.13862     3.89252      3.6786
       6700           0           0     393.756     264.021     70.3238     3755.68     1983.31     5738.99     2360.95     2384.79    0.436455    -133.583     42.6835     2071.96      2284.5      2.8578      32.851       0.016     6.08519     4.15094     3.90387      3.6897
       6600           0           0     393.756     264.385     69.3602     3767.97      1988.3     5756.27     2360.49     2383.98     0.43563    -133.946     42.6843     2071.52      2283.7     2.85896     32.0639       0.016      6.0955     4.16319     3.91536     3.70106
       6500           0           0     393.756     264.746     68.3634     3777.36     1991.94      5769.3     2360.05     2383.19    0.434828    -134.327      42.685     2071.08     2282.92     2.86011     31.2445       0.016     6.10567     4.17538     3.92696     3.71263
       6400           0           0     393.756     265.102     67.6445     3786.17     1995.84     5782.01      2359.6      2382.4    0.434045    -134.722     42.6856     2070.65     2282.14     2.86125     30.6243       0.016     6.11581     4.18749     3.93864     3.72435
       6300           0           0     393.756     265.456     67.0864     3795.76     1998.35     5794.11     2359.17     2381.61     0.43328    -135.114     42.6861     2070.22     2281.37     2.86237     30.1471       0.016     6.12623     4.19956      3.9504     3.73619
       6200           0           0     393.756     265.808     66.6244     3813.33     2000.36     5813.68     2358.73     2380.83    0.432529    -135.497     42.6866      2069.8      2280.6     2.86349     29.7494       0.016     6.13683     3.80933     3.96222     3.74813
       6100           0           0     393.756     266.156      66.249     3831.72     2001.86     5833.59      2358.3     2380.06    0.431792    -135.867      42.687     2069.37     2279.84     2.86459     29.4252       0.016     6.14748     3.81681     3.97404     3.76014
       6000           0           0     393.756     266.499     65.9322      3839.2     2002.86     5842.07     2357.87      2379.3    0.431066    -136.222     42.6873     2068.95     2279.09     2.86569     29.1512       0.016     6.15811     3.82336     3.98577     3.77218
       5900           0           0     393.756     266.835     65.6622     3848.59        2006     5854.58     2357.44     2378.53    0.430353    -136.562     42.6876     2068.54     2278.35     2.86676     28.9177       0.016     6.16864     3.82957      3.9974     3.78422
       5800           0           0     393.756     267.165       65.43     3864.19     2007.66     5871.85     2357.02     2377.78    0.429652    -136.887     42.6879     2068.12     2277.62     2.86781     28.7173       0.016     6.17905     3.83571     3.60792     3.79615
       5700           0           0     393.756     267.488     65.2301     3870.01     2009.25     5879.26     2356.61     2377.03    0.428964    -137.195     42.6881     2067.72      2276.9     2.86884     28.5454       0.016      6.1893     3.84187     3.61692     3.40627
       5600           0           0     393.756     267.802     65.0592     3874.09      2010.9     5884.99      2356.2     2376.31    0.428298    -137.487     42.6883     2067.33     2276.21     2.86984     28.3989       0.016     6.19936     3.84818     3.62463     3.41277
       5500           0           0     393.756     268.107     64.9142     3888.08     2012.61     5900.69     2355.82     2375.63    0.427662    -137.764     42.6885     2066.96     2275.55     2.87081     28.2751       0.016     5.40818     3.85532     3.63122     3.41745
       5400           0           0     393.756       268.4      64.072     3901.39     2014.59     5915.98     2355.45     2374.99    0.427057    -138.037     42.6886     2066.61     2274.93     2.87174      27.634       0.016     5.41631     3.86301     3.63711     3.42167
       5300           0           0     393.756     268.683     62.8073      3907.1     2016.82     5923.92      2355.1     2374.38     0.42648    -138.347     42.6887     2066.28     2274.33     2.87263     26.6097       0.016     5.42396     3.87095     3.64283     3.42663
       5200           0           0     393.756     268.954     61.3073     3925.09     2017.66     5942.76     2354.77      2373.8    0.425926    -138.708     42.6888     2065.97     2273.76     2.87349      25.376       0.016     5.43123     3.87898     3.64864     3.43208
       5100           0           0     393.756     269.217     59.6542     3930.02     2017.68      5947.7     2354.45     2373.23    0.425394    -139.124     42.6889     2065.67     2273.22     2.87431      24.003       0.016     5.43818     3.88701     3.65459     3.43787
       5000           0           0     393.756     269.471     57.8642     3931.42     2018.55     5949.97     2354.14     2372.69    0.424882    -139.599      42.689     2065.38     2272.69     2.87512     22.5044       0.016     5.44487     3.89498     3.66066     3.44391
       4900  0.00564877     1.11794     393.762     269.718     55.9887     3934.31     2018.83     5953.15     2353.85     2372.17    0.424388    -140.135     42.6891      2065.1     2272.18     2.87589     20.9204       0.016     5.45133     3.90286     3.66684     3.45013
       4800           0           0     394.321     269.959     54.0223     3935.57     2019.62      5955.2     2353.85     2371.98    0.423905    -140.834     42.6891     2064.86     2271.72     2.87662     19.2494       0.016      5.4576     3.91064     3.67317     3.45644
       4700           0           0     394.321     270.196     51.9958      3942.7     2020.93     5963.63     2353.51     2371.41    0.423444    -141.458     42.6892     2064.63     2271.28     2.87735     17.5153       0.016     5.46369     3.91831     3.67978     3.46288
       4600           0           0     394.321     270.427     49.9388     3944.47     2021.56     5966.02     2353.19     2370.87    0.423002    -142.145     42.6892     2064.37      2270.8     2.87808     15.7468       0.016     5.46963     3.92588     3.68655     3.46953
       4500   0.0107791           2     394.332     270.655     47.8299     3948.07     2023.11     5971.18     2352.89     2370.37    0.422569    -142.893     42.6893     2064.09     2270.32      2.8788     13.9259       0.016     5.47544     3.93336     3.69342     3.47633
       4400   0.0160436      1.1481     395.415     270.864     46.0277     3952.34     2023.35     5975.68     2353.17        2371     0.42212    -143.894     42.6893     2063.95     2269.99     2.87929     12.3151       0.016     5.48114     3.94074     3.70026      3.4826
       4300  0.00222121    0.608539     397.006     271.068     44.3863     3954.23     2023.78     5978.01     2353.63     2371.24    0.421682     -144.97     42.6894     2063.94     2269.83     2.87974     10.8421       0.016     5.48664     3.94801     3.70682     3.48857
       4200   0.0295997     1.02956     397.255      271.28     42.8516     3960.62      2024.7     5985.32     2353.25     2370.49    0.421301    -145.753     42.6894     2063.82     2269.54     2.88037     9.45735       0.016     5.49197     3.95514     3.71328     3.49496
       4100   0.0555385     1.16379     400.241       271.5     41.3591     3971.02      2024.9     5995.92     2354.36     2371.38    0.420923    -147.091     42.6894     2063.75     2269.29     2.88097     8.10369       0.016      5.4972     3.96214     3.71981     3.50158
       4000   0.0565941     1.02916     405.796      271.72     39.8511     3981.77     2026.48     6008.25     2356.56      2373.8    0.420523    -148.816     42.6894     2064.08     2269.51     2.88126     6.72424       0.016     5.50237     3.96904     3.72629     3.50763
       3900    0.072651    0.956115     411.471     271.946     38.3426     3995.21     2029.43     6024.65     2358.38     2375.37    0.420173     -150.38     42.6894     2064.63     2269.98     2.88151     5.33729       0.016     5.50741     3.97582      3.7325     3.51335
       3800   0.0604434     1.07023     418.724     272.196     36.8171     4007.04     2030.69     6037.73     2360.68     2377.21    0.419895    -152.103     42.6895     2065.21     2270.47     2.88188     3.93319       0.016     5.51232     3.98249      3.7386     3.51943
       3700   0.0772842     1.11737     424.785     272.451     34.7304      4022.9     2031.56     6054.46     2361.91     2378.45    0.419672    -153.438     42.6895     2065.78     2270.94     2.88221     2.14761       0.016     5.51717     3.98907     3.74474     3.52544
       3600   0.0573084     1.13479     432.494     272.693     31.1003     4036.24     2032.07     6068.31     2363.82     2380.58    0.419455    -155.084     42.6895      2066.4     2271.48     2.88234   -0.938923       0.016     5.52193     3.99554     3.75068     3.53075
       3500   0.0492464    0.954386     438.217     272.922     26.8236     4048.73     2034.15     6082.88     2364.34     2381.18     0.41926    -156.363     42.6895     2066.97     2271.97     2.88247     -4.5919       0.016     5.52652     3.60173     3.75625     3.53552
       3400   0.0235809     1.01759     443.116     273.158     22.3289      4057.2     2034.99     6092.19     2364.39     2380.73    0.419098    -157.629     42.6895     2067.23      2272.1     2.88286    -8.46842       0.016      5.5309     3.60655     3.76157     3.54068
       3300           0           0      445.45     273.393      17.642     4058.06     2035.95        6094     2363.09     2379.16    0.418934     -158.59     42.6895     2067.15     2271.84     2.88345     -12.513       0.016     5.53518      3.6105     3.76696     3.54641
       3200           0           0      445.45     273.613     13.3488     4058.52     2037.03     6095.55     2360.84     2376.63    0.418726     -159.39     42.6895      2066.7     2271.16     2.88416    -16.3289       0.016     5.53941     3.61403     3.77246     3.55247
       3100           0           0      445.45     273.818     10.3909     4059.58     2037.86     6097.44     2359.03     2374.55    0.418431    -160.458     42.6895     2066.06     2270.26     2.88489    -19.0392       0.016      5.5436     3.61736     3.77809     3.55879
       3000           0           0      445.45     274.016      7.9122     4061.61     2038.45     6100.05     2357.54      2372.8    0.418044    -161.686     42.6895     2065.43     2269.38      2.8856    -21.3458       0.016      5.5478     3.62062     3.78382     3.56527
       2900  0.00388414           0     445.454     274.207     5.77085     4064.13     2039.74     6103.87     2356.31     2371.31    0.417598    -163.015     42.6895     2064.85     2268.57     2.88628    -23.3707       0.016     5.55199     3.62389     3.78963     3.57183
       2800  0.00644397    0.562038     445.845     274.402     3.85923     4067.07     2040.64     6107.71     2355.46     2370.02     0.41712    -164.477     42.6895     2064.33     2267.83     2.88698    -25.2002       0.016     5.55617      3.6272     3.79553     3.57865
       2700           0           0     446.483       274.6     1.93825     4071.08     2044.94     6116.02     2354.86     2369.09     0.41663    -166.005     42.6895     2063.89     2267.18     2.88767    -27.0084       0.016     5.56038      3.6306     3.40149     3.58569
       2600           0           0     446.483     274.791   -0.307206     4084.22     2045.83     6130.05     2353.98     2368.06    0.416143    -167.431     42.6895      2063.5     2266.59     2.88829     -29.086       0.016     5.56462     3.63411     3.40699     3.59257
       2500           0           0     446.483     274.973    -2.64874     4084.95     2048.76     6133.71     2353.24     2367.16    0.415662    -168.912     42.6895     2063.12     2266.01     2.88887     -31.247       0.016     5.56884     3.63771     3.41224      3.5991
       2400           0           0     446.483     275.148     -5.0186     4086.22     2051.21     6137.43      2352.6     2366.35    0.415191    -170.442     42.6895     2062.77     2265.48     2.88942    -33.4384       0.016     5.57301     3.64138     3.41721     3.20435
       2300           0           0     446.483     275.317    -7.41535      4086.9     2053.04     6139.95     2352.04     2365.63    0.414739    -172.012     42.6895     2062.45     2264.99     2.88996    -35.6542       0.016     5.57711     3.64511     3.42164     3.20799
       2200           0           0     446.483     275.481    -9.67895     4094.09     2054.26     6148.35     2351.56     2364.99    0.414312    -173.616     42.6895     2062.15     2264.53     2.89047    -37.7858       0.016     5.58112     3.64886     3.42553      3.2108
       2100           0           0     446.483     275.638    -11.5393     4094.11     2055.42     6149.54     2351.14     2364.42    0.413911     -175.23     42.6895     2061.89     2264.11     2.89097    -39.5809       0.016     5.58502      3.6526       3.429     3.21314
       2000           0           0     446.483      275.79    -13.2323     4094.25     2056.53     6150.78     2350.77      2363.9    0.413538    -176.836     42.6896     2061.65     2263.72     2.89145    -41.2317       0.016     5.58881     3.65633     3.43217     3.21517
       1900           0           0     446.483     275.935     -14.797     4095.17     2058.13      6153.3     2350.44     2363.44    0.413192    -178.425     42.6896     2061.43     2263.36     2.89191    -42.7715       0.016     5.59248     3.66004     3.43512       3.217
       1800           0           0     446.483     276.075    -16.2621     4095.28     2059.72        6155     2350.15     2363.02    0.412871    -179.991     42.6896     2061.22     2263.03     2.89236    -44.2231       0.016     5.59602     3.66371     3.43792     3.21871
       1700           0           0     446.483     276.209    -17.7417     4096.73     2062.14     6158.87     2349.89     2362.64    0.412574    -181.532     42.6896     2061.04     2262.71     2.89279    -45.6677       0.016     5.59944     3.66736     3.44065     3.22073
       1600           0           0     446.483     276.338    -19.4078     4098.02     2066.09     6164.12     2349.65      2362.3    0.412297    -183.057     42.6896     2060.87     2262.42      2.8932    -47.2649       0.016     5.60274     3.67096     3.44345     3.22311
       1500           0           0     446.483     276.462    -21.1263     4099.71     2068.18     6167.88     2349.44     2361.97    0.412038    -184.575     42.6896     2060.71     2262.15      2.8936    -48.9054       0.016     5.60594     3.67455     3.44634     3.22574
       1400           0           0     446.483     276.583     -22.884     4100.85     2068.54     6169.39     2349.24     2361.66    0.411796    -186.087     42.6896     2060.55     2261.88     2.89399    -50.5772       0.016     5.60903     3.67811     3.44931     3.22854
       1300           0           0     446.483     276.701    -24.6655     4105.73     2069.58      6175.3     2349.05     2361.37    0.411567    -187.596     42.6896     2060.41     2261.63     2.89437    -52.2687       0.016     5.61204     3.68165     3.45235     3.23147
       1200           0           0     446.483     276.816    -26.1798     4122.34     2071.27     6193.62     2348.88      2361.1     0.41135    -189.099     42.6896     2060.26     2261.38     2.89474    -53.7786       0.016     5.61497     3.68517     3.45544      3.2345
       1100           0           0     446.483     276.929    -26.9495     4135.86     2073.56     6209.42     2348.71     2360.83    0.411145    -190.563     42.6896     2060.13     2261.14     2.89511    -54.6603       0.016     5.61784     3.68868     3.45857     3.23761
       1000           0           0     446.483     277.039    -27.3933     4147.26     2076.28     6223.54     2348.55     2360.57    0.410948     -191.96     42.6896     2059.99     2260.91     2.89547    -55.2557       0.016     5.62065     3.69217     3.46173     3.24077
        900           0           0     446.483     277.148    -27.4859     4159.05     2078.78     6237.83      2348.4     2360.32     0.41076    -193.279     42.6896     2059.86     2260.68     2.89582     -55.553       0.016     5.62341     3.69564      3.4649     3.24397
        800           0           0     446.483     277.256    -27.3147     4172.08     2084.85     6256.92     2348.25     2360.08     0.41058    -194.508     42.6896     2059.73     2260.45     2.89618    -55.6111       0.016     5.62613     3.69909     3.46808      3.2472
        700           0           0     446.483     277.361    -26.8293     4182.88     2091.55     6274.44     2348.11     2359.84    0.410405    -195.641     42.6896     2059.61     2260.23     2.89653    -55.4068       0.016     5.62881     3.70252     3.47126     3.25044
        600           0           0     446.483     277.466     -25.879     4203.56     2095.26     6298.83     2347.98     2359.61    0.410237    -196.665     42.6896     2059.48     2260.01     2.89687    -54.7957       0.016     5.63146     3.70592     3.47444     3.25369
        500           0           0     446.483     277.569    -24.6467     4224.72     2098.34     6323.05     2347.84     2359.38    0.410073    -197.566     42.6896     2059.36      2259.8     2.89721    -53.9277       0.016     5.63407     3.70929     3.47762     3.25694
        400           0           0     446.483     277.671    -23.1074     4258.28     2103.39     6361.67     2347.71     2359.16    0.409914     -198.34     42.6896     2059.24     2259.58     2.89755    -52.7882       0.016     5.63665     3.71263     3.48078     3.26019
        300           0           0     446.483     277.773    -21.3173     4281.13     2103.44     6384.57     2347.58     2358.94    0.409759    -198.981     42.6896     2059.12     2259.37     2.89789    -51.4152       0.016     5.63921     3.71594     3.48393     3.26344
        200           0           0     446.483     277.873    -19.0528     4310.78     2104.02      6414.8     2347.46     2358.72    0.409608    -199.485     42.6896        2059     2259.16     2.89822    -49.6626       0.016     5.64174     3.71922     3.48707     3.26667
        100           0           0     446.483     277.972    -15.8948     4325.61      2107.5     6433.11     2347.33      2358.5     0.40946     -199.82     42.6896     2058.88     2258.96     2.89855    -47.1359       0.016     5.64425     3.72247     3.49019     3.26989
          0           0           0     446.483      278.07     -12.251     4327.43     2110.89     6438.32     2347.21     2358.29    0.409315     -199.96     42.6896     2058.77     2258.75     2.89888    -44.1688       0.016     5.64674     3.72567     3.49328      3.2731