    20000         0         1         0   187.948   365.085   67.9449    5.7719   73.7168   2341.68   2425.58    0.6884   15.9048   2.49734   2048.25   2344.34   2.72726   282.674     0.001   107.636   92.0964   89.5112   88.8986         0         0         0         0         0
    19900         0         1         0   187.948   364.222   129.283   12.7138   141.996   2341.68   2425.58  0.688551   15.7588   2.49734   2048.25   2344.34   2.72741   281.904     0.001   107.636   92.0964   89.5112   88.8986         0         0         0         0         0
    19800         0         1         0   187.948   363.638   195.625   20.8257   216.451   2341.68   2425.58  0.688701   15.6176   2.49734   2048.25   2344.34   2.72756   281.339     0.001   107.636   92.0964   89.5112   88.8986         0         0         0         0         0
    19700         0         1         0   187.948   363.429   254.876   26.4776   281.354   2341.68   2425.58  0.688851   15.4963   2.49734   2048.25   2344.34    2.7277    281.07     0.001   107.636   92.0964   89.5112   88.8986         0         0         0         0         0
    19600         0         1         0   187.948   363.507   295.549   29.9495   325.498   2341.68   2425.58  0.689002   15.4101   2.49734   2048.25   2344.34   2.72785   281.045     0.001   107.636   92.0964   89.5112   88.8986         0         0         0         0         0
    19500         0         1         0   187.948   361.776   347.853   30.9514   378.804   2341.68   2425.58  0.689152   15.3344   2.49734   2048.25   2344.34     2.728   279.849     0.001   107.636   92.0964   89.5112   88.8986         0         0         0         0         0
    19400         0         1         0   187.948   358.969   409.424   34.5233   443.947   2341.68   2425.58  0.689302   15.1783   2.49734   2048.25   2344.34   2.72815   277.734     0.001   107.636   92.0964   89.5112   88.8986         0         0         0         0         0
    19300         0         1         0   187.948   356.401   469.322   38.1252   507.447   2341.68   2425.58  0.689452   14.9169   2.49734   2048.25   2344.34    2.7283   275.681     0.001   107.636   92.0964   89.5112   88.8986         0         0         0         0         0
    19200         0         1         0   187.948   353.856   520.666   41.7571   562.423   2341.68   2425.58  0.689602   14.5704   2.49734   2048.25   2344.34   2.72845   273.656     0.001   107.636   92.0964   89.5112   88.8986         0         0         0         0         0
    19100         0         1         0   187.948   353.032   570.434    44.899   615.333   2341.68   2425.58  0.689752   14.1716   2.49734   2048.25   2344.34   2.72859   272.757     0.001   107.636   92.0964   89.5112   88.8986         0         0         0         0         0
    19000         0         1         0   187.948   353.243   619.491   48.8509   668.342   2341.68   2425.58  0.689901   13.8067   2.49734   2048.25   2344.34   2.72874   272.733     0.001   107.636   92.0964   89.5112   88.8986         0         0         0         0         0
    18900         0         1         0   187.948   351.625   667.466   53.6128   721.079   2341.68   2425.58  0.690051   13.4738   2.49734   2048.25   2344.34   2.72889   271.574     0.001   107.636   92.0964   89.5112   88.8986         0         0         0         0         0
    18800         0         1         0   187.948   348.984   726.723   55.6346   782.357   2341.68   2425.58  0.690201   13.0782   2.49734   2048.25   2344.34   2.72904   269.522     0.001   107.636   92.0964   89.5112   88.8986         0         0         0         0         0
    18700      0.02         0      0.02   187.954   347.172   797.531   58.9504   856.481   2341.68   2425.58   0.69035   12.6065   2.49734   2048.35   2344.34   2.72993   267.768     0.001   107.636   92.0964   89.5112   88.8986         0         0         0         0         0
    18600         0         1         2    188.51   345.036   882.304   64.3403   946.645    2341.7   2425.58  0.690417   12.0877   2.49734   2048.89   2344.34   2.74049    265.35     0.001   107.634   92.0949   89.5092   88.8981         0         0         0         0         0
    18500      0.02         0      2.02   188.302   344.095    974.15   64.5219   1038.67   2341.74   2425.58  0.690501   11.5564   2.49734   2048.73   2344.34   2.73207   265.222     0.001   107.626   92.0887   89.5033   88.8955         0         0         0         0         0
    18400      0.02         0      4.02    188.78   342.113   1033.39   65.6316   1099.02   2341.79   2425.58  0.690505   11.0027   2.49734   2049.28   2344.34    2.7428   262.735     0.001   107.615     92.08   89.4958   88.8909         0         0         0         0         0
    18300      0.01         0      6.01   189.084   338.754   1080.36   66.6959   1147.06   2341.86   2425.58  0.690474   10.3959   2.49734   2049.56   2344.34   2.74426   260.359     0.001   107.597   92.0659   89.4833   88.8831         0         0         0         0         0
    18200         0         1         7    189.04   334.717   1155.95   67.7157   1223.66   2341.94   2425.58  0.690443    9.6688   2.49734   2049.45   2344.35    2.7397   257.742     0.001   107.573   92.0488    89.467   88.8716         0         0         0         0         0
    18100         0         1         7   188.791   331.516   1255.19   69.0129    1324.2      2342   2425.58  0.690463   8.81694   2.49734   2049.17   2344.35   2.73447    255.45     0.001   107.547   92.0354   89.4507   88.8572         0         0         0         0         0
    18000         0         1         7   188.671   328.368   1349.68   69.6302   1419.31   2342.04   2425.58  0.690541   7.87946   2.49734   2049.04   2344.35    2.7341   252.785     0.001   107.526   92.0265   89.4368   88.8421         0         0         0         0         0
    17900         0         1         7   188.598   327.582   1436.64   70.5018   1507.14   2342.06   2425.58   0.69067   6.90477   2.49734   2048.96   2344.35   2.73404   251.702     0.001   107.509   92.0211   89.4251   88.8276         0         0         0         0         0
    17800         0         1         7   188.547   328.249   1521.53   72.2848   1593.82   2342.08   2425.58   0.69083   6.00981   2.49734   2048.91   2344.35   2.73404   251.856     0.001   107.496    92.018   89.4151   88.8146         0         0         0         0         0
    17700      0.02         0      7.02   188.513   326.463   1605.86   73.4922   1679.35   2342.09   2425.58  0.691006   5.19277   2.49734   2048.97   2344.35   2.73479   250.332     0.001   107.487   92.0162   89.4068   88.8031         0         0         0         0         0
    17600      0.03         0      9.03   189.045   322.592   1679.95   78.1722   1758.12   2342.12   2425.58  0.691109   4.30703   2.49734   2049.62   2344.36   2.74631   246.359     0.001   107.478   92.0141   89.3978   88.7928         0         0         0         0         0
    17500      0.03         0     12.03   189.647   322.035   1738.63     81.91   1820.54   2342.19   2425.59   0.69111   3.36217   2.49734   2050.29   2344.37   2.75368   245.088     0.001   107.462    92.007   89.3832   88.7812         0         0         0         0         0
    17400      0.03         0     15.03   192.888   354.057   1760.08   83.0153    1843.1   2336.67    2425.9  0.731245   1.68954   2.44051   2090.99   2389.43   2.67293   291.188     0.001   107.611   92.0822   89.3717   88.7292         0         0         0         0         0
    17300      0.03         0     18.03   194.128   363.554   1781.17   84.4202   1865.59   2332.74   2427.09   0.76418   1.48036   2.39082   2100.53    2399.4   2.65471   299.591     0.001   107.634   92.1736   89.4967   88.8669         0         0         0         0         0
    17200      0.04         0     21.04   194.931   369.174   1794.93   86.5746    1881.5   2329.71   2428.54  0.792771    1.6724   2.34741   2105.53   2404.39   2.64682    304.36     0.001   107.526    92.276   89.7068   89.1412         0         0         0         0         0
    17100      0.05         0     25.05   195.978   372.212   1799.99   89.2267   1889.21   2327.31   2430.05  0.817835   2.01788    2.3095    2109.8   2408.14   2.64746   306.425     0.001   107.332   92.4067   89.9922    89.512         0         0         0         0         0
    17000      0.08         0     30.08     197.3   373.569   1800.82   94.0268   1894.84   2325.42   2431.56  0.839848   2.38914   2.27638   2113.88   2411.23   2.65056   306.981     0.001   107.094   92.5806   90.3447   89.9522         0         0         0         0         0
    16900      0.06         0     38.06   199.451   368.157   1809.19   98.2008   1907.39   2323.98   2433.03  0.859197   2.61959   2.24743   2118.21   2413.81   2.66575   301.821     0.001   106.839   92.8157   90.7481   90.4416         0         0         0         0         0
    16800      0.04         0     44.04   200.742    360.24   1818.28   102.649   1920.93   2322.92   2434.45  0.876181   2.46015    2.2221   2121.19   2415.96   2.65152   296.998     0.001   106.583   93.1139   91.1864   90.9622         0         0         0         0         0
    16700      0.04         0     48.04   201.579   351.604   1825.41    108.96   1934.37   2322.13   2435.81  0.890836   1.84776   2.19994    2123.5   2417.76   2.63483   291.024     0.001   106.351   93.4569   91.6615   91.5035         0         0         0         0         0
    16600      0.06         0     52.06   202.719   341.486   1834.95   119.391   1954.34   2321.55   2437.11  0.903421  0.791323   2.18051   2125.99   2419.26   2.63043   282.505     0.001   106.162   93.8512   92.1701   92.0324         0         0         0         0         0
    16500      0.07         0     58.07   204.608   341.516   1840.59   123.136   1963.73   2321.18   2438.34  0.914312 -0.534497   2.16347   2129.01   2420.52   2.63966   280.338     0.001   106.019   94.2876   92.6873   92.5133         0         0         0         0         0
    16400       0.1         0      65.1   206.693   348.945   1848.85   130.411   1979.26      2321   2439.48  0.923818  -1.51581    2.1485    2132.1   2421.57   2.64575   285.504     0.001   105.916   94.7495   93.2088    93.023         0         0         0         0         0
    16300      0.11         0     75.11    209.54   352.264   1865.41   133.388    1998.8   2321.03   2440.56   0.93213  -2.01177   2.13534    2135.7   2422.44   2.66381    287.43     0.001   105.841   95.2121     93.73   93.5448         0         0         0         0         0
    16200      0.11         0     86.11   212.333   354.147   1885.64   140.499   2026.14   2321.26   2441.58  0.939444  -2.27133   2.12376   2139.02   2423.18    2.6712   289.058     0.001   105.781   95.6362   94.2354   94.0643         0         0         0         0         0
    16100      0.11         0     97.11   214.879   344.408   1900.91   149.358   2050.27   2321.66   2442.55  0.945761  -2.55828   2.11354   2141.96   2423.79   2.67187   282.511     0.001   105.728   96.0602   94.7172   94.5692         0         0         0         0         0
    16000       0.1         0     108.1   217.311   326.585   1904.73    155.75   2060.48   2322.18   2443.47  0.951121  -3.50126   2.10453   2144.63   2424.32   2.67118   268.488     0.001   105.679   96.4859   95.1791   95.0526         0         0         0         0         0
    15900       0.1         0     118.1   219.388   317.463   1906.58   160.215    2066.8   2322.78   2444.34  0.955589  -5.14857   2.09656   2146.92   2424.76   2.66453   260.611     0.001   105.638   96.9108   95.6218   95.4768         0         0         0         0         0
    15800      0.11         0    128.11   221.541   313.393   1907.23   161.034   2068.27   2323.44   2445.14  0.959233  -6.93998    2.0895   2149.24   2425.15    2.6631   256.989     0.001   105.607   97.3354   96.0337   95.8202         0         0         0         0         0
    15700       0.1         0     139.1   224.017   310.211   1907.75   161.541   2069.29   2324.15   2445.89   0.96223   -8.6793   2.08323   2151.72   2425.48   2.66693    254.03     0.001   105.586   97.7521   96.4233   96.1642         0         0         0         0         0
    15600       0.1         0     149.1     226.1   308.653   1909.44   164.882   2074.32    2324.9   2446.58  0.964661   -10.308   2.07766   2153.81   2425.77   2.66025   253.268     0.001   105.572   98.1542   96.7963   96.5009         0         0         0         0         0
    15500       0.1         0     159.1   228.244   306.178   1910.68   169.596   2080.27   2325.68   2447.24  0.966522  -11.8066   2.07269   2155.91   2426.03   2.65796   251.439     0.001   105.565   98.5448   97.1572   96.8264         0         0         0         0         0
    15400       0.1         0     169.1   230.412   303.288   1916.32   176.003   2092.33   2326.48   2447.86  0.967919  -13.2402   2.06825      2158   2426.27   2.65578   249.192     0.001   105.566   98.9049   97.5046   97.1391         0         0         0         0         0
    15300      0.12         0    179.12   232.598   302.032   1929.68   181.284   2110.96   2327.31   2448.45  0.968913  -14.6018   2.06427   2160.14    2426.5   2.65433    248.01     0.001   105.572   99.2233    97.833   97.4367         0         0         0         0         0
    15200      0.14         0    191.14   235.403   301.193   1942.98   188.613   2131.59   2328.17   2449.01  0.969628  -15.8298   2.06068   2162.78   2426.73   2.66405    246.44     0.001    105.58   99.5348   98.1393   97.7169         0         0         0         0         0
    15100      0.19         0    205.19   238.629   306.368      1964   198.469   2162.47    2329.1   2449.56  0.970218  -16.8115   2.05744   2165.83   2426.97   2.67639   249.365     0.001    105.58   99.8342   98.4151   97.9756         0         0         0         0         0
    15000      0.23         0    224.23   243.098   314.631   1996.58   212.264   2208.84   2330.14   2450.07  0.970842  -17.2683   2.05449   2169.82   2427.22   2.70512   254.241     0.001   105.559   100.101   98.6489   98.2066         0         0         0         0         0
    14900      0.22         0    247.22   248.135   320.054   2037.09   231.752   2268.84   2331.32   2450.57  0.971644  -17.1819    2.0518   2174.02   2427.48   2.72818   258.354     0.001   105.498    100.31   98.8234   98.3999         0         0         0         0         0
    14800      0.18         0    269.18   252.126   325.457   2087.49   254.599   2342.09   2332.61   2451.05  0.972372  -16.7316   2.04932   2177.23   2427.76   2.72361   264.596     0.001   105.385   100.448   98.9367   98.5456         0         0         0         0         0
    14700      0.13         0    287.13   254.541   316.934   2131.42   280.146   2411.57   2333.93   2451.52  0.972595  -16.2079   2.04703   2179.18   2428.07    2.7003   261.356     0.001    105.23   100.532   99.0084   98.6428         0         0         0         0         0
    14600       0.1         0     300.1   243.817   250.418    2136.8   288.123   2424.92   2341.08   2451.87  0.923038  -17.5483   2.10852   2135.64   2386.72   2.81557   189.927     0.001   117.974   97.4086   96.4631   98.2452         0         0         0         0         0
    14500      0.08         0    310.08   239.315   225.508   2145.84   288.156      2434   2346.87   2451.57   0.88145  -22.8502   2.16764   2127.29   2381.19   2.82301   166.749     0.001   125.345   93.5253   93.8712   96.9394         0         0         0         0         0
    14400      0.08         0    318.08   238.097   211.033   2160.41   291.413   2451.82   2352.13   2451.12  0.841224  -28.9354   2.22428   2122.59    2376.8   2.81987   153.804     0.001   129.483   91.1303   92.5289   95.3672         0         0         0         0         0
    14300       0.1         0     326.1   238.672   198.046   2176.65    291.89   2468.54   2357.03   2450.54  0.801703  -34.7294   2.27761   2119.54   2372.57   2.82559   142.539     0.001   131.824   90.0677    91.972   94.0874         0         0         0         0         0
    14200       0.1         0     336.1   240.511   186.111   2199.39   293.849   2493.24   2361.58   2449.82  0.763595   -39.986   2.32682   2117.62   2368.53   2.84059   131.973     0.001   133.039   89.7745   91.8508   93.0179         0         0         0         0         0
    14100      0.11         0    346.11    242.35   179.882   2222.38   297.865   2520.25   2365.76   2448.96  0.727629   -44.575   2.37142   2115.93   2364.78   2.84819   126.405     0.001   133.512   89.8927   91.8275   92.1568         0         0         0         0         0
    14000      0.12         0    357.12    244.45   176.755   2254.73    305.33   2560.06   2369.53   2447.97  0.694264  -48.3585   2.41127   2114.68   2361.31   2.85958   123.309     0.001   133.494   90.1814   91.8005   91.5649         0         0         0         0         0
    13900      0.11         0    369.11    246.68   171.362   2292.68   311.441   2604.12   2372.92   2446.91  0.663776  -51.4498   2.44648   2113.67   2358.12    2.8702   119.038     0.001   133.135   90.4934   91.7525   91.0957         0         0         0         0         0
    13800      0.11         0    380.11   248.399   165.435   2321.94   321.324   2643.27   2375.92   2445.78  0.636192  -54.1282   2.47735   2112.49   2355.18   2.87223   114.701     0.001   132.564   90.7499   91.6547   90.6472         0         0         0         0         0
    13700      0.12         0    391.12   250.121   160.912   2367.35   330.095   2697.45   2378.53   2444.59  0.611412  -56.5206   2.50423   2111.52   2352.47   2.87789   110.917     0.001    131.88   90.9188   91.4776    90.203         0         0         0         0         0
    13600       0.1         0     403.1   252.116    156.99   2406.03   341.007   2747.04   2380.79   2443.35  0.589309  -58.6575   2.52752   2110.83   2349.95   2.88654   107.623     0.001   131.124   90.9872   91.2201   89.7464         0         0         0         0         0
    13500      0.08         0    413.08   253.363   160.372    2444.9    358.54   2803.44   2382.72   2442.06  0.569665   -60.458   2.54763   2109.69   2347.58   2.88235   110.566     0.001   130.344   90.9547    90.894   89.2682         0         0         0         0         0
    13400      0.07         0    421.07   254.161   168.045   2481.95   373.661   2855.61   2384.31   2440.73  0.552223  -61.6371   2.56494   2108.35   2345.35   2.87697   117.181     0.001   129.603   90.8387   90.5191   88.7674         0         0         0         0         0
    13300      0.08         0    428.08    254.95   165.342   2519.34   391.751    2911.1    2385.6   2439.38  0.536809  -62.3537   2.57981   2107.15   2343.23   2.87604    116.15     0.001   128.919   90.6604   90.1235   88.3453         0         0         0         0         0
    13200      0.11         0    436.11   259.723   185.849   2539.84   411.559    2951.4    2379.2   2438.07  0.584267  -63.1168   2.51853   2145.79   2384.33   2.77393   146.082     0.001   122.118   90.3564   89.5276   87.8417         0         0         0         0         0
    13100      0.14         0    447.14   263.961   190.874   2555.92   439.655   2995.58   2374.18    2437.6  0.625344  -62.8681   2.46235   2156.39   2393.12    2.7613   149.918     0.001   116.869   90.2513   89.1396   87.4963         0         0         0         0         0
    13000      0.16         0    461.16   268.315   194.737   2582.06   469.484   3051.54   2370.09   2437.44  0.661934  -62.2926   2.41206   2162.66   2396.82   2.76468   152.941     0.001   112.781   90.3858   88.9792   87.3085         0         0         0         0         0
    12900      0.17         0    477.17    272.43   198.897   2595.18   503.206   3098.38   2366.76   2437.42  0.694468   -61.588   2.36761   2167.57   2399.23   2.76775   156.441     0.001   109.603    90.654   88.9509   87.2574         0         0         0         0         0
    12800      0.18         0    494.18   276.029   203.294   2602.02   538.353   3140.38   2364.08   2437.49  0.723305  -60.8094   2.32854   2171.62   2401.08   2.76845   160.466     0.001   107.095   90.9544   88.9816   87.3065         0         0         0         0         0
    12700      0.17         0    512.17   279.463   203.656   2616.09   575.214   3191.31   2361.95   2437.65  0.748878  -60.0739   2.29425   2175.21   2402.63    2.7683   161.394     0.001   105.045    91.237   89.0443   87.4187         0         0         0         0         0
    12600      0.16         0    529.16   282.368   201.678   2650.21   612.432   3262.64   2360.28   2437.88  0.771367  -59.6074   2.26412   2178.27      2404   2.75765   160.707     0.001   103.385   91.5151   89.1555   87.5731         0         0         0         0         0
    12500      0.15         0    545.15   284.919   200.467   2682.87   650.363   3333.24   2359.01   2438.18  0.790977  -59.4557   2.23761   2180.99   2405.26   2.74571   160.342     0.001   102.043   91.7608   89.3051   87.7584         0         0         0         0         0
    12400      0.14         0    560.14    287.21   199.661   2718.44   691.473   3409.91   2358.05   2438.54  0.808033   -59.527   2.21421   2183.47   2406.47   2.73333   160.337     0.001   100.985   91.9754   89.4803   87.9655         0         0         0         0         0
    12300      0.13         0    574.13   289.295   197.755   2743.62   733.982    3477.6   2357.36   2438.96  0.822846  -59.8004   2.19352   2185.78   2407.64   2.72071   159.399     0.001   100.144   92.1742   89.6742    88.187         0         0         0         0         0
    12200      0.12         0    587.12   291.209   195.022   2754.74   775.888   3530.63   2356.88   2439.43  0.835691  -60.3092   2.17518   2187.95   2408.78   2.70788    157.63     0.001   99.4652   92.3809   89.8836   88.4176         0         0         0         0         0
    12100       0.1         0     599.1   292.971   193.938    2757.1   816.417   3573.52   2356.59   2439.95  0.846799  -61.0151   2.15889   2189.98   2409.91   2.69438   157.133     0.001   98.9227   92.5988    90.103   88.6179         0         0         0         0         0
    12000      0.09         0    609.09   294.278   194.302   2763.88   860.598   3624.48   2356.43   2440.48  0.856315  -61.7762    2.1444   2191.73   2411.02   2.67646   158.208     0.001   98.5121    92.832   90.3242   88.7903         0         0         0         0         0
    11900      0.08         0    618.08   295.571   195.574   2775.86   901.615   3677.48   2356.38   2441.05  0.864407  -62.5181   2.13148   2193.45   2412.11   2.66238   159.707     0.001    98.214   93.0877   90.5581   88.9818         0         0         0         0         0
    11800      0.08         0    626.08   296.813   197.632   2794.39   943.387   3737.78   2356.42   2441.63  0.871278  -63.1782   2.11996   2195.13   2413.18   2.64895   161.854     0.001   98.0084   93.3697   90.8135   89.1943         0         0         0         0         0
    11700      0.08         0    634.08   298.317   206.826   2825.47   985.123   3810.59   2356.55   2442.24  0.877119  -63.5987   2.10967   2196.96   2414.23    2.6401   169.412     0.001    97.879   93.6789   91.0897   89.4252         0         0         0         0         0
    11600      0.08         0    642.08   283.318   182.394   2838.74   1011.08   3849.82   2362.72   2442.75  0.830174  -63.9342   2.16458   2152.92   2374.03   2.81967    133.51     0.001   107.631   91.0417   88.9878   89.3915         0         0         0         0         0
    11500      0.08         0    650.08   277.399   165.857   2845.17   1022.71   3867.88   2367.68   2442.79  0.792976  -66.4497   2.21768   2145.25   2369.59   2.84823   118.667     0.001   113.578   87.5748   86.6852   88.4951         0         0         0         0         0
    11400      0.07         0    658.07   275.994   143.081   2849.04   1030.75   3879.79   2372.27   2442.79  0.757355  -70.1628   2.26874   2141.36   2366.18    2.8551   99.4042     0.001    116.98   85.4285   85.5691   87.4351         0         0         0         0         0
    11300      0.07         0    665.07   276.156    132.71   2858.44   1041.43   3899.87   2376.63   2442.74  0.722148  -74.3985   2.31693   2138.63   2362.87   2.85591   89.7291     0.001   118.999   84.5929   85.2575   86.4381         0         0         0         0         0
    11200      0.06         0    672.06   277.147   129.174    2871.9   1053.73   3925.63   2380.72   2442.57  0.687904  -78.2243   2.36143   2136.59   2359.75   2.85956   86.3055     0.001   120.136   84.4929   85.2966   85.6498         0         0         0         0         0
    11100      0.06         0    678.06   278.132   122.307   2904.79   1066.96   3971.75   2384.49   2442.28  0.655381  -81.4771   2.40176   2134.77   2356.88   2.85962   81.1321     0.001    120.71   84.7831   85.4033   85.1151         0         0         0         0         0
    11000      0.05         0    684.05   279.321   113.393      2946   1081.48   4027.48   2387.91   2441.92  0.625145  -84.4625   2.43776   2133.28   2354.26    2.8626   73.8637     0.001   120.925   85.2377   85.5269   84.7741         0         0         0         0         0
    10900      0.05         0    689.05   280.267    108.55   2977.32   1094.15   4071.46   2390.96   2441.47  0.597503  -87.2439   2.46954   2131.85   2351.88   2.86195   69.7309     0.001   120.911   85.5833    85.647   84.4939         0         0         0         0         0
    10800      0.05         0    694.05   281.341   105.758   2996.64   1109.94   4106.58   2393.63   2440.94  0.572547  -89.6947   2.49736   2130.68   2349.71   2.86469   67.2082     0.001   120.754   85.9088    85.726   84.2532         0         0         0         0         0
    10700      0.04         0    699.04   282.456    101.97   3017.33   1126.17    4143.5   2395.95   2440.34  0.550253  -91.8593   2.52155   2129.67   2347.72   2.86703   64.1426     0.001   120.499   86.2055   85.7528   84.0314         0         0         0         0         0
    10600      0.04         0    703.04   283.262   97.9353   3041.81   1142.53   4184.34   2397.94   2439.67  0.530459    -93.87   2.54248    2128.6   2345.88    2.8657   60.9766     0.001    120.19   86.4486   85.7291   83.8139         0         0         0         0         0
    10500      0.03         0    707.03   284.165   95.4018   3066.37    1159.2   4225.56   2399.62   2438.96  0.512979  -95.7686   2.56052   2127.69   2344.17   2.86732   58.6941     0.001   119.856   86.6316    85.662   83.5924         0         0         0         0         0
    10400      0.03         0    710.03    284.79   94.1008   3091.16   1177.79   4268.95   2401.02    2438.2  0.497608   -97.504   2.57602   2126.71   2342.58   2.86553   57.6835     0.001   119.515    86.755   85.5574   83.3629         0         0         0         0         0
    10300      0.03         0    713.03   285.532   93.1668   3109.19   1198.42   4307.61   2402.16    2437.4  0.484133  -99.0793   2.58932   2125.89   2341.08   2.86723   56.7395     0.001   119.178   86.8252   85.4238   83.1244         0         0         0         0         0
    10200      0.03         0    716.03   286.319   92.0964   3127.97   1219.04   4347.01   2403.08   2436.57  0.472364  -100.514   2.60071   2125.17   2339.67   2.86911   55.7807     0.001   118.841   86.8476   85.2903   82.8808         0         0         0         0         0
    10100      0.02         0    719.02   287.113   89.9511   3162.83   1242.45   4405.28   2403.81   2435.72  0.462093  -101.882   2.61045    2124.5   2338.34   2.87053   54.0015     0.001   118.504   86.8283   85.1551   82.6392         0         0         0         0         0
    10000      0.02         0    721.02   287.588   87.7188   3190.81   1266.04   4456.85   2404.38   2434.86  0.453114  -103.234   2.61877   2123.72   2337.08   2.86837   52.3092     0.001   118.178   86.7748   85.0138   82.4013         0         0         0         0         0
     9900      0.02         0    723.02   288.162   85.1505    3207.8    1289.9    4497.7    2404.8   2433.99  0.445268  -104.596   2.62587   2123.05    2335.9   2.86967   50.0701     0.001   117.872    86.696   84.8683    82.185         0         0         0         0         0
     9800      0.01         0    725.01   288.771   82.4267   3225.74   1314.93   4540.67   2405.11   2433.15  0.438441  -105.985   2.63194   2122.44   2334.77   2.87069    47.762     0.001   117.578   86.5968   84.7148   82.0402         0         0         0         0         0
     9700      0.01         0    726.01   289.076   79.8349   3236.17   1340.82   4576.98   2405.33   2432.34  0.432486  -107.402   2.63712   2121.72   2333.71    2.8682   45.7238     0.001   117.301   86.4817   84.5647   81.9155         0         0         0         0         0
     9600      0.01         0    727.01   289.491   76.9896   3245.76   1367.68   4613.43   2405.47   2431.56  0.427286  -108.853   2.64155   2121.11   2332.71   2.86917   43.2143     0.001   117.047   86.3573   84.4146   81.7671         0         0         0         0         0
     9500         0         1       728   289.947   74.0431   3259.52   1395.55   4655.07   2405.54   2430.79   0.42276  -110.347   2.64532   2120.55   2331.76   2.86987   40.6792     0.001   116.805   86.2261   84.2585   81.6029         0         0         0         0         0
     9400         0         1       728   290.105   72.0752   3289.71   1420.45   4710.17   2405.53   2430.04  0.418792  -111.864   2.64855   2119.86   2330.85    2.8671   39.0512     0.001   116.581   86.0899   84.0965   81.4285         0         0         0         0         0
     9300         0         1       728   290.381   70.3826   3318.89   1447.03   4765.92   2405.47    2429.3  0.415308  -113.363   2.65131   2119.28   2329.97    2.8678   37.4339     0.001   116.378   85.9529   83.9323   81.2484         0         0         0         0         0
     9200         0         1       728    290.71   68.8889   3346.83   1474.04   4820.88   2405.35   2428.57  0.412263  -114.835   2.65367   2118.75   2329.12   2.86873   35.9932     0.001   116.179   85.8154   83.7664   81.0658         0         0         0         0         0
     9100         0         1       728   291.065   67.5287   3366.56   1503.11   4869.67   2405.19   2427.84  0.409592  -116.275    2.6557   2118.25   2328.29   2.86972   34.6722     0.001   115.979   85.6764   83.5984   80.8823         0         0         0         0         0
     9000         0         1       728   291.432   66.2767   3384.03   1535.24   4919.27   2404.99   2427.11  0.407235   -117.68   2.65743   2117.77   2327.48   2.87072   33.4488     0.001   115.776   85.5349   83.4283   80.6986         0         0         0         0         0
     8900         0         1       728   291.806   65.1321   3412.06    1566.4   4978.46   2404.77   2426.38  0.405143   -119.05   2.65891    2117.3   2326.68   2.87172   32.3204     0.001   115.573   85.3948   83.2564   80.5152         0         0         0         0         0
     8800         0         1       728   292.182   64.0734   3428.47   1598.05   5026.52   2404.51   2425.65  0.403275  -120.383   2.66018   2116.85   2325.88   2.87273   31.2711     0.001   115.368   85.2859   83.0835   80.3322         0         0         0         0         0
     8700         0         1       728   292.556   63.0868   3437.27   1630.21   5067.48   2404.24   2424.92  0.401597   -121.68   2.66128    2116.4    2325.1   2.87373   30.2884     0.001   115.163   85.1939   82.9109   80.1501         0         0         0         0         0
     8600         0         1       728   292.927   62.1657   3440.77   1662.59   5103.35   2403.94   2424.19  0.400083  -122.939   2.66222   2115.96   2324.33   2.87472   29.3665     0.001    114.96   85.1077   82.7394   79.9692         0         0         0         0         0
     8500         0         1       728   293.292    61.303   3450.37   1695.18   5145.54   2403.63   2423.46  0.398708   -124.16   2.66302   2115.53   2323.58    2.8757   28.4993     0.001   114.758   85.0222   82.5693   79.7901         0         0         0         0         0
     8400         0         1       728   293.652   60.9245   3456.41   1727.53   5183.94   2403.31   2422.74  0.397453  -125.335   2.66372    2115.1   2322.83   2.87666   28.0065     0.001   114.559   84.9353   82.4005   79.6128         0         0         0         0         0
     8300         0         1       728   294.008   60.8649   3473.81   1763.24   5237.04   2402.97   2422.01  0.396301  -126.442   2.66431   2114.68    2322.1   2.87761   27.8058     0.001   114.367    84.846    82.236   79.4377         0         0         0         0         0
     8200      0.01         0    728.01   294.361   61.0128   3486.73   1798.72   5285.46   2402.63   2421.29  0.395239  -127.472   2.66483   2114.29   2321.38   2.87902   27.7272     0.001   114.187   84.7548   82.0945   79.2686         0         0         0         0         0
     8100         0         1       729   295.018   61.0945   3502.98   1834.29   5337.27   2402.29   2420.58  0.394275  -128.428   2.66527   2114.06   2320.68   2.88339   27.5093     0.001   114.006   84.6612   81.9672   79.1313         0         0         0         0         0
     8000         0         1       729   295.235   61.7303    3511.1    1869.8   5380.91   2401.96    2419.9   0.39338  -129.298   2.66565   2113.61   2320.01   2.88084   28.1686     0.001   113.826   84.5553    81.856   79.0414         0         0         0         0         0
     7900         0         1       729   295.497   62.4365   3528.39    1905.3   5433.69   2401.64   2419.26  0.392532  -130.076   2.66598   2113.21   2319.37   2.88145   28.6499     0.001   113.663   84.4409   81.7611   78.9751         0         0         0         0         0
     7800         0         1       729   295.772   63.2992   3543.38   1941.37   5484.75   2401.33   2418.65  0.391758  -130.762   2.66627   2112.85   2318.76    2.8822   29.2796     0.001    113.51   84.3235   81.6768    78.914         0         0         0         0         0
     7700         0         1       729   296.049   64.3081   3556.13   1977.02   5533.15   2401.03   2418.07  0.391052  -131.355   2.66651   2112.52   2318.19   2.88295   30.0445     0.001   113.367   84.2057   81.5949   78.8425         0         0         0         0         0
     7600         0         1       729    296.32   65.4752   3571.04   2013.24   5584.28   2400.74   2417.53  0.390402  -131.855   2.66673   2112.21   2317.65   2.88368   30.9561     0.001   113.229   84.0888   81.5117   78.7643         0         0         0         0         0
     7500         0         1       729   296.586   66.7722   3591.33      2050   5641.33   2400.46      2417  0.389803  -132.259   2.66691   2111.92   2317.13    2.8844    31.991     0.001   113.098   83.9735   81.4266   78.6818         0         0         0         0         0
     7400         0         1       729   296.845   67.1475   3614.89    2087.3   5702.19   2400.19   2416.48  0.389245  -132.589   2.66707   2111.64   2316.62   2.88509   32.3551     0.001   112.971   83.8598   81.3397   78.5961         0         0         0         0         0
     7300         0         1       729   297.098   66.9852   3639.84   2123.12   5762.96   2399.92   2415.99  0.388724    -132.9   2.66721   2111.36   2316.13   2.88576   32.2353     0.001   112.848   83.7478   81.2497   78.5081         0         0         0         0         0
     7200         0         1       729   297.346   66.5563   3668.49   2157.47   5825.96   2399.65    2415.5  0.388235  -133.214   2.66733   2111.09   2315.65   2.88642   31.8875     0.001   112.728   83.6376   81.1552   78.4175         0         0         0         0         0
     7100         0         1       729   297.589    65.948   3697.84   2192.76    5890.6   2399.39   2415.03  0.387772   -133.54   2.66743   2110.83   2315.18   2.88707   31.3845     0.001   112.611   83.5288   81.0583   78.3244         0         0         0         0         0
     7000         0         1       729   297.828   65.2073   3719.53   2232.98   5952.52   2399.14   2414.56  0.387333  -133.884   2.66752   2110.57   2314.71    2.8877   30.7652     0.001   112.497   83.4214     80.96   78.2294         0         0         0         0         0
     6900         0         1       729   298.064   64.3752   3741.22   2272.95   6014.16   2398.88   2414.09  0.386913  -134.246   2.66759   2110.31   2314.26   2.88833   30.0634     0.001   112.386   83.3152   80.8609   78.1329         0         0         0         0         0
     6800         0         1       729   298.296   63.4705   3761.09   2308.34   6069.43   2398.63   2413.64  0.386511  -134.629   2.66766   2110.05    2313.8   2.88895   29.2958     0.001   112.276   83.2104   80.7613   78.0354         0         0         0         0         0
     6700         0         1       729   298.525   62.5166   3780.51   2344.77   6125.27   2398.38   2413.18  0.386124  -135.032   2.66772    2109.8   2313.36   2.88956   28.4805     0.001   112.168   83.1067   80.6617   77.9372         0         0         0         0         0
     6600         0         1       729   298.752   61.5417   3800.61   2384.12   6184.73   2398.13   2412.73   0.38575  -135.454   2.66777   2109.55   2312.91   2.89017   27.6429     0.001   112.062   83.0042   80.5621   77.8386         0         0         0         0         0
     6500         0         1       729   298.976   60.5352   3817.83      2422   6239.83   2397.88   2412.29  0.385388  -135.895   2.66781    2109.3   2312.47   2.89077   26.7748     0.001   111.957   82.9028   80.4627   77.7399         0         0         0         0         0
     6400         0         1       729   299.198   59.8064   3834.47      2460   6294.47   2397.63   2411.84  0.385036  -136.349   2.66785   2109.05   2312.04   2.89136     26.11     0.001   111.853   82.8025   80.3637   77.6413         0         0         0         0         0
     6300         0         1       729   299.418   59.2416   3851.91   2496.46   6348.37   2397.38    2411.4  0.384693  -136.799   2.66788    2108.8    2311.6   2.89195   25.5928     0.001   111.751   82.7033   80.2652   77.5428         0         0         0         0         0
     6200         0         1       729   299.636   58.7697   3877.33    2532.3   6409.63   2397.14   2410.97  0.384358  -137.239   2.66791   2108.56   2311.18   2.89253   25.1538     0.001   111.649    82.605   80.1672   77.4447         0         0         0         0         0
     6100         0         1       729   299.852   58.3807    3903.6    2567.5    6471.1   2396.89   2410.53  0.384031  -137.666   2.66794   2108.32   2310.75   2.89311   24.7863     0.001   111.549   82.5077   80.0698   77.3471         0         0         0         0         0
     6000         0         1       729   300.066   58.0464   3918.96   2602.07   6521.03   2396.65    2410.1   0.38371  -138.078   2.66796   2108.08   2310.33   2.89368    24.467     0.001    111.45   82.4114    79.973   77.2499         0         0         0         0         0
     5900         0         1       729   300.278    57.755   3936.25   2638.65    6574.9   2396.41   2409.67  0.383395  -138.475   2.66798   2107.84   2309.91   2.89425    24.186     0.001   111.352   82.3161   79.8769   77.1533         0         0         0         0         0
     5800         0         1       729   300.488   57.4983   3959.79   2673.63   6633.42   2396.17   2409.25  0.383086  -138.855   2.66799    2107.6    2309.5   2.89481   23.9364     0.001   111.255   82.2288   79.7815   77.0574         0         0         0         0         0
     5700         0         1       729   300.696   57.2711   3973.56   2708.43   6681.99   2395.93   2408.83  0.382782   -139.22   2.66801   2107.36   2309.09   2.89536   23.7137     0.001   111.159   82.1577   79.6872   76.9621         0         0         0         0         0
     5600         0         1       729     300.9   57.0704   3985.63   2743.18   6728.81    2395.7   2408.41  0.382483   -139.57   2.66802   2107.13   2308.68   2.89591   23.5153     0.001   111.065   82.0946   79.5946   76.8678         0         0         0         0         0
     5500         0         1       729   301.099   56.8932   4007.65   2777.88   6785.53   2395.46   2407.99   0.38219  -139.904   2.66803    2106.9   2308.28   2.89645   23.3386     0.001   110.972   82.0355   79.5036   76.7746         0         0         0         0         0
     5400         0         1       729   301.294    56.018   4029.01   2812.75   6841.76   2395.23   2407.58  0.381902  -140.237   2.66804   2106.67   2307.89   2.89698    22.637     0.001   110.882   81.9781   79.4143   76.6827         0         0         0         0         0
     5300         0         1       729   301.484   54.7113   4042.82   2847.78    6890.6      2395   2407.17   0.38162  -140.607   2.66805   2106.45    2307.5    2.8975   21.5425     0.001   110.793   81.9213   79.3267   76.5921         0         0         0         0         0
     5200         0         1       729   301.671   53.1759   4068.94   2879.65   6948.59   2394.77   2406.77  0.381344  -141.029   2.66805   2106.23   2307.13   2.89801   20.2432     0.001   110.706   81.8646   79.2406    76.503         0         0         0         0         0
     5100         0         1       729   301.855   51.4948   4082.03   2912.31   6994.33   2394.55   2406.38  0.381073  -141.508   2.66806   2106.01   2306.76   2.89851   18.8108     0.001   110.621   81.8075     79.16   76.4158         0         0         0         0         0
     5000         0         1       729   302.034   49.6829    4088.8   2945.74   7034.54   2394.32   2405.99  0.380809  -142.046   2.66806    2105.8   2306.39     2.899    17.258     0.001   110.538   81.7502    79.085   76.3318         0         0         0         0         0
     4900         0         1       729    302.21   47.7901   4094.11   2977.95   7072.06   2394.11   2405.61  0.380551  -142.643   2.66807   2105.59   2306.04   2.89948   15.6242     0.001   110.457   81.6928   79.0133   76.2539         0         0         0         0         0
     4800         0         1       729   302.381   45.8192   4103.57   3009.58   7113.15   2393.89   2405.24  0.380302  -143.296   2.66807   2105.39   2305.69   2.89995   13.9158     0.001   110.378   81.6352   78.9476   76.1979         0         0         0         0         0
     4700         0         1       729   302.548   43.7871   4118.91   3040.63   7159.54   2393.69   2404.89  0.380064  -144.007   2.66808    2105.2   2305.36    2.9004    12.144     0.001     110.3   81.5777   78.8897   76.1562         0         0         0         0         0
     4600         0         1       729   302.709   41.7241   4125.36   3073.54    7198.9    2393.5   2404.55  0.379839  -144.771   2.66808   2105.02   2305.04   2.90084   10.3369     0.001   110.225   81.5206   78.8383   76.1224         0         0         0         0         0
     4500         0         1       729   302.865   39.6102   4129.97   3107.31   7237.28   2393.32   2404.24  0.379627  -145.588   2.66808   2104.84   2304.74   2.90127   8.47826     0.001   110.152   81.4639   78.7917   76.0934         0         0         0         0         0
     4400         0         1       729   303.016    37.818   4133.92   3139.22   7273.14   2393.15   2403.95  0.379427  -146.449   2.66808   2104.68   2304.45   2.90168   6.85054     0.001   110.082   81.4079   78.7485   76.0676         0         0         0         0         0
     4300         0         1       729    303.16   36.2078    4140.2   3170.88   7311.08   2392.98   2403.67  0.379239  -147.334   2.66808   2104.52   2304.18   2.90207   5.38413     0.001   110.014   81.3526    78.708    76.044         0         0         0         0         0
     4200         0         1       729   303.299   34.6879   4141.98   3201.98   7343.96   2392.83    2403.4  0.379062  -148.234   2.66809   2104.38   2303.92   2.90245   3.99071     0.001   109.949    81.298   78.6694   76.0221         0         0         0         0         0
     4100         0         1       729   303.433   33.2406   4144.26   3233.71   7377.98   2392.68   2403.16  0.378896  -149.146   2.66809   2104.24   2303.67   2.90282   2.65681     0.001   109.886   81.2442   78.6322   75.9991         0         0         0         0         0
     4000         0         1       729   303.562   31.8351      4147   3263.98   7410.97   2392.55   2402.92  0.378738  -150.067   2.66809   2104.11   2303.43   2.90317   1.35715     0.001   109.826   81.1911   78.5948   75.9708         0         0         0         0         0
     3900         0         1       729   303.687   30.4572   4152.55   3292.76   7445.32   2392.41   2402.69  0.378588  -150.996   2.66809   2103.98   2303.21   2.90351 0.0796699     0.001   109.767   81.1388   78.5562   75.9385         0         0         0         0         0
     3800         0         1       729   303.808   29.0971   4156.66   3323.12   7479.78   2392.28   2402.47  0.378445  -151.931   2.66809   2103.86   2302.99   2.90385  -1.18362     0.001   109.711    81.087   78.5164   75.9035         0         0         0         0         0
     3700         0         1       729   303.926   27.1819   4164.97   3353.72   7518.69   2392.16   2402.25  0.378307  -152.878   2.66809   2103.74   2302.77   2.90417  -2.83055     0.001   109.656   81.0357   78.4756   75.8663         0         0         0         0         0
     3600         0         1       729   304.041   23.7123   4170.93   3384.56   7555.49   2392.04   2402.04  0.378174  -153.907   2.66809   2103.62   2302.56   2.90449  -5.79625     0.001   109.603    80.985   78.4341   75.8276         0         0         0         0         0
     3500         0         1       729   304.154   19.5849   4176.17   3413.72   7589.89   2391.92   2401.83  0.378044  -155.073   2.66809    2103.5   2302.35   2.90481  -9.34525     0.001   109.551   80.9348    78.392   75.7878         0         0         0         0         0
     3400         0         1       729   304.265   15.2278   4177.55   3443.98   7621.53    2391.8   2401.62  0.377919  -156.391   2.66809   2103.39   2302.14   2.90512  -13.1357     0.001     109.5    80.885   78.3495    75.747         0         0         0         0         0
     3300         0         1       729   304.374   10.6442    4185.4      3474    7659.4   2391.68   2401.42  0.377796  -157.857   2.66809   2103.27   2301.94   2.90543  -17.1331     0.001   109.451   80.8357   78.3068   75.7056         0         0         0         0         0
     3200         0         1       729   304.482   6.39171   4191.89   3503.79   7695.68   2391.56   2401.22  0.377676  -159.465   2.66809   2103.16   2301.74   2.90573  -20.9586     0.001   109.402    80.787   78.2639   75.6638         0         0         0         0         0
     3100         0         1       729   304.588     3.478   4199.87   3533.72   7733.59   2391.45   2401.01  0.377559  -161.145    2.6681   2103.05   2301.54   2.90603  -23.6703     0.001   109.354   80.7387    78.221   75.6217         0         0         0         0         0
     3000         0         1       729   304.693   1.02797   4204.72   3563.82   7768.54   2391.33   2400.82  0.377444  -162.839    2.6681   2102.94   2301.35   2.90633  -25.9857     0.001   109.307    80.691   78.1781   75.5794         0         0         0         0         0
     2900         0         1       729   304.796  -1.10172   4209.07   3593.11   7802.19   2391.22   2400.62  0.377331  -164.526    2.6681   2102.83   2301.15   2.90662   -28.029     0.001    109.26   80.6438   78.1354    75.537         0         0         0         0         0
     2800         0         1       729   304.899  -3.00764      4213   3622.71   7835.71   2391.11   2400.42   0.37722  -166.196    2.6681   2102.72   2300.96   2.90691  -29.8782     0.001   109.214   80.5972   78.0927   75.4946         0         0         0         0         0
     2700         0         1       729   305.001  -4.92196   4223.87   3648.81   7872.68      2391   2400.23  0.377111  -167.843    2.6681   2102.61   2300.76    2.9072  -31.7037     0.001   109.168   80.5511   78.0503   75.4523         0         0         0         0         0
     2600         0         1       729   305.101  -7.18212   4243.88   3680.01    7923.9   2390.89   2400.03  0.377003  -169.487    2.6681    2102.5   2300.57   2.90749  -33.8177     0.001   109.123   80.5057   78.0081   75.4101         0         0         0         0         0
     2500         0         1       729   305.201  -9.54488   4251.51   3707.31   7958.82   2390.78   2399.84  0.376897  -171.143    2.6681   2102.39   2300.38   2.90777  -36.0211     0.001   109.079   80.4608   77.9662   75.3681         0         0         0         0         0
     2400         0         1       729     305.3  -11.9356   4257.15   3735.01   7992.16   2390.67   2399.65  0.376792  -172.815    2.6681   2102.28    2300.2   2.90805  -38.2538     0.001   109.035   80.4166   77.9246   75.3263         0         0         0         0         0
     2300         0         1       729   305.397  -14.3514   4264.77   3763.26   8028.03   2390.56   2399.46  0.376689  -174.504    2.6681   2102.18   2300.01   2.90833  -40.5085     0.001   108.991    80.373   77.8833   75.2847         0         0         0         0         0
     2200         0         1       729   305.494  -16.6348   4278.91   3792.06   8070.96   2390.45   2399.27  0.376587  -176.209    2.6681   2102.07   2299.83   2.90861  -42.6772     0.001   108.948     80.33   77.8424   75.2434         0         0         0         0         0
     2100         0         1       729    305.59  -18.5061    4285.9   3820.85   8106.75   2390.35   2399.08  0.376487  -177.911    2.6681   2101.97   2299.64   2.90889  -44.4982     0.001   108.905   80.2877   77.8018   75.2024         0         0         0         0         0
     2000         0         1       729   305.685   -20.212   4293.01   3849.63   8142.64   2390.24    2398.9  0.376388  -179.592    2.6681   2101.86   2299.46   2.90916  -46.1741     0.001   108.863    80.246   77.7616   75.1617         0         0         0         0         0
     1900         0         1       729   305.779  -21.7939   4300.93   3877.88   8178.81   2390.13   2398.71   0.37629  -181.248    2.6681   2101.76   2299.28   2.90943  -47.7408     0.001   108.821    80.205   77.7218   75.1213         0         0         0         0         0
     1800         0         1       729   305.873  -23.2801   4307.84   3906.08   8213.92   2390.03   2398.53  0.376193  -182.875    2.6681   2101.66    2299.1    2.9097  -49.2215     0.001    108.78   80.1646   77.6824   75.0814         0         0         0         0         0
     1700         0         1       729   305.965  -24.7834   4313.42   3933.42   8246.84   2389.93   2398.35  0.376098  -184.471    2.6681   2101.56   2298.93   2.90997   -50.697     0.001   108.739   80.1248   77.6434   75.0417         0         0         0         0         0
     1600         0         1       729   306.056  -26.4809   4321.79   3959.19   8280.98   2389.82   2398.17  0.376004  -186.048    2.6681   2101.46   2298.75   2.91023  -52.3324     0.001   108.698   80.0858   77.6049   75.0025         0         0         0         0         0
     1500         0         1       729   306.147  -28.2315   4330.57   3986.79   8317.37   2389.72   2397.99  0.375911  -187.614    2.6681   2101.36   2298.58   2.91049   -54.012     0.001   108.658   80.0473   77.5667   74.9636         0         0         0         0         0
     1400         0         1       729   306.236  -30.0203   4338.85   4016.08   8354.93   2389.62   2397.81   0.37582  -189.173    2.6681   2101.26   2298.41   2.91075  -55.7221     0.001   108.618   80.0095    77.529   74.9252         0         0         0         0         0
     1300         0         1       729   306.325  -31.8317    4350.9   4044.67   8395.57   2389.52   2397.64   0.37573  -190.726    2.6681   2101.16   2298.24   2.91101  -57.4509     0.001   108.579   79.9723   77.4918   74.8871         0         0         0         0         0
     1200         0         1       729   306.412  -33.3781   4374.71   4072.57   8447.28   2389.42   2397.46  0.375642  -192.272    2.6681   2101.06   2298.07   2.91127  -58.9969     0.001    108.54   79.9358    77.455   74.8495         0         0         0         0         0
     1100         0         1       729   306.499  -34.1646   4395.45   4099.86    8495.3   2389.32   2397.29  0.375554  -193.777    2.6681   2100.97   2297.91   2.91152  -59.8973     0.001   108.502   79.8998   77.4186   74.8123         0         0         0         0         0
     1000         0         1       729   306.584  -34.6291   4414.08   4126.67   8540.75   2389.23   2397.12  0.375468  -195.213    2.6681   2100.87   2297.74   2.91177  -60.5117     0.001   108.464   79.8645   77.3827   74.7756         0         0         0         0         0
      900         0         1       729   306.669  -34.7498   4433.13   4153.69   8586.82   2389.13   2396.95  0.375384  -196.569    2.6681   2100.78   2297.58   2.91202  -60.8317     0.001   108.426   79.8298   77.3473   74.7392         0         0         0         0         0
      800         0         1       729   306.752  -34.6127   4453.46   4177.13   8630.58   2389.04   2396.79  0.375301  -197.833    2.6681   2100.69   2297.42   2.91226  -60.9163     0.001   108.389   79.7956   77.3123   74.7033         0         0         0         0         0
      700         0         1       729   306.835  -34.1701   4471.61   4199.89    8671.5   2388.94   2396.62  0.375219  -199.001    2.6681    2100.6   2297.26    2.9125  -60.7436     0.001    108.35   79.7619   77.2777   74.6679         0         0         0         0         0
      600         0         1       729   306.918  -33.2634   4499.67   4225.64   8725.31   2388.85   2396.46  0.375139  -200.057    2.6681   2100.51    2297.1   2.91275  -60.1625     0.001    108.31   79.7287   77.2434   74.6328         0         0         0         0         0
      500         0         1       729   306.999  -32.0817   4528.26   4251.99   8780.25   2388.76    2396.3   0.37506  -200.991    2.6681   2100.42   2296.95   2.91298   -59.329     0.001   108.269   79.6956   77.2093   74.5981         0         0         0         0         0
      400         0         1       729   307.081  -30.6004   4569.32   4276.35   8845.66   2388.67   2396.14  0.374982  -201.797    2.6681   2100.33   2296.79   2.91322  -58.2287     0.001   108.229   79.6629   77.1755   74.5638         0         0         0         0         0
      300         0         1       729   307.162  -28.8739   4599.72   4305.78   8905.51   2388.58   2395.98  0.374905  -202.471    2.6681   2100.24   2296.64   2.91346  -56.8987     0.001   108.189   79.6303   77.1418   74.5297         0         0         0         0         0
      200         0         1       729   307.243  -26.6821   4637.01   4335.73   8972.74   2388.49   2395.82  0.374829  -203.007    2.6681   2100.15   2296.49   2.91369  -55.1939     0.001   108.148   79.5979   77.1084   74.4959         0         0         0         0         0
      100         0         1       729   307.324  -23.5889   4659.52    4361.6   9021.12    2388.4   2395.67  0.374754  -203.373    2.6681   2100.07   2296.34   2.91393  -52.7038     0.001   108.108   79.5658   77.0753   74.4623         0         0         0         0         0
        0         0         1       729   307.404  -20.0186   4669.11   4387.55   9056.67   2388.31   2395.52   0.37468  -203.544    2.6681   2099.98   2296.19   2.91416   -49.778     0.001   108.068   79.5339   77.0423    74.429         0         0         0         0         0