      20000           0           0           0     179.437     415.631      17.399     14.2831      31.682     2343.43     2426.93    0.785391     51.8336     39.9574     2049.96      2345.7     2.72671     328.445       0.016     5.73044     4.59858     4.35318     4.39114
      19900           0           0           0     179.437      414.68     28.2793     29.7361     58.0154     2343.43     2426.93    0.785563     51.7019     39.9574     2049.96      2345.7     2.72686     327.608       0.016     5.73044     4.59858     4.35318     4.39114
      19800           0           0           0     179.437     414.027     44.2321     46.3592     90.5912     2343.43     2426.93    0.785735     51.5707     39.9574     2049.96      2345.7     2.72701     326.992       0.016     5.73044     4.59858     4.35318     4.39114
      19700           0           0           0     179.437     413.765     53.1471     60.5222     113.669     2343.43     2426.93    0.785907     51.4563     39.9574     2049.96      2345.7     2.72716      326.68       0.016     5.73044     4.59858     4.35318     4.39114
      19600   0.0512667           0   0.0512667     179.437     413.802     62.7691     72.5053     135.274     2343.46     2426.93    0.786079     51.3611     39.9574     2049.96      2345.7     2.72731     326.622       0.016     5.73044     4.59858     4.35318     4.39114
      19500           0           0     5.12667     179.527     411.894     64.9554     81.9279     146.883     2346.11     2426.93    0.786248     50.0943     39.9574     2050.06      2345.7     2.72827     325.296       0.016     5.73045     4.59859     4.35361     4.39387
      19400           0           0     5.12667     179.635     408.946     76.5495     93.8126     170.362     2345.47     2426.93    0.786426     50.2086     39.9574     2050.19      2345.7     2.72925     323.096       0.016     5.73056     4.59871     4.35522     4.39744
      19300           0           0     5.12667     179.687     406.274     86.5753     105.675     192.251     2345.02     2426.93    0.786563     50.1448     39.9574     2050.25      2345.7     2.72956     320.984       0.016     5.73086     4.59906     4.35694     4.39934
      19200           0           0     5.12667     179.714     403.628     88.1475     117.542     205.689      2344.7     2426.93    0.786676     49.9433     39.9574     2050.28      2345.7     2.72976     318.897       0.016     5.73131     4.59961     4.35829      4.0003
      19100 0.000272965           0     5.12694     179.727     402.716     88.2319     128.905     217.137     2344.46     2426.93    0.786782     49.6509     39.9574     2050.29      2345.7     2.72992     317.937       0.016     5.73186     4.20025     4.35923     4.00055
      19000           0           0     5.15397     179.733     402.847     88.7784     141.073     229.851      2344.3     2426.93    0.786893     49.3567     39.9574      2050.3      2345.7     2.73007     317.852       0.016     5.73246     4.20073      4.3598     4.00053
      18900           0           0     5.15397     179.734     401.167     90.3455     154.049     244.394     2344.17     2426.94    0.787012     49.0805     39.9574      2050.3      2345.7     2.73021     316.647       0.016     5.73306     4.20109     4.36015     4.00043
      18800           0           0     5.15397     179.732     398.484     100.102     164.287     264.388     2344.07     2426.94    0.787141      48.726     39.9574     2050.31     2345.71     2.73035     314.567       0.016     5.73362     4.20135     4.36034      4.0003
      18700           0           0     5.15397     179.728     396.631     121.451     175.828     297.279     2343.99     2426.95    0.787279     48.2836     39.9574      2050.3     2345.71     2.73048     312.955       0.016     5.73413     4.20155     4.36044     4.00017
      18600           0           0     5.15397     179.724     395.181      156.08     190.005     346.085     2343.94     2426.95    0.787426     47.8022     39.9574      2050.3     2345.72      2.7306     311.698       0.016     5.73459     4.20169     4.36048     4.00005
      18500           0           0     5.15397     179.718      393.79      198.23     198.406     396.636      2343.9     2426.95    0.787579     47.2978     39.9574      2050.3     2345.72     2.73073     310.499       0.016     5.73498     4.20178     4.36048     4.39994
      18400           0           0     5.15397     179.713     392.461     207.119     206.364     413.483     2343.86     2426.96    0.787738     46.7743     39.9574      2050.3     2345.73     2.73085     309.341       0.016     5.73531     4.20185     4.36045     4.39979
      18300           0           0     5.15397     179.707     389.356     210.746     214.676     425.422     2343.84     2426.96    0.787902      46.206     39.9574      2050.3     2345.73     2.73097         307       0.016     5.73559     4.20189      4.3604     4.39962
      18200           0           0     5.15397     179.702     385.154     235.891     222.994     458.885     2343.82     2426.97    0.788068     45.5102     39.9574      2050.3     2345.74     2.73109     303.717       0.016     5.73581     4.20191     4.36032     4.39944
      18100           0           0     5.15397     179.697     381.574     285.077      230.79     515.868     2343.81     2426.97    0.788238     44.6727     39.9574      2050.3     2345.74     2.73121     300.732       0.016     5.73599     4.20192     4.36023     4.39926
      18000           0           0     5.15397     179.692     378.227     329.711     239.152     568.863     2343.79     2426.98     0.78841      43.736     39.9574     2050.29     2345.75     2.73133     297.949       0.016     5.73613     4.20191     4.36012     4.39908
      17900           0           0     5.15397     179.687     377.272     366.979     248.934     615.913     2343.79     2426.98    0.788582     42.7534     39.9574     2050.29     2345.76     2.73145      296.75       0.016     5.73622      4.2019     4.36001     4.39891
      17800           0           0     5.15397     179.683     377.792     402.327     259.581     661.909     2343.78     2426.99    0.788756      41.843     39.9574      2050.3     2345.76     2.73157     296.792       0.016     5.73629     4.20188     4.35989     4.39874
      17700           0           0     5.15397     179.679     375.893     437.225     269.622     706.847     2343.78     2426.99    0.788931     41.0054     39.9574      2050.3     2345.77     2.73169     295.357       0.016     5.73633     4.20185     4.35977     4.39857
      17600           0           0     5.15397     179.675     372.675     461.229     283.672     744.902     2343.77        2427    0.789106      40.115     39.9574      2050.3     2345.78     2.73181     292.778       0.016     5.73635     4.20182     4.35965     4.39841
      17500    0.251085    0.544155     5.40505     179.671      372.75     469.199     297.386     766.585     2343.92     2427.09    0.789281     39.1223     39.9574      2050.3     2345.78     2.73193     292.299       0.016     5.73635     4.20179     4.35953     4.39825
      17400    0.402066    0.902561     30.6645     182.504     404.585     498.274     306.665     804.939     2351.86     2434.91    0.816866     31.4542     39.0482     2090.83     2390.98     2.64482     339.713       0.016     5.72698     4.59592     4.35964     4.00523
      17300    0.352423    0.853517     70.8215     183.649     413.759     527.393     315.739     843.132     2366.85     2454.38    0.848375     23.0404     38.2531     2100.95     2401.71     2.62592     347.675       0.016     5.72397      4.5885      4.3533     4.00297
      17200    0.389539    0.751885     106.101     184.503     418.879     563.342     328.322     891.664     2376.94     2467.86    0.877146     17.8558     37.5586     2107.35     2408.31     2.61655     351.919       0.016     5.72786      4.5805     4.34266     4.39238
      17100    0.599118    0.906602     145.264     185.448     421.579     617.771     341.504     959.276     2387.85     2479.57    0.902697     12.9935     36.9519     2113.23     2414.16     2.60968     354.156       0.016     5.73647     4.57107     4.32823     4.37751
      17000     0.45198    0.731194     205.029     186.597     422.299      667.33     357.007     1024.34     2408.41     2503.29     0.92519     4.54321      36.422      2119.2     2419.84     2.60343     354.774       0.016     5.74764     4.55931     4.31059     4.35795
      16900    0.341954    0.579094     250.117      187.97     416.998     707.798     372.662     1080.46     2417.99     2512.29    0.944967     1.01612     35.9588     2125.49     2425.61     2.59802      350.85       0.016     5.75969     4.54469     4.28966     4.33643
      16800    0.307879    0.518855     284.278     189.549     407.782      746.25     388.303     1134.55     2420.73     2513.66    0.962336      0.1535     35.5537     2131.52     2430.81     2.59459     343.432       0.016     5.77151     4.52538     4.26775     4.31759
      16700    0.300398    0.461564     315.059     191.285     397.382     784.902     404.907     1189.81     2421.81     2513.56    0.977422   -0.467132      35.199     2136.98     2435.12     2.59252     334.844       0.016     5.78241     4.50366     4.24621     4.30116
      16600    0.382325    0.495604     345.181     193.159     385.876     819.748     424.899     1244.65     2422.83     2512.96    0.990371    -1.57841     34.8882     2141.89      2438.6      2.5913      325.36       0.016     5.79206     4.48047     4.22553     4.28679
      16500    0.483939    0.862078     383.515     195.196     385.223     857.811     438.056     1295.87     2428.49     2515.76     1.00139    -4.91173     34.6155     2146.45     2441.47     2.59082     323.734       0.016      5.0004     4.45651     4.20622     4.27555
      16400    0.593477    0.837697     432.018      197.29     391.692     908.813     454.733     1363.55        2439     2530.66      1.0107    -9.84364      34.376     2150.96     2444.23      2.5895     328.758       0.016     5.00708     4.43234     4.58714     4.26001
      16300    0.703262    0.977529     491.476     199.413     394.789     967.902     467.836     1435.74     2454.16      2547.8     1.01852    -15.9231     34.1655     2155.87     2447.46     2.58667     331.899       0.016     5.01265        4.41     4.56532     4.23771
      16200     0.56196    0.786358      561.66     201.553     396.001     1029.98     485.728     1515.71     2473.18     2572.69     1.02514    -22.9353     33.9801     2161.36     2451.41     2.58273     333.117       0.016     5.01717     4.78906     4.54037     4.20845
      16100    0.434682    0.595964     617.729     203.747      385.22     1086.06     505.718     1591.78     2482.21     2580.95      1.0308    -25.6687     33.8167     2167.39     2455.98     2.57884     325.349       0.016      5.0206     4.76678     4.51287     4.58079
      16000    0.387152    0.615639      661.15      206.07     366.477     1129.78     523.351     1653.13     2483.84     2579.11     1.03568    -26.0356     33.6725     2173.27     2460.22     2.57699     310.209       0.016     5.02293     4.74314     4.48623     4.55859
      15900    0.366665    0.674477     699.844     208.469     356.105     1166.57     538.735     1705.31     2483.43     2577.34     1.03974    -26.4056     33.5449     2178.55     2463.68     2.57619     300.613       0.016     5.02427     4.71675     4.46254     4.54086
      15800    0.385146    0.847984     736.529     210.865      350.88     1204.71      550.23     1754.94     2482.65     2576.97      1.0429    -26.9433      33.432     2183.25      2466.5     2.57512     295.987       0.016      5.0248      4.6906     4.44099     4.52344
      15700    0.394928    0.897983     775.054     213.189     346.986        1242     560.551     1802.55     2483.61     2581.34     1.04518    -28.2225     33.3317     2187.57     2468.97     2.57299     292.684       0.016     5.02468     4.66531     4.41987     4.50212
      15600    0.400033     1.00993     814.552     215.419     344.224     1279.26     567.893     1847.16     2485.54     2586.88     1.04665    -29.8191     33.2426     2191.76     2471.43     2.56965     290.301       0.016     5.02396      4.6408     4.79708     4.47542
      15500    0.383997     1.04979     854.539     217.541     340.771      1315.1     573.881     1888.98     2488.08     2594.58     1.04746    -31.5102     33.1631     2195.92        2474     2.56528     287.511       0.016     5.02253     4.61797     4.77055     4.44293
      15400    0.462262     1.12456     893.017      219.55     337.008     1354.46     578.337      1932.8     2490.09      2601.5     1.04769    -32.8836     33.0921     2200.11     2476.76     2.55999     284.369       0.016     5.02026     4.99749      4.7405     4.40573
      15300    0.567795     1.10247     939.349     221.452     334.863     1400.65     584.201     1984.85     2496.73      2614.1     1.04743    -35.9181     33.0283     2204.39     2479.77     2.55376     282.416       0.016     5.01698     4.97593     4.70811     4.76626
      15200    0.658745     1.14348     996.219     223.291     333.708     1446.46     588.983     2035.45     2508.64     2630.88     1.04674     -40.698     32.9709     2209.02     2483.28     2.54659     281.373       0.016     5.01251     4.95162     4.67315     4.72054
      15100    0.846344     1.18244     1062.28     225.084     338.774     1499.89     592.672     2092.56     2524.25     2652.47     1.04578    -46.3928      32.919     2214.18     2487.48     2.53854     285.088       0.016     5.00663     4.92471     4.63546     4.66974
      15000     1.01722     1.21036     1147.09     226.807     348.015     1565.85     595.167     2161.02     2548.23     2684.63     1.04459    -54.3181     32.8718     2220.09     2492.68     2.52895     292.684       0.016     5.79913     4.89653     4.99395     4.61176
      14900     1.16645     1.24672     1248.96     228.438     354.462     1640.77     595.376     2236.15     2578.42     2724.83     1.04326    -63.3997     32.8288     2227.11      2499.3     2.51742     298.472       0.016     5.78922     4.86713     4.94628     4.94752
      14800     1.07167     1.25683     1365.51     229.942      359.23     1724.94      596.04     2320.98     2612.76     2771.45     1.04186    -72.9201     32.7892     2235.42      2507.6     2.50385     302.552       0.016       5.777     4.83622     4.89261     4.86979
      14700   0.0288803           0     1471.63     231.265     348.158      1800.1      598.31     2398.41     2637.28      2805.4     1.04053     -78.297     32.7525      2244.8     2517.36     2.48987     294.464       0.016     5.76219     4.80445     4.83227     5.18462
      14600   0.0342461           0     1474.53      223.18      276.21     1831.27      610.97     2442.24     2601.37     2754.02    0.986231    -63.1909     33.7363     2263.64     2548.83     2.63721     211.729       0.016     5.81347     4.94843     4.91516     5.14958
      14500           0           0     1477.92     220.677      249.09     1845.81     629.641     2475.45     2574.35      2714.1    0.953638    -56.1035     34.6823     2250.03     2535.42     2.66485     186.225       0.016     6.78562     4.74014     4.62132     5.18719
      14400           0           0     1477.92     220.762     232.914     1853.13     650.233     2503.37     2551.58     2681.96    0.919768    -52.1636     35.5885     2237.39     2520.22     2.67727      171.84       0.016     6.54495     4.44685     4.65685      4.8446
      14300           0           0     1477.92     221.734     219.188     1858.04     667.648     2525.68     2533.78     2655.64    0.883905     -50.356     36.4418      2226.4     2506.01     2.68713     160.616       0.016       6.501     4.47468       4.656     4.90026
      14200           0           0     1477.92     222.966     207.562     1859.33     683.235     2542.56     2519.75     2633.82    0.847281    -49.8019     37.2291     2216.94     2493.35      2.6959     151.241       0.016       6.501     4.45775     4.64166     4.95017
      14100           0           0     1477.92      224.24      201.56     1860.64     697.328     2557.97     2508.58     2615.56    0.811209    -49.9202     37.9427      2208.8     2482.24     2.70368     146.082       0.016       6.501     4.41837     4.62621     4.99302
      14000           0           0     1477.92     225.488     199.044      1870.7     708.825     2579.52     2499.59     2600.15    0.776686    -50.2385     38.5803     2201.79     2472.55     2.71057     143.937       0.016       6.501     4.78199     4.61602      4.6228
      13900           0           0     1477.92     226.706     194.402     1885.61     722.689      2608.3      2492.3     2587.07    0.744367    -50.6104     39.1438     2195.75     2464.05     2.71674     140.576       0.016       6.501     4.74564      4.6114     4.64631
      13800           0           0     1477.92     227.892     188.775     1891.54     733.312     2624.85     2486.29     2575.89    0.714582    -51.1395     39.6376     2190.52     2456.58     2.72235     136.261       0.016       6.501     4.71232      4.6114      4.6712
      13700           0           0     1477.92     229.043     184.694     1913.16     745.618     2658.78     2481.29     2566.23    0.687449    -51.8194     40.0676     2185.98     2449.98     2.72751     132.963       0.016       6.501     4.68479     4.61526     4.69726
      13600           0           0     1477.92      230.16     181.464     1927.37     756.664     2684.03     2477.05     2557.82    0.662948    -52.5675     40.4403        2182     2444.09      2.7323     130.403       0.016       6.501     4.66397      4.6223     4.72426
      13500           0           0     1477.92     231.243     184.908      1941.7      761.25     2702.95     2473.42     2550.43    0.640967    -53.2458     40.7621     2178.49     2438.82     2.73679     132.606       0.016       6.501     4.64985     4.63198     4.75197
      13400           0           0     1477.92     232.295       192.4      1954.4     767.995     2722.39     2470.26      2543.9    0.621342    -53.5345     41.0391     2175.37     2434.06     2.74103     138.376       0.016       6.501     4.64198     4.64579     4.78041
      13300    0.103875      1.1924     1478.02     233.321     189.435      1967.7     771.533     2739.23     2467.53     2538.15    0.603878    -53.5652      41.277     2172.58     2429.71     2.74507      137.07       0.016       6.501     4.63982     4.66394     4.40865
      13200    0.140075     1.11806     1488.44     236.931      210.87     1972.22     774.517     2746.74     2464.02     2540.49    0.642075      -55.87     40.2965     2205.86     2465.34     2.63236     170.411       0.016     6.67495     4.63577     4.68918     4.42362
      13100    0.225424     1.52607     1502.54     239.267     217.426     1982.69      777.92     2760.61     2463.17     2544.81    0.679845    -57.4832     39.3976     2214.87      2473.7     2.60149     176.759       0.016     6.32811     4.62754     4.70367     4.42947
      13000    0.100445     1.75163     1524.95     241.097     223.056     1984.87     780.531     2765.41     2466.93     2558.55    0.713914    -59.9693     38.5929     2220.01     2477.98     2.58384     182.331       0.016     6.53402     4.60924     4.70164     4.42115
      12900    0.320928     1.40691     1535.22     242.472     229.119     2001.98     784.295     2786.27     2463.62     2561.36    0.744097    -59.1038     37.8817     2224.16     2481.55     2.56985     187.962       0.016     5.89685     4.98427     4.68665      4.4022
      12800    0.367596     1.32719     1567.36     243.433      235.09     2026.93     786.846     2813.77     2472.92     2578.86     0.77073    -62.5576     37.2566     2227.74     2484.86     2.55813     193.473       0.016     6.02488     4.95404     4.66488     4.77432
      12700    0.238755      1.3447     1603.99     244.249     236.696      2045.9     788.493     2834.39     2483.21     2595.53    0.794292    -65.9755      36.708     2231.56     2488.59     2.54634     195.469       0.016     6.12776     4.92174     4.63707     4.73513
      12600           0           0     1627.63     245.177     235.351     2046.34      788.52     2834.86     2485.09     2600.87     0.81507    -66.1268      36.226     2235.69     2492.58      2.5346     194.653       0.016     5.40919     4.88676     4.60553      4.6919
      12500   0.0197224     1.42555     1627.65     246.211     234.838     2048.05     789.296     2837.35     2474.37     2588.92    0.833325    -61.6994     35.8017     2239.46     2496.04       2.525     194.267       0.016      5.4678     4.85125     4.97046     4.65307
      12400           0           0      1629.6     247.341     234.645     2048.64     790.537     2839.17     2466.81     2581.06     0.84917    -58.7633     35.4274     2242.34     2498.37     2.51713     194.282       0.016     5.51167     4.81692     4.93468     4.61958
      12300   0.0966093     1.61573     1629.69     248.538     233.206     2058.91     792.289      2851.2     2459.51     2573.25    0.862758    -56.2626     35.0963     2244.58     2499.88     2.50989     193.319       0.016     5.54376     5.18305     4.90131     4.99326
      12200    0.318116     1.26302     1639.58     249.747     230.723     2083.49     792.734     2876.22     2458.64     2575.24    0.874323    -56.5661     34.8029     2246.47     2500.97     2.50234     191.371       0.016     5.56654     5.14881     4.87252     4.96632
      12100    0.449306     1.18408     1671.52     250.956     229.517     2116.71      794.22     2910.93     2469.73     2590.02     0.88415     -61.592     34.5423     2248.59     2502.34     2.49358     190.243       0.016     5.58198     5.11536     4.84483     4.93422
      12000    0.604545     1.27926     1716.61     252.213     228.948     2158.13     796.335     2954.47     2486.04     2609.48    0.892626     -68.391     34.3104      2251.5     2504.61     2.48395     189.692       0.016     5.59155     5.08286     4.81605     4.89812
      11900    0.664411     1.20192     1777.12     253.467     229.005     2203.55     797.422     3000.97     2508.21     2638.97     0.90005    -76.9427     34.1037     2255.41     2508.05     2.47301     189.581       0.016     5.59631     5.05113      5.1842     4.85505
      11800    0.876276     1.22103     1843.77     254.728     229.489     2253.93     797.734     3051.66     2530.55     2665.66    0.906623    -84.9568     33.9194     2260.44     2512.82     2.46116     189.813       0.016     5.59699      5.0203     5.14672     4.80665
      11700    0.297169    0.788497     1930.82     256.017     237.264     2315.44     798.299     3113.74      2560.9     2702.87    0.912481    -95.0844     33.7547     2266.52      2518.8     2.44857     195.693       0.016     5.59405     5.79123     5.10616      5.1559
      11600    0.189608    0.335084     1960.43      243.88     209.239     2355.57     811.783     3167.35     2556.93     2684.24    0.873264    -91.2744     34.6333     2259.48     2522.11     2.62122     152.561       0.016      5.8062     5.14522     4.81886     5.14784
      11500    0.060577           0     1979.26     240.098     190.486     2386.62     837.451     3224.07     2548.77     2661.14    0.844003    -88.9824     35.4829     2250.61     2515.37     2.65116     136.209       0.016     6.25696     4.95084     4.94289      4.8092
      11400   0.0685484           0     1985.33     239.956     166.157     2405.82     865.448     3271.27     2536.09     2639.41    0.814417    -86.8372     36.2999      2242.2     2505.58      2.6637      116.21       0.016     6.66179     4.67367     4.60765     4.88642
      11300   0.0730629           0     1992.19     241.086     154.706     2418.42     889.839     3308.26     2526.91     2621.67    0.783223    -86.8793     37.0709     2234.49     2495.33     2.67352     105.662       0.016     6.55053     4.72373     4.62474     4.96495
      11200 0.000913229           0     1999.42     242.657     150.384     2426.16     912.032      3338.2     2520.07     2606.92    0.751231    -87.6634     37.7829     2227.78     2485.86     2.68254     101.745       0.016       6.501     4.72996     4.62841     4.62939
      11100           0           0     1999.51     244.224     142.656      2438.7     932.708     3371.41     2511.04     2594.52    0.719576    -87.2914     38.4281     2221.89     2477.38     2.68979     95.9464       0.016       6.501     4.71325     4.62827     4.67501
      11000           0           0     1999.51     245.654     133.326     2459.98     951.854     3411.83     2504.01        2584    0.689087    -87.5019     39.0042     2216.68     2469.87     2.69541     88.5951       0.016       6.501     4.68778     4.62835     4.71187
      10900           0           0     1999.51     246.994     128.056     2471.79      972.46     3444.25     2498.47     2574.96     0.66039    -88.1563     39.5127     2212.11     2463.22     2.70031     84.0469       0.016       6.501     4.66169     4.63081     4.74335
      10800           0           0     1999.51      248.27     125.069     2471.81      989.74     3461.55     2494.03     2567.13    0.633855    -88.9651     39.9577      2208.1      2457.3     2.70476     81.5189       0.016       6.501     4.63914     4.63652     4.77197
      10700           0           0     1999.51       249.5     121.132     2473.33     1006.47      3479.8     2490.39     2560.26    0.609639     -89.847     40.3448     2204.56        2452     2.70888     78.4327       0.016       6.501     4.62277     4.64572     4.79945
      10600           0           0     1999.51     250.694     116.759     2478.99     1022.67     3501.66     2487.35      2554.2     0.58776    -90.8508     40.6796     2201.42     2447.21     2.71275     74.8992       0.016     6.52093     4.61662     4.65757     4.41907
      10500           0           0     1999.51     251.861     114.127     2484.82     1038.31     3523.13     2484.77     2548.84     0.56815    -91.9494     40.9683     2198.61     2442.85     2.71644     72.5873       0.016     6.54654     4.61643     4.67027     4.43582
      10400           0           0     1999.51     253.002     112.509     2491.21     1051.51     3542.71     2482.55     2544.04    0.550655    -93.0488     41.2164     2196.09     2438.86     2.71998     71.1699       0.016     6.57368     4.61959     4.68511     4.45567
      10300           0           0     1999.51     254.115     111.467     2491.48     1062.29     3553.77     2480.58      2539.7    0.535096    -94.1132     41.4292     2193.81     2435.19     2.72339     70.2331       0.016     6.60179     4.62499     4.70258     4.47798
      10200           0           0     1999.51     255.202     110.324     2492.03     1072.79     3564.82     2478.81     2535.73    0.521284    -95.1289     41.6113     2191.72     2431.77     2.72669     69.3105       0.016     6.63049     4.63212     4.72254     4.50235
      10100           0           0     1999.51     256.264      108.13     2508.71     1080.23     3588.93     2477.18     2532.07    0.509034     -96.147     41.7671     2189.79     2428.57      2.7299     67.5299       0.016      6.6595     4.64072     4.74469     4.52852
      10000           0           0     1999.51     257.303     105.599     2518.81     1086.92     3605.74     2475.65     2528.65    0.498168    -97.2103     41.9003     2187.98     2425.55     2.73302     65.4579       0.016     6.68865     4.65237     4.76872     4.55623
       9900           0           0     1999.51     258.322      102.89     2519.57      1092.9     3612.47     2474.21     2525.44    0.488519    -98.3317      42.014     2186.28     2422.67     2.73608     63.2217       0.016     6.71784     4.66744     4.79439     4.58528
       9800           0           0     1999.51     259.327     100.043      2519.9     1097.32     3617.22     2472.83     2522.41    0.479936    -99.5149     42.1111     2184.67     2419.93     2.73907     60.8598       0.016     6.74703     4.68529     4.41751     4.21234
       9700   0.0342152    0.673855     1999.55     260.311     97.0857     2526.72      1100.2     3626.92     2471.54     2519.58    0.472306    -100.767     42.1939     2183.16     2417.31       2.742     58.3926       0.016     6.77614     4.70521     4.43473     4.22998
       9600   0.0391049     1.08523     2002.97     261.297     93.9849     2534.13     1101.53     3635.66      2472.1     2518.16    0.465505    -102.727     42.2647      2181.9     2415.01     2.74492      55.786       0.016     6.20466     4.72653     4.45347     4.24937
       9500  0.00522781           2     2006.85     262.269     90.7703     2537.09     1101.72     3638.81     2472.58     2517.64    0.459429    -104.679     42.3252     2181.03     2413.17     2.74759     53.0622       0.016      6.2309     4.74902     4.47474     4.27058
       9400           0           0     2007.37       263.2     88.3655     2550.99     1103.72     3654.71     2471.03      2515.2    0.454029    -105.907     42.3768     2180.14     2411.35     2.75007     50.9195       0.016     6.25653     4.77253     4.49752     4.29279
       9300           0           0     2007.37     264.104     86.4431      2564.1     1104.03     3668.13     2469.37     2512.37     0.44921     -107.09      42.421     2178.99     2409.25     2.75262     49.2084       0.016     6.28163     4.79688     4.52134     4.31633
       9200           0           0     2007.37     264.995     84.7774     2576.16     1105.32     3681.48     2467.87     2509.74    0.444843    -108.316     42.4588     2177.73     2407.05     2.75521     47.7157       0.016      6.3063      4.4163     4.54608     4.34122
       9100           0           0     2007.37     265.865     83.2863     2580.13     1109.19     3689.32     2466.48     2507.27    0.440852    -109.559     42.4911     2176.49     2404.89     2.75777      46.371       0.016     6.33057     4.42944     4.57139     4.36716
       9000           0           0     2007.37      266.71     81.9342     2581.94      1116.6     3698.53     2465.17     2504.92    0.437187    -110.805     42.5188     2175.28     2402.78     2.76027      45.144       0.016     6.35437     4.44443     4.59701     4.39385
       8900           0           0     2007.37     267.536     80.7125     2594.39     1123.48     3717.88     2463.93     2502.67    0.433816     -112.04     42.5426     2174.11     2400.74      2.7627     44.0264       0.016     6.37774     4.46216     4.21837      4.0158
       8800           0           0     2007.37      268.34     79.5945     2595.28      1131.3     3726.58     2462.76     2500.55    0.430726    -113.257     42.5629        2173      2398.8     2.76506     42.9989       0.016     6.40065     4.48159     4.23392     4.03083
       8700    0.052515           2     2007.42     269.117     78.5635     2601.96     1140.02     3741.97     2461.69     2498.63     0.42789    -114.459     42.5804     2171.95     2396.96     2.76733     42.0463       0.016     6.42302     4.50193      4.2504     4.04691
       8600    0.101739           2     2012.72     269.801     77.5381     2613.83     1149.27      3763.1     2463.48     2502.36    0.425168     -116.62     42.5954     2171.57     2395.96      2.7685     41.0802       0.016     6.44479     4.52286     4.26811     4.06129
       8500   0.0470604           2     2022.84     270.316     76.4806     2619.41     1158.88     3778.29     2467.44     2510.18    0.422508    -119.411     42.6083     2172.49     2396.62     2.76789     40.0488       0.016     6.46543     4.54409     4.28465     4.07006
       8400   0.0823794           2     2027.58     270.772     75.9632      2628.4     1168.36     3796.76     2467.81     2510.61    0.420215    -120.768     42.6195     2173.47     2397.41     2.76762     39.4248       0.016     6.48418     4.56514     4.29871     4.07695
       8300           0           0     2035.74     271.197     75.7576     2630.91     1181.25     3812.16     2469.95     2514.52    0.418245    -122.653      42.629     2174.06     2397.75     2.76752     39.0845       0.016     6.50116     4.58559     4.31135     4.08333
       8200   0.0209523           2     2035.76     271.678     75.8741     2632.84     1194.06      3826.9     2467.33     2508.93    0.416613    -122.769     42.6372     2173.92     2397.21     2.76869     39.0462       0.016     6.51667      4.2046     4.32321      4.0927
       8100           0           0     2037.83     272.229     76.2129     2633.97     1206.83      3840.8     2466.22     2506.53     0.41519    -123.415     42.6443     2172.84     2395.53     2.77071     39.2306       0.016     6.53181     4.21695     4.33635     4.10634
       8000   0.0703542           2      2037.9     272.809     76.7402     2640.85     1219.92     3860.77      2464.1     2502.26    0.413794    -123.678     42.6505     2171.63     2393.66     2.77291     39.5948       0.016     6.54713     4.22576     4.35092      4.1228
       7900           0           0     2044.87     273.319     77.3987     2643.17     1233.24     3876.41     2465.89     2505.89    0.412281    -125.277     42.6557     2171.02     2392.55     2.77395     40.0563       0.016     6.56272     4.23382     4.36645     4.13789
       7800  0.00952264           2     2044.88     273.819     78.2788     2643.18     1247.36     3890.54     2463.53     2501.17    0.410848    -125.288     42.6603     2170.55     2391.61     2.77527       40.72       0.016     6.57808     4.24371     4.38158     4.15327
       7700   0.0318586           2     2045.85     274.369     79.3381     2645.46     1261.33     3906.78     2462.03     2498.26    0.409567    -125.548     42.6642     2169.38     2389.82     2.77731     41.5636       0.016     6.59336      4.2552     4.39759     4.17151
       7600   0.0135258           2     2049.02     274.901     80.5305     2645.61     1276.13     3921.73     2461.81     2497.99    0.408223    -126.194     42.6676     2168.49     2388.38     2.77881     42.5264       0.016     5.80804      4.2679     4.01235     4.18947
       7500           0           0     2050.36     275.424     81.8681      2650.8     1291.73     3942.53     2460.53     2495.58    0.406895    -126.361     42.6706     2167.76     2387.13     2.78026     43.6242       0.016     5.82172     4.28143     4.02488     3.80573
       7400           0           0     2050.36     275.973     82.2943     2659.22     1308.15     3967.36     2458.67     2492.04    0.405665    -126.251     42.6731     2166.72     2385.49     2.78217     44.0838       0.016     5.83505     4.29543     4.03606     3.81683
       7300           0           0     2050.36     276.539     82.1945     2668.96     1323.41     3992.37     2457.02     2489.01    0.404484    -126.216     42.6753     2165.51     2383.66     2.78422     44.0791       0.016     5.84829     4.30966      4.0465     3.82674
       7200           0           0     2050.36     277.105     81.8187     2682.35     1337.52     4019.87     2455.55     2486.36    0.403308    -126.251     42.6772     2164.36     2381.89     2.78618     43.8418       0.016     5.86158     4.32405     4.05843     3.83889
       7100           0           0     2050.36     277.666     81.2529     2696.39     1352.88     4049.28     2454.21     2484.01    0.402136    -126.346     42.6788      2163.3     2380.22     2.78805     43.4415       0.016     5.87493     4.33865     4.07176     3.85268
       7000           0           0     2050.36     278.221     80.5451     2702.74      1373.5     4076.25     2452.99     2481.89    0.400973    -126.495     42.6803     2162.31     2378.65     2.78983     42.9167       0.016     5.88834      4.3535     4.08616     3.86768
       6900           0           0     2050.36     278.771     79.7381     2709.07     1394.18     4103.24     2451.86     2479.96    0.399823     -126.69     42.6815     2161.38     2377.16     2.79153     42.3022       0.016     5.90178     4.36863     4.10137     3.88356
       6800           0           0     2050.36     279.317     78.8521     2713.56     1410.59     4124.15     2450.81     2478.17    0.398689    -126.925     42.6826     2160.51     2375.74     2.79318     41.6157       0.016     5.91524     4.38402      4.1172     3.90008
       6700           0           0     2050.36     279.859     77.9121     2717.58     1428.35     4145.93     2449.84     2476.51    0.397574    -127.196     42.6835     2159.69     2374.38     2.79477     40.8766       0.016      5.9287     4.39967     4.13348     3.91707
       6600           0           0     2050.36     280.396     76.9477     2722.28     1449.35     4171.63     2448.91     2474.94    0.396479    -127.498     42.6843      2158.9     2373.06     2.79633     40.1112       0.016     5.94214      4.0119     4.15007      3.9344
       6500           0           0     2050.36     280.924     75.9506     2724.08     1469.17     4193.25     2448.04     2473.46    0.395404    -127.827      42.685     2158.14     2371.79     2.79785     39.3127       0.016     5.95549     4.02081     4.16675     3.95195
       6400           0           0     2050.36     281.439     75.2368     2725.29     1489.41      4214.7     2447.21     2472.04    0.394351    -128.176     42.6856     2157.41     2370.56     2.79933     38.7173       0.016     5.96867     4.02853     4.18336     3.96959
       6300           0           0     2050.36     281.941     74.6884     2727.28      1508.4     4235.68     2446.41     2470.68    0.393322    -128.526     42.6861      2156.7     2369.37     2.80077     38.2679       0.016     5.98162     4.03621     4.19983     3.98721
       6200           0           0     2050.36     282.431     74.2382     2737.24     1527.03     4264.27     2445.65     2469.37    0.392318     -128.87     42.6866     2156.02     2368.22     2.80216     37.8989       0.016     5.99432     4.04562     3.81361     3.60404
       6100           0           0     2050.36     282.908     73.8764        2748     1545.29     4293.29     2444.92     2468.13    0.391347    -129.203      42.687     2155.37     2367.12     2.80351     37.6038       0.016     6.00676     4.05632     3.82466     3.61487
       6000           0           0     2050.36      283.37     73.5748     2748.16     1563.16     4311.32     2444.24     2466.96    0.390424    -129.521     42.6873     2154.76     2366.08     2.80481     37.3594       0.016     6.01889     4.06774     3.83368     3.62233
       5900           0           0     2050.36     283.816     73.3217     2749.89     1583.28     4333.16      2443.6     2465.87    0.389548    -129.825     42.6876      2154.2     2365.09     2.80605     37.1556       0.016     6.03068     4.07949     3.84199     3.63029
       5800           0           0     2050.36     284.247     73.1079     2757.81     1602.02     4359.83        2443     2464.85    0.388714    -130.112     42.6879     2153.66     2364.16     2.80724     36.9853       0.016     6.04212     4.09138     3.85117     3.63892
       5700   0.0157958           2     2050.37     284.666      72.927     2759.69     1620.79     4380.48     2442.44      2463.9    0.387916    -130.388     42.6881     2153.16     2363.27     2.80839     36.8434       0.016     6.05324     4.10334      3.8611     3.64822
       5600   0.0319662           2     2051.97     285.054      72.754      2763.3     1639.69     4402.99     2442.75     2464.66    0.387122    -130.942     42.6883     2152.85     2362.64      2.8092     36.7029       0.016     6.06405     4.11533     3.87135     3.65716
       5500           0           0     2055.13     285.383     72.5751     2769.64     1658.68     4428.31     2443.78     2466.79     0.38632    -131.701     42.6885     2152.96     2362.53     2.80944     36.5459       0.016      6.0744     4.12728     3.88122     3.66441
       5400           0           0     2055.13      285.71     71.7216     2775.29     1677.96     4453.25      2442.9     2465.03    0.385633    -131.749     42.6886     2152.93     2362.25     2.81007     35.8922       0.016     6.08412     4.13904     3.89042     3.67195
       5300  0.00417665           2     2055.14     286.065     70.4569     2777.23     1697.58     4474.81     2442.15     2463.55    0.385044     -131.89     42.6887     2152.44     2361.44     2.81116     34.8743       0.016      6.0934     4.15054     3.89979     3.68115
       5200           0           0     2055.55     286.425     68.9547     2787.57      1714.2     4501.77     2441.67     2462.66    0.384451    -132.196     42.6888     2151.93     2360.58     2.81223     33.6465       0.016     6.10254     4.16181     3.90961     3.69109
       5100  0.00881067           2     2055.56     286.787     67.3043      2790.3     1731.79     4522.08     2440.98     2461.38    0.383855    -132.494     42.6889     2151.43     2359.74     2.81329     32.2846       0.016     6.11162      4.1729     3.91978     3.70156
       5000   0.0671921           2      2056.5     287.141     65.5077     2799.34     1750.33     4549.67     2440.84      2461.2    0.383245    -133.051      42.689     2150.99     2358.98     2.81422     30.7876       0.016     6.12098     4.18389     3.93023     3.71208
       4900   0.0795783           2     2063.23     287.397     63.5424     2809.79     1767.73     4577.52     2443.75     2467.05    0.382518    -134.719     42.6891     2151.36     2359.23     2.81387     29.1103       0.016     6.13047     4.19482     3.94015      3.7188
       4800   0.0383378           2     2071.15     287.528     61.4419     2815.95     1784.51     4600.45     2446.76     2472.89     0.38177    -136.388     42.6891     2152.67     2360.65     2.81244     27.2808       0.016     6.13931     3.80481     3.94773     3.72004
       4700           0           0     2074.94      287.64      59.321     2816.15     1800.65     4616.79     2447.09     2473.21    0.381243      -137.1     42.6892     2153.68     2361.74     2.81165     25.4244       0.016     6.14683      3.8118     3.95277     3.72012
       4600   0.0659714           2     2075.01     287.832     57.2459     2825.22     1818.68      4643.9     2445.42     2469.58     0.38096    -137.182     42.6892     2153.55     2361.46     2.81233     23.6234       0.016     6.15328     3.81705     3.95707     3.72366
       4500   0.0859195           2     2081.63     288.002     55.0644     2836.06     1837.58     4673.64     2447.52      2473.6    0.380598    -138.692     42.6893      2153.5     2361.27     2.81239     21.7186       0.016      6.1593     3.82142     3.96176     3.72688
       4400   0.0930418           2     2090.23      288.06     53.1509     2847.45     1854.54     4701.99     2450.27     2478.83    0.380102     -140.44     42.6893     2154.47     2362.35     2.81116     19.9694       0.016     6.16476     3.82532     3.96525     3.72576
       4300   0.0700155           2     2099.51      288.03     51.3956     2856.35     1871.07     4727.42     2452.94     2483.76    0.379654    -142.123     42.6894     2155.85     2363.98     2.80947     18.3438       0.016     6.16907     3.82878      3.9665     3.72097
       4200    0.113958           2     2106.55     287.977      49.762     2869.65     1886.85      4756.5     2454.03     2485.45    0.379364    -143.231     42.6894     2156.99     2365.33     2.80819     16.8178       0.016     6.17195     3.83172     3.96563     3.71521
       4100    0.153488           2     2117.99     287.869     48.1657     2886.86     1903.02     4789.88     2457.35     2491.57    0.379112    -145.117     42.6894     2158.19     2366.79      2.8065     15.3117       0.016     6.17354     3.83408     3.96328     3.70732
       4000    0.156293     1.95389     2133.34     287.627     46.5451     2904.31     1917.34     4821.65     2462.25     2500.72    0.378805    -147.502     42.6894     2160.27     2369.38     2.80354     13.7539       0.016     6.17367     3.83582     3.95844     3.69398
       3900    0.183115     1.74559        2149     287.283     44.9299     2924.33     1929.73     4854.06     2466.58     2508.17    0.378596    -149.617     42.6894      2162.8     2372.55     2.80015     12.1796       0.016     6.17178     3.83673     3.95018     3.67619
       3800    0.160181     1.88741     2167.28     286.918     43.2934     2942.64     1943.19     4885.83     2471.72     2515.15    0.378567    -151.959     42.6895     2165.27     2375.68     2.79707     10.5774       0.016     6.16774     3.83662     3.93902     3.65686
       3700    0.185533     1.77927     2183.33     286.542     41.1061     2964.87     1956.41     4921.28     2474.88     2520.17    0.378708    -153.613     42.6895     2167.51     2378.54     2.79427     8.60267       0.016     6.16181     3.83541     3.92599     3.63699
       3600    0.152282     1.89389     2201.85     286.147     37.3502     2984.47     1969.36     4953.82     2478.98     2525.94    0.378932     -155.67     42.6895     2169.57     2381.21     2.79151     5.30565       0.016     6.15432     3.83292     3.91197     3.61663
       3500    0.140862     1.81455     2217.06     285.748     32.9604     3003.09      1980.1     4983.19     2480.73     2528.65    0.379228     -157.08     42.6895     2171.33     2383.55     2.78903     1.45658       0.016     6.14557     3.82832     3.89874      3.6017
       3400   0.0975373           2     2231.11     285.384     28.3698      3017.6     1991.49     5009.09      2481.7     2529.34    0.379571    -158.431     42.6895     2172.45      2385.1     2.78723    -2.59322       0.016     6.13593     3.82241     3.88754     3.99122
       3300  0.00863931           2     2240.77     285.083     23.6136     3022.72     2002.22     5024.94     2480.27     2526.83    0.379924    -159.196     42.6895     2172.77      2385.7     2.78622    -6.77483       0.016     6.12601     3.81633       3.878     3.98266
       3200   0.0353102           2     2241.66     284.956     19.3476     3029.18     2012.48     5041.66      2474.5      2515.7    0.380344    -158.762     42.6895     2171.52     2384.33      2.7873    -10.6103       0.016     6.11657     3.81074     3.87079     3.98149
       3100   0.0255222           2     2245.18     284.974     16.4446     3034.18      2022.8     5056.98     2471.13      2509.6    0.380587    -159.393     42.6895     2169.32     2381.77     2.78912    -13.2914       0.016     6.10884     3.80607     3.86769       3.987
       3000   0.0598262           2     2247.77     285.058     14.0198     3042.31     2033.26     5075.57     2467.74     2503.59     0.38051    -160.144     42.6895     2167.37     2379.46      2.7907    -15.5624       0.016     6.10357     3.80259     3.86802     3.99566
       2900   0.0669415           2     2253.76     285.145     11.8826     3050.95      2042.9     5093.85     2466.66     2502.23    0.380145    -161.732     42.6895     2165.96     2377.75     2.79153    -17.5984       0.016     6.10063     3.80031     3.87074     3.60381
       2800   0.0707597           2     2260.46     285.199        9.94     3059.97      2052.8     5112.77     2466.08     2501.74    0.379582    -163.456     42.6895     2165.29     2376.95     2.79156    -19.4805       0.016     6.09931     4.19876     3.87371     3.60779
       2700           0           0     2267.46     285.229     7.96939     3061.99     2059.13     5121.12     2465.73      2501.6    0.378963    -165.204     42.6895     2164.99     2376.58     2.79128     -21.362       0.016     6.09891     4.19751     3.87594     3.60959
       2600           0           0     2267.46     285.345     5.73631     3069.09     2070.58     5139.66     2461.69     2494.02    0.378477     -165.69     42.6895     2164.03     2375.37     2.79225     -23.439       0.016     6.09904     4.19663     3.87799     3.61381
       2500   0.0300448           2     2267.49     285.576     3.43638     3074.44     2078.25      5152.7     2458.35     2487.95    0.378041    -166.479     42.6895     2162.18     2373.07     2.79419    -25.5498       0.016     6.10014     4.19621     3.88143     3.62077
       2400   0.0496331           2     2270.52      285.82      1.0704     3081.81     2086.47     5168.28     2457.07     2486.09    0.377426    -168.024     42.6895      2160.7     2371.18     2.79553    -27.7251       0.016     6.10256     4.19666     3.88635     3.62887
       2300   0.0308384           2     2275.46     286.013    -1.37034     3087.17     2095.33     5182.51     2456.94     2486.45    0.376651     -169.95     42.6895     2160.03     2370.26      2.7959    -29.9798       0.016     6.10596     4.19822     3.89189     3.63575
       2200           0           0     2278.51      286.19     -3.6728     3088.35     2104.83     5193.18     2455.78     2484.61    0.375887    -171.494     42.6895     2159.61     2369.64     2.79622    -32.1499       0.016     6.10976     3.80059     3.89733      3.6422
       2100   0.0432253           2     2278.56     286.423    -5.52107     3094.35     2114.45     5208.79     2453.17     2479.86    0.375236    -172.541     42.6895     2158.68      2368.4     2.79735     -33.926       0.016     6.11391     3.80269     3.90319     3.65102
       2000   0.0429925           2     2282.88     286.653    -7.23897     3100.21      2124.2     5224.41     2453.24     2480.48    0.374528    -174.478     42.6896     2157.86     2367.29     2.79806    -35.5909       0.016     6.11869      3.8046     3.90995     3.65994
       1900   0.0355727           2     2287.17     286.835    -8.85317     3105.23      2133.5     5238.73     2453.21     2480.79    0.373752    -176.316     42.6896     2157.66     2366.92     2.79813     -37.177       0.016     6.12382     3.80651     3.91653     3.66695
       1800   0.0454283           2     2290.74     287.005    -10.3643     3111.24     2142.84     5254.08     2452.76     2480.18    0.373034     -177.95     42.6896      2157.5     2366.61     2.79826    -38.6726       0.016     6.12892     3.80841     3.92257     3.67329
       1700   0.0565873           2     2295.29      287.16    -11.9019     3118.53     2151.37     5269.91      2452.9     2480.67    0.372357    -179.725     42.6896     2157.37     2366.35     2.79831    -40.1725       0.016     6.13388     3.81024      3.9282     3.67891
       1600   0.0274241           2     2300.92      287.28     -13.651        3123     2158.37     5281.37     2453.56     2482.12     0.37169    -181.623     42.6896      2157.5     2366.42     2.79801    -41.8527       0.016     6.13858     3.81199     3.93315     3.68296
       1500    0.022772           2     2303.66      287.41    -15.4237     3127.02     2167.23     5294.25     2452.54     2480.18     0.37112    -182.929     42.6896     2157.44     2366.26     2.79813    -43.5472       0.016     6.14289     3.81362     3.93744     3.68726
       1400   0.0277919           2     2305.94      287.58    -17.2128     3131.55     2177.86     5309.41     2451.45     2478.11    0.370632    -184.214     42.6896     2156.94     2365.56     2.79876    -45.2432       0.016     6.14699     3.81513     3.94193     3.69322
       1300           0           0     2308.69     287.764    -19.0252     3132.31     2187.89      5320.2     2450.74     2476.86    0.370129    -185.641     42.6896     2156.38     2364.78     2.79939    -46.9555       0.016      6.1512     3.81661     3.94696     3.69995
       1200           0           0     2308.69     287.988     -20.532     3143.28     2197.36     5340.64     2448.63     2472.85    0.369648    -186.611     42.6896     2155.59      2363.7     2.80047    -48.4457       0.016     6.15563     3.81811     3.95263      3.7085
       1100           0           0     2308.69     288.261    -21.2624     3151.11     2206.41     5357.53     2446.82     2469.53    0.369164    -187.674     42.6896     2154.47     2362.21     2.80189    -49.2707       0.016     6.16056     3.81971     3.95951      3.7193
       1000           0           0     2308.69     288.557    -21.6623     3156.77     2215.21     5371.98     2445.23      2466.7    0.368616    -188.766     42.6896     2153.38     2360.74     2.80327    -49.8015       0.016     6.16619     3.82167     3.96759     3.73131
        900           0           0     2308.69     288.865    -21.7101     3162.79     2224.42     5387.21     2443.82     2464.27    0.368012    -189.848     42.6896     2152.38     2359.37     2.80457     -50.032       0.016     6.17252     3.82477     3.97661     3.74396
        800           0           0     2308.69     289.182    -21.4963        3170     2230.28     5400.28     2442.56     2462.15    0.367372    -190.892     42.6896     2151.48      2358.1     2.80578    -50.0241       0.016     6.17949      3.8289     3.98631     3.75692
        700           0           0     2308.69     289.504    -20.9707     3174.95     2235.72     5410.67     2441.43     2460.28    0.366709    -191.877     42.6896     2150.66     2356.93     2.80693    -49.7554       0.016       6.187     3.83388     3.99649     3.76997
        600           0           0     2308.69      289.83    -19.9783     3189.73     2244.38      5434.1     2440.41     2458.62    0.366035    -192.778     42.6896     2149.91     2355.83     2.80802    -49.0775       0.016     6.19496     3.83959     3.60638     3.78298
        500           0           0     2308.69     290.159    -18.7065     3204.94     2253.89     5458.83     2439.49     2457.12    0.365359    -193.577     42.6896     2149.23     2354.81     2.80906    -48.1441       0.016     5.40297     3.84587     3.61547     3.79565
        400           0           0     2308.69     290.487    -17.1289     3232.52     2261.65     5494.18     2438.66     2455.77    0.364689    -194.263     42.6896      2148.6     2353.86     2.81007    -46.9396       0.016     5.41044     3.85257     3.62418     3.40648
        300           0           0     2308.69     290.812    -15.3015     3249.36     2274.74      5524.1      2437.9     2454.54    0.364039    -194.826     42.6896     2148.02     2352.96     2.81103     -45.502       0.016     5.41776     3.85954     3.63196     3.41355
        200           0           0     2308.69      291.13    -12.9967     3272.96     2288.58     5561.53     2437.21     2453.45    0.363418    -195.259     42.6896      2147.5     2352.13     2.81196    -43.6824       0.016     5.42497     3.86664     3.63869     3.41871
        100           0           0     2308.69     291.439     -9.7845     3281.67     2298.56     5580.23      2436.6     2452.46    0.362828    -195.526     42.6896     2147.01     2351.36     2.81285    -41.0762       0.016     5.43204     3.87375     3.64478     3.42391
          0   0.0432898           2     2308.74     291.738    -6.08326     3286.01     2308.84     5594.85     2436.06     2451.61    0.362266     -195.61     42.6896     2146.57     2350.64     2.81369    -38.0262       0.016     5.43895      3.8808     3.65079     3.42979