      20000           0           0           0     179.437     415.631      17.399     14.2831      31.682     2343.43     2426.93    0.785391     51.8336     39.9574     2049.96      2345.7     2.72671     328.445       0.016     5.73044     4.59858     4.35318     4.39114
      19900           0           0           0     179.437      414.68     28.2793     29.7361     58.0154     2343.43     2426.93    0.785563     51.7019     39.9574     2049.96      2345.7     2.72686     327.608       0.016     5.73044     4.59858     4.35318     4.39114
      19800           0           0           0     179.437     414.027     44.2321     46.3592     90.5912     2343.43     2426.93    0.785735     51.5707     39.9574     2049.96      2345.7     2.72701     326.992       0.016     5.73044     4.59858     4.35318     4.39114
      19700           0           0           0     179.437     413.765     53.1471     60.5222     113.669     2343.43     2426.93    0.785907     51.4563     39.9574     2049.96      2345.7     2.72716      326.68       0.016     5.73044     4.59858     4.35318     4.39114
      19600   0.0414251           0   0.0414251     179.437     413.802     62.7691     72.5053     135.274     2343.45     2426.93    0.786079     51.3637     39.9574     2049.96      2345.7     2.72731     326.622       0.016     5.73044     4.59858     4.35318     4.39114
      19500           0           0     4.14251      179.51      411.92     64.9288     81.9452     146.874     2345.59     2426.93    0.786249     50.3261     39.9574     2050.04      2345.7     2.72812     325.316       0.016     5.73045     4.59859     4.35353     4.39335
      19400           0           0     4.14251     179.597     408.993     76.4756     93.8681     170.344     2345.08     2426.93    0.786425      50.389     39.9574     2050.14      2345.7     2.72893     323.128       0.016     5.73054     4.59869     4.35483     4.39623
      19300           0           0     4.14251     179.639     406.332     86.4437     105.779     192.223     2344.72     2426.93    0.786569     50.2877     39.9574     2050.19      2345.7     2.72922     321.022       0.016     5.73078     4.59897     4.35622     4.39776
      19200           0           0     4.14251      179.66     403.692     87.9519     117.698      205.65     2344.45     2426.93    0.786693     50.0584     39.9574     2050.22      2345.7      2.7294     318.937       0.016     5.73114     4.59941     4.35731     4.39858
      19100 0.000594675           0      4.1431     179.671     402.783     87.9685     129.117     217.086     2344.26     2426.93    0.786811      49.745     39.9574     2050.23      2345.7     2.72956     317.979       0.016     5.73159     4.59995     4.35811       4.399
      19000           0           0     4.20198     179.676     402.916     88.5841     141.341     229.925     2344.15     2426.93    0.786933     49.4276     39.9574     2050.24      2345.7     2.72972     317.894       0.016     5.73207     4.20042     4.35866      4.3992
      18900           0           0     4.20198     179.678     401.236     90.2204     154.372     244.593     2344.04     2426.93    0.787061      49.141     39.9574     2050.24      2345.7     2.72987     316.689       0.016     5.73257     4.20076     4.35904     4.39926
      18800           0           0     4.20198     179.678     398.553     99.9079     164.665     264.573     2343.95     2426.93    0.787197     48.7785     39.9574     2050.24      2345.7     2.73001     314.609       0.016     5.73304       4.201     4.35928     4.39921
      18700           0           0     4.20198     179.675     396.699     121.189      176.26     297.449     2343.89     2426.93     0.78734     48.3299     39.9574     2050.24      2345.7     2.73014     312.996       0.016     5.73347     4.20118     4.35941      4.3991
      18600           0           0     4.20198     179.672     395.248     155.752     190.488      346.24     2343.84     2426.94    0.787489     47.8436     39.9574     2050.23     2345.71     2.73028     311.739       0.016     5.73386     4.20131     4.35947     4.39896
      18500           0           0     4.20198     179.668     393.855     197.836     198.941     396.777     2343.81     2426.94    0.787645     47.3355     39.9574     2050.23     2345.71     2.73041     310.539       0.016      5.7342      4.2014     4.35947     4.39879
      18400           0           0     4.20198     179.663     392.525     206.661     206.947     413.608     2343.78     2426.94    0.787805      46.809     39.9574     2050.23     2345.71     2.73054      309.38       0.016     5.73449     4.20146     4.35944     4.39862
      18300           0           0     4.20198     179.659     389.419      210.35     215.308     425.658     2343.76     2426.94    0.787969     46.2384     39.9574     2050.23     2345.72     2.73066     307.039       0.016     5.73473      4.2015     4.35937     4.39844
      18200           0           0     4.20198     179.655     385.216     235.434     223.673     459.107     2343.74     2426.95    0.788136     45.5407     39.9574     2050.23     2345.72     2.73079     303.756       0.016     5.73493     4.20152      4.3593     4.39827
      18100           0           0     4.20198     179.651     381.634      284.56     231.515     516.075     2343.73     2426.95    0.788305     44.7018     39.9574     2050.23     2345.72     2.73092      300.77       0.016     5.73509     4.20153      4.3592      4.3981
      18000           0           0     4.20198     179.647     378.286     329.135     239.921     569.056     2343.72     2426.95    0.788476     43.7639     39.9574     2050.23     2345.73     2.73104     297.986       0.016     5.73521     4.20153     4.35911     4.39793
      17900           0           0     4.20198     179.644      377.33     366.345     249.747     616.092     2343.71     2426.96    0.788648     42.7803     39.9574     2050.23     2345.73     2.73117     296.786       0.016      5.7353     4.20152       4.359     4.39777
      17800           0           0     4.20198      179.64     377.849     401.636     260.437     662.073     2343.71     2426.96    0.788821     41.8692     39.9574     2050.23     2345.74      2.7313     296.828       0.016     5.73536      4.2015      4.3589     4.39761
      17700           0           0     4.20198     179.637     375.949     436.476      270.52     706.997      2343.7     2426.97    0.788995     41.0309     39.9574     2050.23     2345.74     2.73142     295.393       0.016      5.7354     4.20148     4.35879     4.39746
      17600           0           0     4.20198     179.634     372.731     460.426     284.612     745.037      2343.7     2426.97    0.789169       40.14     39.9574     2050.23     2345.75     2.73155     292.814       0.016     5.73542     4.20146     4.35869     4.39732
      17500    0.202999           0     4.40498     179.631     372.805      468.34     298.366     766.706     2343.82     2426.98    0.789343     39.1596     39.9574     2050.23     2345.76     2.73167     292.334       0.016     5.73542     4.20143     4.35858     4.39719
      17400    0.324703           0     24.8266     182.537     404.687     497.517     307.611     805.128     2349.12      2427.3    0.816935     32.6236     39.0482     2090.73     2390.82     2.64558     339.815       0.016     5.72608     4.59543     4.35948     4.00886
      17300    0.289328           0     57.2615     184.033     413.915     526.792     316.301     843.094     2360.17      2428.5    0.848505     25.7282     38.2531     2100.64      2400.8     2.63105      347.94       0.016      5.7232     4.58809     4.35823     4.02593
      17200    0.325761           0     86.2308     185.498     419.026     562.889     327.889     890.777     2367.28     2429.99    0.877356     21.3598     37.5586      2106.4     2405.79      2.6287     352.388       0.016     5.72776     4.58101     4.36135     4.04968
      17100    0.466555           0     118.948     187.169     421.654     617.393      339.35     956.743     2375.14     2431.56     0.90289     17.1248     36.9519     2111.38     2409.56     2.62891     354.812       0.016     5.73824     4.57426     4.36879     4.07744
      17000    0.375697           0     165.512     189.272     422.294     666.946     352.178     1019.12     2389.02     2433.13    0.925322     10.6046      36.422     2116.28     2412.69     2.63152     355.674       0.016     5.75307     4.56774     4.38092     4.11576
      16900    0.266289           0     202.973     191.729     416.854      707.27     364.074     1071.34      2395.5     2434.68    0.945013     7.32721     35.9588     2121.13     2415.31     2.63574     351.972       0.016     5.77123     4.56175      4.3992     4.16045
      16800    0.240594           0     229.576      194.25      407.49      745.43     375.014     1120.44     2395.27     2436.18    0.962141     6.68213     35.5537     2125.67     2417.52     2.63885     344.692       0.016     5.79213     4.55682     4.01742     4.19804
      16700    0.235185           0      253.63     196.735     396.969     783.668     386.169     1169.84     2394.19     2437.64    0.976878     6.09698      35.199     2129.85      2419.4     2.64055     336.192       0.016     5.01412     4.55295     4.03137     3.82002
      16600    0.295115           0     277.208     199.206      385.38     818.018     400.113     1218.13     2393.54     2439.08    0.989486      5.0272     34.8882     2133.75     2421.02     2.64165     326.763       0.016     5.03654     4.54968     4.04093     3.83191
      16500    0.383572           0     306.808     201.762     384.608     855.466     406.704     1262.17     2396.67     2440.49     1.00024     2.23192     34.6155     2137.53     2422.41     2.64306     325.209       0.016     5.05924      4.5465      4.0468     3.84196
      16400    0.468789           0     345.251     204.548     390.925     905.701     416.124     1321.83     2404.31     2441.87     1.00944    -2.00276      34.376     2141.34     2423.63     2.64582     330.335       0.016     5.08178     4.54316      4.0519     3.85751
      16300    0.524374           0     392.185     207.673     393.866     963.867     420.967     1384.83     2415.34     2443.22     1.01737    -7.06509     34.1655     2145.33      2424.7     2.65039     333.604       0.016     5.10411     4.53985     4.06004     3.88408
      16200    0.450793           0     444.549     211.172     394.902     1024.85     429.241     1454.09     2427.49     2444.53     1.02422    -12.2368     33.9801     2149.51     2425.66     2.65653     335.019       0.016     5.12653     4.53724     4.07441      3.9235
      16100      0.3312           0     489.509     214.892     384.006     1079.72     438.086      1517.8     2433.74     2445.81     1.03014    -14.9426     33.8167     2153.76     2426.52     2.66278     327.407       0.016     5.14956     4.53626     4.09565     3.96882
      16000    0.294611           0     522.592     218.571       365.2     1122.16     443.219     1565.37     2432.99     2447.05     1.03509    -15.3604     33.6725     2157.84     2427.31     2.66717     312.347       0.016     5.17369     4.53761     4.12032     3.60738
      15900    0.278192           0     552.037     222.101      354.65      1157.5      444.97     1602.47     2431.09     2448.28     1.03907    -15.9147     33.5449     2161.65     2428.04     2.66948     302.794       0.016     5.19904     4.54136     4.14285     3.63079
      15800    0.303231           0     579.881     225.507     349.244        1194     448.117     1642.12     2429.33     2449.49     1.04215    -16.6112      33.432     2165.27     2428.74     2.67055     298.176       0.016     4.82404     4.54692     4.16062     3.64612
      15700    0.304875           0     610.206     228.864     345.131     1229.43     453.471      1682.9     2429.81     2450.69     1.04444    -18.1203     33.3317     2168.76     2429.42     2.67112     294.839       0.016     4.84898     4.55348     4.17399     3.65751
      15600    0.297726           0     640.686     232.226     342.104     1264.57     462.938     1727.51     2430.78     2451.87     1.04607    -19.7034     33.2426      2172.2     2430.09     2.67154     292.398       0.016     4.87357     4.56037     4.18448     3.66755
      15500    0.280302           0     670.441     235.592     338.394     1298.03         475     1773.03     2431.66     2453.03     1.04715    -21.1147     33.1631     2175.59     2430.76     2.67164      289.55       0.016     4.89759     4.56722     4.19318     3.67638
      15400    0.328365           0      698.52     238.942     334.357     1334.74     489.937     1824.68     2431.95     2454.18     1.04773    -22.2152     33.0921     2178.92     2431.43     2.67123     286.348       0.016     4.92104     4.57382     3.80043      3.6833
      15300    0.403017           0     731.431     242.333     331.901     1377.97     504.953     1882.92     2435.25     2455.31     1.04788     -24.443     33.0283     2182.25     2432.13     2.67069     284.353       0.016     4.94413     4.58005     3.80605     3.69108
      15200    0.453799           0     771.783     245.896     330.427      1420.5     522.776     1943.28     2442.32     2456.43      1.0477    -28.0246     32.9709     2185.68     2432.84     2.67087     283.305       0.016     4.96677     4.58596     3.81242     3.70553
      15100    0.561908           0     817.271     249.713     334.995     1470.15     543.715     2013.86     2451.17     2457.54     1.04731    -32.0318      32.919     2189.29     2433.59     2.67194     287.041       0.016      4.9891     4.59188     3.82236     3.72993
      15000    0.654862           0     873.555     253.888     343.674     1531.77     568.301     2100.07      2464.5     2458.64     1.04679    -37.2147     32.8718     2193.13     2434.37     2.67415      294.72       0.016     4.61092     4.59846     3.83816     3.76853
      14900    0.724426           0     939.111     258.533     349.658     1601.89     598.187     2200.08     2480.62     2459.74     1.04623    -42.8451     32.8288     2197.29     2435.19     2.67782     300.703       0.016     4.63242     4.20604     3.86318     3.42367
      14800     0.67337           0      1011.5     263.684      353.95     1680.78     632.592     2313.37     2497.73     2460.84     1.04569    -48.4158     32.7892     2201.78     2436.07     2.68261     305.097       0.016     4.65482     4.21536      3.9003     3.49425
      14700           0           0     1078.17     269.137     342.956     1750.73     672.735     2423.47     2508.96     2461.97     1.04517     -51.665     32.7525     2206.43     2436.99     2.68777     297.432       0.016     4.67903     4.22781     3.94999     3.57833
      14600           0           0     1078.17     264.003     271.703      1777.4     700.898      2478.3     2484.67     2463.05     1.01255    -40.8438     33.7363     2168.59     2397.06      2.8785     218.723       0.016     5.66576     4.00502     3.72687     3.22475
      14500           0           0     1078.17     262.484     244.678     1787.53     724.034     2511.56     2467.48      2463.7    0.970963     -36.729     34.6823     2163.79     2392.71     2.90227     193.292       0.016     6.16436     3.84329     3.50326     3.26961
      14400           0           0     1078.17     263.118     228.603     1790.53     745.798     2536.33     2455.81     2464.35    0.927917    -35.5876     35.5885     2161.48     2389.52     2.90429     178.745       0.016     6.02002     3.60858      3.5882     3.30749
      14300           0           0     1078.17     264.529     215.046     1791.29     771.177     2562.47     2448.14     2464.94    0.884112     -35.833     36.4418     2159.87     2386.49     2.90416     167.255       0.016     5.95493     3.69313     3.20813     3.32632
      14200           0           0     1078.17     266.106     203.562     1796.59     798.731     2595.32     2443.28     2465.42     0.84096    -36.7837     37.2291     2158.57      2383.7     2.90423     157.615       0.016     5.92885     3.73107     3.59561     3.32511
      14100           0           0     1078.17     267.621     197.498     1801.97     828.018     2629.98     2440.35     2465.77    0.799715    -38.0048     37.9427     2157.45     2381.19     2.90463     152.218       0.016     5.92302     3.74024     3.56817     3.30922
      14000           0           0     1078.17         269     194.871     1816.19     860.033     2676.23     2438.73     2466.01     0.76123    -39.1337     38.5803     2156.48     2378.96     2.90527     149.855       0.016      5.9279     3.73362     3.53499      3.2843
      13900           0           0     1078.17      270.23     190.309      1835.2     889.692     2724.89     2437.99     2466.13    0.725983    -40.1057     39.1438     2155.62        2377     2.90604     146.301       0.016     5.93826     3.71943     3.50121     3.25506
      13800           0           0     1078.17     271.318     184.811     1845.09     922.496     2767.59      2437.8     2466.17    0.694155    -41.0813     39.6376     2154.87     2375.28      2.9069     141.824       0.016     5.95119     3.70247     3.46933     3.22484
      13700           0           0     1078.17      272.28     180.816     1870.59     953.425     2824.02     2437.97     2466.13    0.665723    -42.0951     40.0676     2154.21     2373.76     2.90778     138.399       0.016     5.96505     3.68539     3.44079     3.59863
      13600           0           0     1078.17     273.131     177.691     1888.57     985.351     2873.92     2438.33     2466.01    0.640526    -43.0962     40.4403     2153.62     2372.42     2.90867     135.739       0.016     5.97893     3.66955     3.41846     3.57651
      13500           0           0     1078.17     273.892     180.902     1906.91     1023.41     2930.32     2438.78     2465.81    0.618342    -43.9689     40.7621     2153.08      2371.2     2.90955     137.818       0.016     5.99241     3.65573     3.40277      3.5571
      13400           0           0     1078.17     274.579     188.064     1923.94     1058.95     2982.89     2439.25     2465.56    0.598906    -44.4109     41.0391     2152.57     2370.08     2.91044      143.44       0.016     6.00531     3.64424     3.78988     3.54119
      13300   0.0365711           0      1078.2     275.202      185.37     1941.31     1097.29      3038.6     2439.74     2465.25     0.58194    -44.5514      41.277     2152.09     2369.05     2.91133     142.037       0.016     6.01756     3.63505     3.77862     3.52834
      13200   0.0651829           0     1081.89     278.999     206.118     1941.54     1136.38     3077.92     2434.81     2464.86    0.625233    -45.7867     40.2965     2190.75     2410.99     2.78429     172.427       0.016     5.53359     3.65315     3.79632     3.54096
      13100    0.118531           0     1088.46     281.522     212.392     1946.98     1182.04     3129.02     2432.38     2465.17    0.668194    -46.4836     39.3976     2200.48     2420.37      2.7493     178.491       0.016     5.78681     3.65442     3.40227     3.54737
      13000   0.0302275           0     1100.22     283.708     217.879     1949.98     1227.26     3177.23     2432.99      2465.7    0.706961    -47.6664     38.5929     2205.55     2424.61     2.73184     183.926       0.016     5.18481     3.63707     3.79573     3.54979
      12900    0.188926           0     1103.41      285.52     223.732     1961.69     1274.07     3235.76      2428.7      2466.3    0.741277    -46.4814     37.8817     2209.23     2427.53     2.71936     189.441       0.016     4.93762     3.60995     3.78215     3.54385
      12800    0.227903           0     1122.34     287.064      229.51     1981.06     1320.25     3301.31     2433.57     2466.96    0.771537    -48.5507     37.2566     2212.24     2429.88     2.71054     194.881       0.016     4.65622     3.97864     3.76512     3.53615
      12700    0.131178           0     1145.03     288.785     231.111     1994.45     1366.43     3360.88     2439.33     2467.66    0.798352    -50.7963      36.708     2215.09     2431.91     2.70405     196.907       0.016       4.747     3.94494     3.74978     3.53546
      12600           0           0     1158.02      290.74     229.779     2000.47     1412.02     3412.49     2438.71     2468.41    0.821939    -50.6472      36.226     2217.91     2433.76      2.6967     196.134       0.016     4.41676     3.90944     3.73558     3.53394
      12500           0           0     1158.02      292.57     229.094      2004.5     1457.61     3462.11     2431.36      2469.2    0.842489    -48.0298     35.8017     2220.55     2435.49     2.68761     195.651       0.016      4.4647     3.87372     3.71924     3.51948
      12400           0           0     1158.02     294.186     228.703     2011.03     1505.69     3516.72     2425.64     2470.03    0.860253    -46.1186     35.4274        2223     2437.16     2.67737     195.479       0.016     4.49917     3.83954     3.69704     3.49144
      12300   0.0183949           0     1158.04     295.666     227.114     2015.21     1554.57     3569.78     2421.18     2470.91    0.875591    -44.7899     35.0963     2225.32     2438.79     2.66704     194.305       0.016     4.52463     3.80798     3.66952      3.4555
      12200    0.108354           0     1159.97     297.083     224.582     2033.65     1602.35        3636     2418.72     2471.83    0.888842    -44.3985     34.8029     2227.57     2440.39       2.657     192.215       0.016     4.54278     4.17653     3.63798     3.41606
      12100    0.094113           0     1170.79     298.599     223.427     2060.78     1648.51     3709.29     2421.56     2472.78    0.900323    -46.2396     34.5423     2229.85     2441.97     2.64799     191.127       0.016     4.55461     4.14465     3.60528      3.7827
      12000   0.0865824           0     1180.19     300.263     223.183     2096.43     1698.68     3795.11      2423.1     2473.75    0.910318    -47.6052     34.3104      2232.2     2443.52     2.63979     190.912       0.016      4.5611     4.11331     3.97323     3.75379
      11900   0.0814291           0     1188.84     302.011     223.873     2136.72     1746.13     3882.85     2424.02     2474.73    0.918983    -48.6935     34.1037     2234.57     2445.04     2.63165     191.495       0.016     4.56321     4.08261     3.94297     3.72637
      11800    0.131694           0     1197.04     303.814     225.261     2182.87     1794.91     3977.78     2424.64     2475.74    0.926444    -49.5673     33.9194     2236.94     2446.54     2.62344     192.729       0.016     4.56175      4.0526     3.91421     3.69956
      11700    0.123341           0      1210.2     305.728     233.852     2240.97     1844.06     4085.03     2427.93     2476.76    0.932832    -51.2315     33.7547     2239.35     2448.01     2.61556     199.823       0.016     4.55738     4.02326     3.88676     3.67592
      11600    0.078151           0     1222.49     291.933     208.055     2279.91     1878.62     4158.54     2435.32     2477.72    0.902811    -52.0206     34.6333     2196.97     2408.72     2.81535     162.488       0.016      5.1914     4.16113     3.99925     3.66091
      11500           0           0     1230.22     286.585     191.049     2311.53     1899.44     4210.97     2439.01     2478.29    0.867646    -53.9918     35.4829     2190.45     2405.04     2.84857     147.251       0.016     5.66592     3.95817     3.73003     3.69982
      11400           0           0     1230.22     285.258     168.325      2332.9     1916.75     4249.65     2438.75     2478.86    0.832169    -55.7354     36.2999     2187.23      2402.3     2.85638     127.821       0.016     5.48964     3.67681     3.78723     3.75271
      11300           0           0     1230.22     285.467      157.65     2348.44     1936.74     4285.18     2439.53     2479.36     0.79607    -58.4741     37.0709     2185.03      2399.6     2.85976      117.61       0.016     6.19223     3.72276     3.79473     3.79459
      11200           0           0     1230.22     286.242     153.902      2359.7     1958.13     4317.83     2440.94     2479.74    0.760314    -61.1601     37.7829     2183.31     2397.04     2.86234     113.934       0.016     6.13155     3.72262     3.77784     3.41656
      11100           0           0     1230.22     287.174      146.77     2368.13      1980.4     4348.53      2442.7     2480.01     0.72595    -63.5437     38.4281     2181.86     2394.69     2.86459     108.201       0.016     6.09695     3.69688     3.75116     3.42224
      11000           0           0     1230.22     288.102     137.893     2384.84      2003.7     4388.54     2444.59     2480.17    0.693732    -65.8545     39.0042     2180.63     2392.59     2.86658     100.811       0.016     6.07988     3.65975     3.72288     3.42003
      10900           0           0     1230.22     288.973     132.808      2391.9     2025.08     4416.98     2446.47     2480.23    0.664104    -68.1112     39.5127     2179.55     2390.72     2.86833     96.1792       0.016     6.07371     3.62003     3.69662     3.41388
      10800           0           0     1230.22     289.777     129.931     2396.74      2049.3     4446.05     2448.25     2480.19    0.637254    -70.1542     39.9577     2178.61     2389.05     2.86988     93.5498       0.016     6.07421     3.99001     3.67427     3.40781
      10700           0           0     1230.22     290.528     126.143     2400.23     2073.61     4473.84     2449.87     2480.04     0.61319    -71.9976     40.3448     2177.77     2387.55     2.87128      90.356       0.016      6.0789     3.96332     3.65661     3.40292
      10600           0           0     1230.22     291.232     121.906     2400.75     2097.94     4498.69     2451.32     2479.81    0.591807    -73.7601     40.6796     2177.01     2386.16     2.87258     86.7135       0.016     6.08619     3.93938     3.64344     3.79948
      10500           0           0     1230.22     291.891     119.321     2401.38     2122.33     4523.71     2452.56      2479.5     0.57293    -75.4663     40.9683      2176.3     2384.88      2.8738     84.2871       0.016     6.09505     3.91902     3.63429     3.79688
      10400           0           0     1230.22     292.511     117.727     2402.55     2148.64     4551.19     2453.63     2479.12    0.556349    -77.0595     41.2164     2175.64     2383.68     2.87495     82.7556       0.016     6.10481      3.9024     3.62815     3.79537
      10300           0           0     1230.22     293.094     116.688     2408.04     2176.84     4584.88     2454.51     2478.68    0.541841    -78.5315     41.4292     2175.02     2382.55     2.87605     81.6999       0.016     6.11511     3.88933     3.62443     3.79521
      10200           0           0     1230.22     293.644     115.562     2412.73     2204.78     4617.51     2455.24      2478.2    0.529181    -79.8895     41.6113     2174.44      2381.5     2.87711     80.6608       0.016     6.12599     3.87949     3.62273     3.79642
      10100           0           0     1230.22     294.166     113.416     2424.12     2235.25     4659.37     2455.82     2477.69    0.518155    -81.1999     41.7671     2173.88      2380.5     2.87812     78.7706       0.016     6.13718     3.87252     3.62278     3.79894
      10000           0           0     1230.22     294.664     110.945     2428.88     2265.91     4694.79     2456.27     2477.14    0.508562     -82.517     41.9003     2173.36     2379.54      2.8791     76.5972       0.016     6.14847      3.8681     3.62429     3.40219
       9900           0           0     1230.22     295.141     108.304     2435.05     2296.75      4731.8     2456.61     2476.58    0.500224    -83.8625      42.014     2172.86     2378.64     2.88006     74.2668       0.016     6.15974     3.86605     3.62678     3.40525
       9800           0           0     1230.22     295.599     105.529     2440.21     2328.61     4768.82     2456.85     2476.01     0.49298    -85.2467     42.1111     2172.39     2377.77     2.88098     71.8161       0.016     6.17091     3.86591     3.62994     3.40829
       9700           0           0     1230.22     296.039     102.645     2452.59     2361.46     4814.05     2457.02     2475.44    0.486684    -86.6761     42.1939     2171.93     2376.94     2.88189     69.2633       0.016     6.18194     3.86726     3.63357     3.41134
       9600           0           0     1230.22     296.463     99.6719     2465.69     2395.29     4860.98     2457.11     2474.86    0.481211    -88.1546     42.2647      2171.5     2376.15     2.88277     66.6252       0.016     6.19279     3.86981     3.63756     3.41441
       9500           0           0     1230.22     296.872     96.6214      2474.5     2430.09     4904.58     2457.15      2474.3    0.476448    -89.6839     42.3252     2171.09      2375.4     2.88363     63.9119       0.016     5.40312     3.87328      3.6418     3.41746
       9400           0           0     1230.22     297.265        94.3     2482.46     2462.15     4944.61     2457.15     2473.74    0.472299    -91.2497     42.3768     2170.69     2374.67     2.88446      61.734       0.016     5.41223     3.87747     3.64625     3.42081
       9300           0           0     1230.22     297.642     92.4124     2489.61     2495.99      4985.6      2457.1      2473.2    0.468677    -92.8098      42.421     2170.31     2373.98     2.88527     59.9458       0.016     5.42076     3.88217     3.65103     3.42521
       9200           0           0     1230.22     298.004     90.7554     2495.69      2530.3     5025.98     2457.03     2472.65    0.465507    -94.3482     42.4588     2169.95     2373.32     2.88606     58.3557       0.016     5.42887     3.88731     3.65621     3.43041
       9100           0           0     1230.22     298.351     89.2556     2497.68     2566.65     5064.33     2456.92     2472.11    0.462726    -95.8583     42.4911      2169.6     2372.68     2.88683     56.9022       0.016     5.43663     3.89288     3.66176     3.43618
       9000           0           0     1230.22     298.686     87.8818     2501.82     2606.03     5107.86     2456.78     2471.57    0.460279    -97.3367     42.5188     2169.26     2372.06     2.88758     55.5594       0.016      5.4441     3.89879      3.6676     3.44237
       8900           0           0     1230.22     299.009      86.629     2508.36     2644.39     5152.76     2456.62     2471.04     0.45812    -98.7812     42.5426     2168.93     2371.45     2.88831     54.3217       0.016     5.45132     3.90495     3.67367     3.44888
       8800           0           0     1230.22     299.323     85.4722     2513.36     2683.19     5196.55     2456.44     2470.51    0.456208     -100.19     42.5629     2168.61     2370.87     2.88902     53.1709       0.016     5.45833     3.91131     3.67992     3.45562
       8700           0           0     1230.22     299.627     84.3954     2525.87     2722.42     5248.29     2456.25     2469.98    0.454509    -101.562     42.5804     2168.29      2370.3     2.88972     52.0928       0.016     5.46514     3.91782     3.68629     3.46252
       8600           0           0     1230.22     299.923       83.39     2543.59     2761.79     5305.38     2456.05     2469.45    0.452993    -102.897     42.5954     2167.97     2369.74     2.89041     51.0802       0.016     5.47179     3.92445     3.69284     3.46955
       8500           0           0     1230.22     300.212     82.4477     2555.14      2801.3     5356.44     2455.83     2468.93    0.451636    -104.194     42.6083     2167.67     2369.19     2.89108     50.1263       0.016     5.47828     3.93116     3.69956     3.47668
       8400           0           0     1230.22     300.495     81.9867     2570.16      2840.5     5410.66     2455.61     2468.42    0.450415    -105.446     42.6195     2167.36     2368.65     2.89174     49.5478       0.016     5.48463     3.93794     3.70637     3.48391
       8300           0           0     1230.22     300.772     81.8441     2573.74     2882.97     5456.71     2455.37      2467.9    0.449313    -106.628      42.629     2167.07     2368.12     2.89239     49.2614       0.016     5.49087     3.94477     3.71324      3.4912
       8200           0           0     1230.22     301.044     81.9154     2581.72     2925.14     5506.86     2455.13     2467.39    0.448312    -107.734     42.6372     2166.77      2367.6     2.89304     49.1669       0.016     5.49699     3.95163     3.72014     3.49852
       8100           0           0     1230.22     301.311     82.1735     2586.55        2967     5553.55     2454.89     2466.89      0.4474    -108.757     42.6443     2166.48     2367.09     2.89367     49.2426       0.016     5.50301     3.95851     3.72704     3.50586
       8000           0           0     1230.22     301.573     82.5852     2599.28     3008.85     5608.13     2454.64     2466.39    0.446564    -109.696     42.6505     2166.19     2366.58     2.89429     49.4609       0.016     5.50894     3.96539     3.73395     3.51319
       7900           0           0     1230.22     301.832     83.1996     2602.76     3050.68     5653.44     2454.39     2465.89    0.445794    -110.547     42.6557     2165.91     2366.08     2.89491     49.8575       0.016     5.51478     3.97227     3.74083     3.52051
       7800           0           0     1230.22     302.086     83.9787     2608.45     3093.07     5701.52     2454.14      2465.4    0.445083    -111.308     42.6603     2165.63     2365.59     2.89552      50.409       0.016     5.52054     3.97914     3.74769      3.5278
       7700           0           0     1230.22     302.337     84.9096     2616.29        3135      5751.3     2453.89     2464.91    0.444422    -111.976     42.6642     2165.36     2365.11     2.89612     51.1007       0.016     5.52622     3.98598     3.75452     3.53506
       7600           0           0     1230.22     302.584     86.0026     2621.91     3177.49      5799.4     2453.63     2464.43    0.443806    -112.549     42.6676     2165.08     2364.63     2.89671      51.943       0.016     5.53183      3.9928      3.7613     3.54227
       7500           0           0     1230.22     302.827     87.2293     2622.08     3220.49     5842.57     2453.38     2463.95    0.443228    -113.027     42.6706     2164.81     2364.16     2.89729     52.9125       0.016     5.53737     3.99959     3.76805     3.54943
       7400           0           0     1230.22     303.068     87.5523     2625.24     3264.01     5889.25     2453.12     2463.48    0.442684    -113.429     42.6731     2164.55     2363.69     2.89787     53.2196       0.016     5.54284     3.60465     3.77473     3.55654
       7300           0           0     1230.22     303.302     87.3501     2629.83     3306.04     5935.87     2452.87     2463.01    0.442171     -113.81     42.6753     2164.28     2363.24     2.89844     53.0531       0.016     5.54821     3.60784     3.78129     3.56358
       7200           0           0     1230.22     303.528     86.8813     2638.16     3346.56     5984.72     2452.62     2462.54    0.441685    -114.191     42.6772     2164.03     2362.79       2.899     52.6578       0.016     5.55344     3.61032     3.78767     3.57052
       7100           0           0     1230.22     303.745     86.2317     2647.22     3388.01     6035.23     2452.37     2462.09    0.441225    -114.583     42.6788     2163.77     2362.35     2.89954     52.1053       0.016     5.55851     3.61248     3.79387     3.57734
       7000           0           0     1230.22     303.954     85.4478     2648.67     3434.36     6083.03     2452.12     2461.64    0.440789     -114.99     42.6803     2163.53     2361.93     2.90006     51.4345       0.016     5.56342     3.61448      3.7999     3.58401
       6900           0           0     1230.22     304.156     84.5709     2650.16     3480.42     6130.58     2451.88      2461.2    0.440374    -115.415     42.6815     2163.29     2361.53     2.90057     50.6794       0.016     5.56816     3.61639     3.40526      3.5905
       6800           0           0     1230.22     304.349     83.6204     2650.44     3521.87      6172.3     2451.64     2460.77    0.439981    -115.859     42.6826     2163.06     2361.13     2.90105     49.8571       0.016     5.57273     3.61822     3.41017     3.59671
       6700           0           0     1230.22     304.535     82.6198     2651.13      3564.3     6215.43      2451.4     2460.36    0.439608    -116.323     42.6835     2162.83     2360.75     2.90152     48.9859       0.016     5.57712     3.61998     3.41482      3.2023
       6600           0           0     1230.22     304.713     81.5974     2651.18     3609.61     6260.79     2451.18     2459.95    0.439257    -116.805     42.6843     2162.62     2360.39     2.90198     48.0915       0.016     5.58134     3.62216       3.419     3.20616
       6500           0           0     1230.22     304.883     80.5433     2653.97      3653.4     6307.37     2450.96     2459.58    0.438931    -117.305      42.685     2162.41     2360.04     2.90241     47.1659       0.016      5.5854     3.62498     3.42264       3.209
       6400           0           0     1230.22     305.048     79.7629     2657.28     3697.25     6354.53     2450.76     2459.22    0.438629    -117.817     42.6856     2162.22     2359.72     2.90283      46.442       0.016      5.5893     3.62819     3.42585     3.21128
       6300           0           0     1230.22     305.205     79.1442     2659.75      3739.5     6399.25     2450.57     2458.89    0.438349    -118.324     42.6861     2162.04     2359.41     2.90322     45.8635       0.016     5.59305     3.63162     3.42875     3.21321
       6200           0           0     1230.22     305.357     78.6198     2665.32     3781.06     6446.38     2450.39     2458.58    0.438091    -118.821     42.6866     2161.87     2359.11      2.9036     45.3643       0.016     5.59665     3.63517     3.43145     3.21492
       6100           0           0     1230.22     305.503     78.1801     2671.78     3821.91     6493.69     2450.22     2458.29    0.437852    -119.305      42.687     2161.72     2358.84     2.90397     44.9379       0.016     5.60012     3.63876     3.43398     3.21648
       6000           0           0     1230.22     305.643     77.7969     2676.17     3862.05     6538.22     2450.06     2458.02    0.437631    -119.773     42.6873     2161.57     2358.57     2.90432     44.5612       0.016     5.60346     3.64235      3.4364     3.21792
       5900           0           0     1230.22     305.779     77.4589     2678.58     3904.13     6582.71     2449.91     2457.76    0.437426    -120.224     42.6876     2161.43     2358.33     2.90466     44.2243       0.016     5.60667     3.64591     3.43873     3.21944
       5800           0           0     1230.22     305.909     77.1573     2682.45     3944.54     6626.99     2449.77     2457.52    0.437236    -120.659     42.6879     2161.29     2358.09     2.90499     43.9202       0.016     5.60977     3.64941     3.44109      3.2213
       5700           0           0     1230.22     306.035     76.8868     2688.29     3984.68     6672.96     2449.63     2457.29    0.437057    -121.079     42.6881     2161.17     2357.86     2.90531     43.6441       0.016     5.61275     3.65284     3.44351     3.22342
       5600           0           0     1230.22     306.156     76.6437     2695.79     4024.68     6720.48      2449.5     2457.06    0.436888    -121.482     42.6883     2161.04     2357.64     2.90562     43.3933       0.016     5.61564     3.65621     3.44601     3.22571
       5500           0           0     1230.22     306.275     76.4249     2698.28     4064.56     6762.84     2449.38     2456.85    0.436728    -121.869     42.6885     2160.92     2357.42     2.90592      43.165       0.016     5.61843     3.65951     3.44857     3.22814
       5400           0           0     1230.22     306.391     75.5176     2700.14     4104.52     6804.66     2449.25     2456.63    0.436576    -122.255     42.6886      2160.8     2357.21     2.90622     42.4157       0.016     5.62115     3.66275     3.45116     3.23067
       5300           0           0     1230.22     306.503     74.1853      2705.8     4144.58     6850.38     2449.13     2456.42     0.43643    -122.677     42.6887     2160.69     2357.01     2.90651     41.2789       0.016     5.62379     3.66593     3.45379     3.23326
       5200           0           0     1230.22     306.614     72.6217     2712.48     4181.39     6893.87     2449.01     2456.22     0.43629    -123.151     42.6888     2160.58      2356.8     2.90679     39.9351       0.016     5.62637     3.66905     3.45643     3.23591
       5100           0           0     1230.22     306.722     70.9082     2718.81     4218.91     6937.72      2448.9     2456.02    0.436156    -123.681     42.6889     2160.46     2356.61     2.90708     38.4548       0.016      5.6289     3.67212     3.45907     3.23859
       5000           0           0     1230.22     306.828     69.0601     2731.41     4257.14     6988.55     2448.78     2455.82    0.436026     -124.27      42.689     2160.35     2356.41     2.90735      36.851       0.016     5.63137     3.67514     3.46172     3.24128
       4900           0           0     1230.22     306.933     67.1274     2745.44     4294.07     7039.51     2448.67     2455.62    0.435901    -124.917     42.6891     2160.24     2356.22     2.90763     35.1636       0.016     5.63379      3.6781     3.46435     3.24399
       4800           0           0     1230.22     307.035     65.1135     2755.27     4330.36     7085.63     2448.56     2455.43    0.435779    -125.623     42.6891     2160.13     2356.03      2.9079     33.3991       0.016     5.63618     3.68102     3.46698      3.2467
       4700           0           0     1230.22     307.136     63.0355     2759.18        4366     7125.18     2448.45     2455.23    0.435661    -126.386     42.6892     2160.03     2355.84     2.90816     31.5692       0.016     5.63852     3.68389     3.46959     3.24941
       4600           0           0     1230.22     307.236     60.9234     2771.93     4403.43     7175.37     2448.34     2455.04    0.435546    -127.203     42.6892     2159.92     2355.65     2.90843     29.7018       0.016     5.64082     3.68672     3.47218     3.25211
       4500           0           0     1230.22     307.334     58.7582     2786.47     4441.67     7228.13     2448.23     2454.86    0.435434    -128.074     42.6893     2159.82     2355.47     2.90869     27.7815       0.016     5.64309      3.6895     3.47475     3.25479
       4400           0           0     1230.22      307.43     56.9082     2801.61        4478     7279.61     2448.13     2454.67    0.435325    -128.991     42.6893     2159.71     2355.29     2.90895     26.0892       0.016     5.64532     3.69225     3.47729     3.25745
       4300           0           0     1230.22     307.526     55.2355     2814.35     4514.02     7328.38     2448.02     2454.49    0.435219    -129.932     42.6894     2159.61     2355.11      2.9092     24.5548       0.016     5.64752     3.69495     3.47981      3.2601
       4200           0           0     1230.22     307.619     53.6529     2831.54     4549.44     7380.98     2447.92     2454.31    0.435115    -130.889     42.6894     2159.51     2354.93     2.90945     23.0939       0.016     5.64969     3.69762      3.4823     3.26272
       4100           0           0     1230.22     307.712     52.1431     2852.73     4585.45     7438.19     2447.82     2454.13    0.435014    -131.859     42.6894     2159.41     2354.76      2.9097     21.6932       0.016     5.65183     3.70025     3.48477     3.26532
       4000           0           0     1230.22     307.803     50.6759     2874.31     4619.96     7494.27     2447.71     2453.95    0.434915    -132.838     42.6894     2159.31     2354.59     2.90995     20.3278       0.016     5.65394     3.70284     3.48721     3.26789
       3900           0           0     1230.22     307.893     49.2368     2898.64     4652.95     7551.59     2447.61     2453.77    0.434818    -133.825     42.6894     2159.22     2354.42     2.91019     18.9857       0.016     5.65602      3.7054     3.48961     3.27043
       3800           0           0     1230.22     307.982     47.8163     2921.47     4687.48     7608.95     2447.52      2453.6    0.434724    -134.819     42.6895     2159.12     2354.25     2.91043     17.6586       0.016     5.65807     3.70793     3.49199     3.27295
       3700           0           0     1230.22      308.07      45.845     2948.44     4722.23     7670.67     2447.42     2453.43    0.434631    -135.825     42.6895     2159.03     2354.09     2.91067     15.9482       0.016     5.66009     3.71042     3.49439     3.27544
       3600           0           0     1230.22     308.156     42.3454     2973.03     4757.18     7730.21     2447.32     2453.26    0.434541    -136.911     42.6895     2158.93     2353.92      2.9109     12.9362       0.016     5.66209     3.71288     3.49679     3.27793
       3500           0           0     1230.22     308.242     38.1864     2996.88     4790.43     7787.31     2447.23     2453.09    0.434453    -138.134     42.6895     2158.84     2353.76     2.91114     9.33955       0.016     5.66407     3.71531     3.49918      3.2804
       3400           0           0     1230.22     308.327     33.7876     3016.81     4824.75     7841.57     2447.13     2452.93    0.434366    -139.508     42.6895     2158.75      2353.6     2.91137     5.49385       0.016     5.66602     3.71772     3.50155     3.28286
       3300           0           0     1230.22     308.411     29.1523     3027.47     4858.81     7886.28     2447.04     2452.77    0.434281     -141.03     42.6895     2158.66     2353.44      2.9116     1.43251       0.016     5.66795      3.7201     3.50391      3.2853
       3200           0           0     1230.22     308.493     24.8381     3039.42     4892.61     7932.03     2446.95      2452.6    0.434197    -142.695     42.6895     2158.56     2353.28     2.91182    -2.46198       0.016     5.66986     3.72245     3.50625     3.28773
       3100           0           0     1230.22     308.575     21.8322      3049.8     4926.53     7976.33     2446.85     2452.44    0.434116    -144.433     42.6895     2158.48     2353.13     2.91205    -5.26381       0.016     5.67175     3.72478     3.50856     3.29014
       3000           0           0     1230.22     308.657     19.2872     3063.21     4960.59     8023.79     2446.76     2452.29    0.434035    -146.187     42.6895     2158.39     2352.98     2.91227    -7.67145       0.016     5.67362     3.72709     3.51086     3.29253
       2900           0           0     1230.22     308.737     17.0659     3077.02     4993.82     8070.85     2446.67     2452.13    0.433956    -147.937     42.6895      2158.3     2352.82     2.91249    -9.80368       0.016     5.67547     3.72937     3.51313      3.2949
       2800           0           0     1230.22     308.816     15.0729     3091.18     5027.34     8118.52     2446.58     2451.97    0.433879     -149.67     42.6895     2158.21     2352.67     2.91271    -11.7377       0.016     5.67731     3.73163     3.51538     3.29726
       2700           0           0     1230.22     308.895     13.0772     3098.31     5057.34     8155.64      2446.5     2451.82    0.433803    -151.381     42.6895     2158.13     2352.53     2.91293     -13.644       0.016     5.67912     3.73387     3.51761     3.29958
       2600           0           0     1230.22     308.973     10.7474     3100.39     5092.41      8192.8     2446.41     2451.67    0.433728    -153.089     42.6895     2158.04     2352.38     2.91315      -15.83       0.016     5.68091     3.73608     3.51981     3.30189
       2500           0           0     1230.22      309.05      8.3182     3110.63     5123.56     8234.19     2446.32     2451.52    0.433654    -154.809     42.6895     2157.96     2352.23     2.91336    -18.1027       0.016     5.68269     3.73827       3.522     3.30417
       2400           0           0     1230.22     309.126     5.86138     3122.79     5155.09     8277.87     2446.24     2451.37    0.433582    -156.545     42.6895     2157.87     2352.09     2.91357    -20.4041       0.016     5.68444     3.74044     3.52415     3.30644
       2300           0           0     1230.22     309.202     3.37944      3132.9     5187.14     8320.04     2446.15     2451.22    0.433512    -158.297     42.6895     2157.79     2351.95     2.91378    -22.7275       0.016     5.68618     3.74258     3.52629     3.30867
       2200           0           0     1230.22     309.276     1.02904     3136.42     5219.71     8356.14     2446.07     2451.07    0.433442    -160.065     42.6895     2157.71      2351.8     2.91399    -24.9646       0.016      5.6879     3.74471      3.5284     3.31089
       2100           0           0     1230.22      309.35   -0.916095     3147.02     5252.26     8399.29     2445.99     2450.93    0.433374     -161.83     42.6895     2157.63     2351.66      2.9142    -26.8585       0.016     5.68961     3.74681     3.53049     3.31308
       2000           0           0     1230.22     309.423    -2.69524     3157.43     5284.79     8442.21      2445.9     2450.79    0.433307    -163.575     42.6896     2157.55     2351.53      2.9144    -28.6066       0.016     5.69129     3.74889     3.53256     3.31525
       1900           0           0     1230.22     309.496    -4.34819     3166.96     5316.75     8483.71     2445.82     2450.64    0.433241    -165.293     42.6896     2157.47     2351.39      2.9146    -30.2436       0.016     5.69296     3.75095      3.5346      3.3174
       1800           0           0     1230.22     309.567     -5.9032     3177.43     5348.65     8526.08     2445.74      2450.5    0.433177    -166.983     42.6896     2157.39     2351.25     2.91481    -31.7922       0.016     5.69461     3.75299     3.53662     3.31952
       1700           0           0     1230.22     309.638    -7.47237     3189.15     5379.66     8568.81     2445.66     2450.37    0.433114    -168.642     42.6896     2157.32     2351.12       2.915    -33.3338       0.016     5.69625       3.755     3.53862     3.32162
       1600           0           0     1230.22     309.708    -9.22958     3198.04     5409.08     8607.12     2445.59     2450.23    0.433052    -170.281     42.6896     2157.24     2350.99      2.9152    -35.0306       0.016     5.69786       3.757      3.5406      3.3237
       1500           0           0     1230.22     309.778    -11.0383     3206.44     5440.31     8646.76     2445.51     2450.09    0.432991    -171.908     42.6896     2157.16     2350.86      2.9154      -36.77       0.016     5.69946     3.75897     3.54256     3.32575
       1400           0           0     1230.22     309.846    -12.8848      3215.3     5473.21     8688.51     2445.43     2449.96    0.432932    -173.528     42.6896     2157.09     2350.73     2.91559    -38.5397       0.016     5.70105     3.76092     3.54449     3.32779
       1300           0           0     1230.22     309.914    -14.7537     3220.33     5505.39     8725.72     2445.35     2449.83    0.432873    -175.141     42.6896     2157.02      2350.6     2.91579    -40.3277       0.016     5.70261     3.76286      3.5464      3.3298
       1200           0           0     1230.22     309.981     -16.359     3227.13     5536.86     8763.98     2445.28      2449.7    0.432816    -176.746     42.6896     2156.94     2350.47     2.91598    -41.9325       0.016     5.70416     3.76477     3.54829     3.33179
       1100           0           0     1230.22     310.048    -17.2167     3230.91     5567.69     8798.61     2445.21     2449.57     0.43276     -178.31     42.6896     2156.87     2350.35     2.91617    -42.8997       0.016      5.7057     3.76666     3.55016     3.33375
       1000           0           0     1230.22     310.113    -17.7511     3232.66     5598.04     8830.71     2445.13     2449.44    0.432706    -179.805     42.6896      2156.8     2350.23     2.91635    -43.5798       0.016     5.70725     3.76853     3.55201      3.3357
        900           0           0     1230.22     310.179     -17.939     3234.91     5628.57     8863.48     2445.06     2449.31    0.432652    -181.219     42.6896     2156.73      2350.1     2.91654    -43.9622       0.016     5.70887     3.77039     3.55385     3.33762
        800           0           0     1230.22     310.243    -17.8657     3238.49     5655.49     8893.98     2444.99     2449.18      0.4326    -182.541     42.6896     2156.66     2349.98     2.91673    -44.1059       0.016     5.71051     3.77224     3.55567     3.33953
        700           0           0     1230.22     310.308    -17.4829     3239.95     5681.74     8921.69     2444.92     2449.06    0.432548    -183.767     42.6896     2156.59     2349.86     2.91691    -43.9881       0.016     5.71218     3.77409     3.55748     3.34142
        600           0           0     1230.22     310.373    -16.6363     3251.39     5710.93     8962.32     2444.85     2448.94    0.432497     -184.88     42.6896     2156.52     2349.74     2.91709     -43.461       0.016     5.71385     3.77593     3.55929     3.34329
        500           0           0     1230.22     310.437    -15.5104     3263.41     5740.73     9004.13     2444.78     2448.82    0.432448    -185.869     42.6896     2156.45     2349.62     2.91728    -42.6774       0.016     5.71552     3.77778     3.56109     3.34516
        400           0           0     1230.22     310.502    -14.0804     3287.94      5768.5     9056.44     2444.71      2448.7    0.432398    -186.729     42.6896     2156.39      2349.5     2.91746    -41.6227       0.016      5.7172     3.77962     3.56288     3.34701
        300           0           0     1230.22     310.566     -12.401     3301.87     5801.34     9103.22     2444.64     2448.58     0.43235    -187.455     42.6896     2156.32     2349.39     2.91764    -40.3344       0.016     5.71888     3.78147     3.56467     3.34885
        200           0           0     1230.22      310.63    -10.2528     3322.73     5834.68     9157.41     2444.57     2448.46    0.432302    -188.042     42.6896     2156.25     2349.27     2.91782    -38.6664       0.016     5.72056     3.78331     3.56645     3.35069
        100           0           0     1230.22     310.694    -7.20991     3328.87     5863.92     9192.78      2444.5     2448.34    0.432255    -188.458     42.6896     2156.18     2349.15       2.918    -36.2165       0.016     5.72223     3.78514     3.56822     3.35251
          0           0           0     1230.22     310.758    -3.68474     3335.61     5893.22     9228.83     2444.44     2448.22    0.432208    -188.677     42.6896     2156.12     2349.04     2.91818    -33.3262       0.016      5.7239     3.78698     3.56999     3.35433