      20000           0         0.5           0     179.437     415.631      17.399     14.2831      31.682     2343.43     2426.93    0.785391     51.8336     39.9574     2049.96      2345.7     2.72671     328.445       0.016     5.73044     4.59858     4.35318     4.39114
      19900           0         0.5           0     179.437      414.68     28.2793     29.7361     58.0154     2343.43     2426.93    0.785563     51.7019     39.9574     2049.96      2345.7     2.72686     327.608       0.016     5.73044     4.59858     4.35318     4.39114
      19800           0         0.5           0     179.437     414.027     44.2321     46.3592     90.5912     2343.43     2426.93    0.785735     51.5707     39.9574     2049.96      2345.7     2.72701     326.992       0.016     5.73044     4.59858     4.35318     4.39114
      19700           0         0.5           0     179.437     413.765     53.1471     60.5222     113.669     2343.43     2426.93    0.785907     51.4563     39.9574     2049.96      2345.7     2.72716      326.68       0.016     5.73044     4.59858     4.35318     4.39114
      19600   0.0414251         0.5   0.0414251     179.437     413.802     62.7691     72.5053     135.274     2343.45     2426.94    0.786079     51.3637     39.9574     2049.96      2345.7     2.72731     326.622       0.016     5.73044     4.59858     4.35318     4.39114
      19500           0         0.5     4.14251      179.48     411.931     64.9186     81.9754     146.894     2345.61     2428.03    0.786209     50.3272     39.9574     2050.13     2345.85     2.72773     325.313       0.016     5.73045     4.59859     4.35335     4.39219
      19400           0         0.5     4.14251     179.531     409.016     76.4427     93.9642     170.407     2345.13     2427.81    0.786358     50.3934     39.9574     2050.33     2346.02     2.72819     323.122       0.016     5.73049     4.59864     4.35397     4.39355
      19300           0         0.5     4.14251     179.556     406.364     86.3792     105.958     192.337     2344.79     2427.66    0.786533      50.294     39.9574     2050.37     2346.04     2.72841     321.016       0.016     5.73062     4.59878     4.35462     4.39425
      19200           0         0.5     4.14251     179.568      403.73      87.849      117.97     205.819     2344.54     2427.55    0.786697     50.0653     39.9574     2050.37     2346.02     2.72859     318.933       0.016      5.7308       4.599     4.35513     4.39461
      19100 0.000844608         0.5     4.14335     179.575     402.827     87.8759     129.485     217.361     2344.36     2427.46     0.78685     49.7515     39.9574     2050.36     2345.99     2.72875     317.977       0.016     5.73102     4.59927     4.35549     4.39478
      19000           0         0.5     4.22697     179.578     402.962     88.5383     141.807     230.345     2344.26     2427.41    0.786999     49.4276     39.9574     2050.35     2345.97     2.72891     317.894       0.016     5.73126     4.59955     4.35574     4.39486
      18900           0         0.5     4.22697      179.58     401.285     90.2234     154.938     245.161     2344.14     2427.35    0.787148     49.1415     39.9574     2050.34     2345.96     2.72907      316.69       0.016      5.7315     4.59982     4.35592     4.39488
      18800           0         0.5     4.22697     179.579     398.603     99.8607     165.328     265.189     2344.05      2427.3    0.787299     48.7791     39.9574     2050.32     2345.94     2.72922     314.611       0.016     5.73173     4.20007     4.35604     4.39485
      18700           0         0.5     4.22697     179.578      396.75     121.091      177.02     298.111     2343.98     2427.26    0.787453     48.3304     39.9574     2050.31     2345.92     2.72937         313       0.016     5.73195     4.20023     4.35611      4.3948
      18600           0         0.5     4.22697     179.576     395.299     155.602     191.344     346.946     2343.92     2427.23     0.78761      47.844     39.9574     2050.29     2345.91     2.72952     311.744       0.016     5.73215     4.20032     4.35615     4.39473
      18500           0         0.5     4.22697     179.574     393.907     197.635      199.89     397.525     2343.88      2427.2    0.787769     47.3356     39.9574     2050.28      2345.9     2.72966     310.545       0.016     5.73232     4.20038     4.35616     4.39466
      18400           0         0.5     4.22697     179.572     392.577     206.408     207.988     414.396     2343.84     2427.18    0.787931     46.8088     39.9574     2050.27     2345.89     2.72981     309.386       0.016     5.73247     4.20042     4.35615     4.39459
      18300           0         0.5     4.22697      179.57      389.47     210.149     216.438     426.587     2343.81     2427.16    0.788094     46.2379     39.9574     2050.26     2345.88     2.72995     307.046       0.016     5.73259     4.20045     4.35614     4.39452
      18200           0         0.5     4.22697     179.568     385.266     235.183     224.891     460.074     2343.79     2427.15     0.78826     45.5401     39.9574     2050.26     2345.88     2.73009     303.763       0.016     5.73269     4.20046     4.35611     4.39445
      18100           0         0.5     4.22697     179.565     381.683      284.26     232.819     517.079     2343.77     2427.14    0.788426     44.7009     39.9574     2050.25     2345.87     2.73023     300.777       0.016     5.73278     4.20047     4.35608     4.39438
      18000           0         0.5     4.22697     179.564     378.334     328.786     241.308     570.095     2343.76     2427.13    0.788594     43.7628     39.9574     2050.25     2345.87     2.73037     297.994       0.016     5.73284     4.20047     4.35604     4.39432
      17900           0         0.5     4.22697     179.562     377.377     365.949     251.217     617.166     2343.74     2427.12    0.788763      42.779     39.9574     2050.24     2345.87     2.73051     296.794       0.016     5.73289     4.20047     4.35601     4.39426
      17800           0         0.5     4.22697      179.56     377.896     401.193     261.987      663.18     2343.73     2427.12    0.788932     41.8678     39.9574     2050.24     2345.86     2.73065     296.836       0.016     5.73293     4.20046     4.35597      4.3942
      17700           0         0.5     4.22697     179.558     375.995     435.987     272.148     708.136     2343.73     2427.11    0.789102     41.0294     39.9574     2050.23     2345.86     2.73079     295.402       0.016     5.73295     4.20046     4.35593     4.39415
      17600           0         0.5     4.22697     179.557     372.776     459.891     286.317     746.208     2343.72     2427.11    0.789272     40.1384     39.9574     2050.23     2345.86     2.73092     292.822       0.016     5.73297     4.20045     4.35589      4.3941
      17500    0.203376         0.5     4.43035     179.555      372.85     467.761     300.146     767.907     2343.84     2427.17    0.789442     39.1579     39.9574     2050.23     2345.86     2.73106     292.343       0.016     5.73298     4.20044     4.35585     4.39405
      17400    0.325716         0.5     24.8903     182.368     404.759      497.01     309.561     806.571     2349.19     2432.99    0.816996      32.618     39.0482      2090.7     2391.01     2.64397      339.83       0.016     5.72364     4.59401     4.35598     4.00143
      17300    0.291648         0.5     57.4278     183.586     414.073     526.444     318.698     845.142      2360.5     2442.01    0.848478     25.7266     38.2531     2100.66     2401.43     2.62639      347.95       0.016     5.72063     4.58619     4.35072     4.00562
      17200    0.329682         0.5     86.6306     184.636     419.328     562.842     331.147     893.988     2368.15      2449.2    0.877232     21.3644     37.5586     2106.62     2407.23     2.61992       352.4       0.016     5.72463      4.5781     4.34462     4.00755
      17100    0.472455         0.5     119.742     185.807     422.149     617.841     343.969     961.811      2376.8     2456.78     0.90271     17.1306     36.9519      2111.9     2412.05     2.61576     354.845       0.016     5.73371     4.56921     4.33777      4.0077
      17000    0.384177         0.5     166.899     187.276     423.045     668.146     358.793     1026.94     2391.71     2467.37    0.925107     10.6046      36.422     2117.16     2416.44     2.61307     355.745       0.016     5.74594     4.55894     4.33059     4.00995
      16900    0.277341         0.5      205.21     189.005     417.892     709.509     373.413     1082.92     2399.47     2474.27    0.944775     7.30289     35.9588      2122.5     2420.59     2.61152     352.102       0.016     5.75993     4.54713      4.3239     4.01228
      16800    0.253965         0.5      232.92     190.825      408.81     748.989     387.778     1136.77     2400.66     2477.72    0.961942     6.60251     35.5537     2127.59     2424.34     2.60994     344.902       0.016     5.77474       4.534      4.3163     4.01002
      16700    0.250647         0.5     258.314     192.671      398.55     788.808     402.998     1191.81     2400.97     2480.49    0.976772     5.92728      35.199     2132.29      2427.6     2.60809     336.491       0.016     5.78969     4.51969      4.3063     4.00322
      16600    0.312812         0.5      283.44     194.553      387.19     824.968     421.595     1246.56     2401.61     2483.16    0.989471     4.73592     34.8882     2136.63     2430.41     2.60626     327.152       0.016     5.00392      4.5042     4.29373     4.39302
      16500     0.40361         0.5     314.812     196.523     386.708     864.516     433.425     1297.94     2405.95     2487.43     1.00029     1.79645     34.6155     2140.77     2432.89     2.60477     325.688       0.016     5.01654     4.48645     4.27909     4.38055
      16400    0.491264         0.5     355.261     198.659     393.356     917.182     448.734     1365.92     2414.78     2493.78     1.00949    -2.58712      34.376     2144.93     2435.21     2.60403     330.913       0.016     5.02789     4.46678     4.26364     4.36996
      16300    0.549732         0.5     404.446      201.02     396.628      978.11      460.23     1438.34     2427.09     2501.78     1.01735    -7.78928     34.1655      2149.3     2437.54     2.60422     334.296       0.016       5.038     4.44689     4.24927     4.36419
      16200    0.479124         0.5     459.349     203.618     398.037     1042.23     476.057     1518.28     2440.69     2510.39      1.0241    -13.0967     33.9801     2153.98     2439.98     2.60522     335.838       0.016     5.04713     4.42809     4.23758     4.36418
      16100    0.362244         0.5     507.144     206.362     387.405     1100.49     493.432     1593.92     2448.55      2516.1      1.0299    -15.9535     33.8167     2158.83      2442.5     2.60642      328.35       0.016     5.05569     4.41128     4.22902     4.36672
      16000    0.328247         0.5     543.334     209.099     368.781     1146.51     508.037     1654.55     2449.44     2518.25     1.03479     -16.557     33.6725     2163.54     2444.91     2.60697     313.396       0.016     5.06407     4.79663     4.22202      4.3663
      15900    0.314116         0.5     576.145     211.766     358.485     1185.69     520.123     1705.81      2449.1     2519.62     1.03876    -17.3312     33.5449     2167.93     2447.07     2.60666      303.94       0.016     5.07246     4.78248     4.21447     4.36108
      15800    0.341112         0.5     607.584     214.379     353.314     1226.26     528.104     1754.37     2448.73      2520.8     1.04184     -18.269      33.432     2172.02     2448.98     2.60582     299.415       0.016     5.08081     4.76875      4.2054     4.35221
      15700    0.344858         0.5     641.698      216.98     349.428     1265.99     534.634     1800.62     2450.45     2522.86     1.04411    -20.0193     33.3317     2175.92      2450.7     2.60473     296.176       0.016     5.08896     4.75533     4.59462     4.34176
      15600    0.339679         0.5     676.179     219.596     346.629     1305.66     537.798     1843.46     2452.56        2525     1.04571    -21.8482     33.2426     2179.71     2452.33     2.60355     293.835       0.016     5.09678     4.74209     4.58268     4.33114
      15500    0.324184         0.5     710.131     222.226     343.116     1343.83     539.102     1882.94      2454.5     2526.95     1.04673    -23.5066     33.1631     2183.43      2453.9     2.60219     291.083       0.016      5.1042     4.72901      4.5704      4.3205
      15400    0.373728         0.5     742.599     224.857      339.26     1385.45     539.954     1925.41     2455.79     2528.49     1.04724    -24.8582     33.0921     2187.08     2455.42     2.60055      287.97       0.016     5.11118     4.71609     4.55804     4.30959
      15300    0.449679         0.5     780.048     227.519     337.003     1433.78     540.156     1973.93     2460.01     2531.44      1.0473    -27.3136     33.0283      2190.7     2456.92     2.59878     286.063       0.016     5.11772     4.70335     4.54583     4.29973
      15200     0.50284         0.5     825.069     230.285      335.74     1481.63     542.368        2024     2467.99     2536.22     1.04701    -31.0865     32.9709     2194.45      2458.5      2.5972     285.108       0.016     5.12384     4.69099     4.53481     4.29363
      15100    0.613301         0.5     875.464     233.197     340.663     1536.94     546.791     2083.73     2477.85     2541.97     1.04645    -35.2754      32.919     2198.43     2460.25     2.59592     288.971       0.016     5.12971      4.6793     4.52629     4.29276
      15000    0.708816         0.5     936.889     236.312     349.784     1604.67     553.801     2158.48     2492.34      2550.1     1.04573    -40.6012     32.8718     2202.76     2462.25     2.59502      296.82       0.016     5.13555     4.66861     4.52144     4.29894
      14900    0.781678         0.5     1007.84     239.688     356.199     1681.33     564.842     2246.18     2509.85     2559.83     1.04492    -46.3367     32.8288     2207.56      2464.6     2.59464     303.001       0.016     5.14172     4.65934     4.52167     4.31403
      14800    0.733434         0.5     1085.96     243.342     360.984     1767.26     578.905     2346.16     2528.65     2570.35      1.0441    -51.9942     32.7892     2212.86     2467.33     2.59465     307.623       0.016     5.14864     4.65206     4.52801     4.33823
      14700   0.0375381         0.5     1158.61     247.131     350.118     1844.37     597.042     2441.41     2541.79     2578.15     1.04331    -55.3399     32.7525     2218.48     2470.37     2.59507     300.108       0.016     5.15684     4.64741     4.54056     4.36821
      14600   0.0409297         0.5     1162.37     241.084     278.378     1877.71     602.285        2480     2516.89     2563.48     1.00423     -44.513     33.7363     2198.24     2452.34     2.77139     219.471       0.016     6.08564     4.42083     4.29315     4.39772
      14500  0.00153067         0.5     1166.42     239.352     251.026     1894.19      602.29     2496.48     2498.83     2551.79    0.966362    -40.5825     34.6823     2190.14     2444.45     2.79703     193.797       0.016     6.53656     4.24004     4.04807     4.04701
      14400           0         0.5     1166.57     239.855      234.65     1903.24     603.788     2507.03      2483.8     2541.33    0.926995     -38.867     35.5885     2184.23     2437.01     2.80332     179.116       0.016     6.35785     4.38292     4.11577     4.09934
      14300           0         0.5     1166.57     241.121     220.793     1909.75      605.76     2515.51      2472.9      2532.7    0.886393    -38.6902     36.4418     2179.28     2429.96      2.8072     167.569       0.016     6.26844     4.04715     4.13254     4.13948
      14200           0         0.5     1166.57      242.57     209.059     1909.96     609.777     2519.73     2465.05     2525.49    0.845871    -39.3523     37.2291     2175.04     2423.59     2.81075     157.901       0.016      6.2257      4.0632     4.12395     4.16413
      14100           0         0.5     1166.57     243.993     202.889     1909.97     615.437     2525.41     2459.39     2519.37    0.806704    -40.3768     37.9427     2171.37     2417.94      2.8141       152.5       0.016     6.20916     4.05452     4.10552       4.176
      14000           0         0.5     1166.57     245.328     200.212     1918.86     623.781     2542.64     2455.29     2514.11    0.769802    -41.3713     38.5803      2168.2     2412.96     2.81726     150.151       0.016     6.20787     4.03428     4.08525     4.17942
      13900           0         0.5     1166.57     246.565     195.524     1932.65     629.776     2562.42      2452.3     2509.55    0.735709    -42.2506     39.1438     2165.43     2408.58     2.82023     146.613       0.016     6.21551     4.01272      4.0671     4.17836
      13800           0         0.5     1166.57     247.714     189.893     1937.46     638.975     2576.43     2450.09     2505.55    0.704669    -43.1621     39.6376     2163.01     2404.69     2.82303     142.148       0.016     6.22847     4.39926      4.0525     4.17579
      13700           0         0.5     1166.57     248.793     185.801     1957.98     646.419     2604.39     2448.42        2502     0.67672     -44.131     40.0676     2160.88      2401.2      2.8257     138.735       0.016     6.24471     4.38827       4.042     4.17365
      13600           0         0.5     1166.57     249.811      182.58     1971.07     655.024     2626.09     2447.13     2498.83    0.651762    -45.0989     40.4403     2158.98     2398.06     2.82828     136.083       0.016     6.26293     4.37886     4.03548     4.17308
      13500           0         0.5     1166.57     250.771     185.885     1984.42     669.966     2654.39      2446.1     2495.96    0.629613    -45.9456     40.7621     2157.27      2395.2     2.83078     138.205       0.016     6.28224     4.37202     4.03258     4.17465
      13400           0         0.5     1166.57     251.681     193.203     1996.31     682.607     2678.92     2445.23     2493.33    0.610045    -46.3642     41.0391     2155.72     2392.58      2.8332     143.895       0.016     6.30209     4.36809     4.03301     4.17857
      13300    0.093161         0.5     1166.67     252.545      190.35      2008.7     698.291     2706.99     2444.54     2490.94    0.592815    -46.4955      41.277      2154.3     2390.16     2.83554     142.517       0.016     6.32214     4.36705      4.0362     4.18482
      13200    0.122038         0.5     1176.01     256.295     211.458     2013.81     714.671     2728.48     2441.81     2491.52    0.633593      -48.79     40.2965     2190.87     2429.65     2.71539     174.397       0.016     5.83838     4.37502     4.05906     3.80365
      13100    0.174488         0.5     1188.27     258.833     217.821     2024.68     737.639     2762.32     2441.14     2493.36    0.674151     -50.294     39.3976     2200.37     2438.58     2.68303     180.565       0.016     6.08972     4.37174     4.07136     3.81377
      13000   0.0876291         0.5     1205.63     261.034     223.322     2027.12     760.187     2787.31     2443.19     2496.52    0.710804    -52.0825     38.5929     2205.52     2442.73     2.66668     186.038       0.016     5.49092     4.35263     4.07004      3.8172
      12900    0.243583         0.5     1214.55     262.893     229.192      2044.3     784.372     2828.67     2440.22     2497.07    0.743299    -51.4221     37.8817      2209.4     2445.69     2.65506     191.567       0.016     5.64681     4.32352     4.06082     3.81373
      12800    0.281304         0.5     1238.94     264.459     234.984     2069.14     807.949     2877.09     2446.11      2501.9     0.77198    -53.8224     37.2566     2212.62     2448.13     2.64652     197.009       0.016     5.77218     4.29066     4.04813     3.80805
      12700    0.185428         0.5     1266.98     266.077     236.513     2087.93     831.424     2919.36     2452.79     2507.06    0.797383    -56.2948      36.708     2215.77     2450.46     2.63934     199.003       0.016     5.07019     4.25749     4.03587     3.80413
      12600           0         0.5     1285.34     267.869     235.083     2088.65     854.143     2942.79      2453.1     2508.97    0.819734    -56.3522      36.226        2219     2452.75     2.63149     198.178       0.016     5.14704     4.22375     4.02372     4.19875
      12500  0.00949932         0.5     1285.35     269.579     234.392     2089.91     876.735     2966.64     2443.74      2505.9    0.839232    -52.8302     35.8017     2221.97     2454.81      2.6229     197.702       0.016     4.80747     4.59345     4.00996     4.18438
      12400           0         0.5     1286.29     271.149     234.018     2091.12     901.784      2992.9     2436.85     2503.86     0.85606    -50.4004     35.4274     2224.51     2456.49     2.61379     197.577       0.016     4.85162     4.56426     4.39223     4.16083
      12300   0.0745332         0.5     1286.36     272.635     232.432     2100.62     927.632     3028.25     2430.88     2502.07    0.870523    -48.4833     35.0963     2226.74     2457.89     2.60474     196.458       0.016     4.88395     4.53537     4.36929     4.13183
      12200    0.242702         0.5     1293.98     274.118     229.833     2124.31     952.448     3076.76     2430.12     2502.73    0.882945     -48.809     34.8029     2228.84     2459.15     2.59606     194.371       0.016     4.90709      4.5068     4.34291      4.1012
      12100    0.344751         0.5     1318.35     275.766     228.513     2156.52     975.772     3132.29     2438.48     2507.89    0.893682    -52.8448     34.5423      2231.1     2460.47     2.58829     193.165       0.016     4.92321     4.47861     4.31576      4.0753
      12000    0.330971         0.5     1352.82     277.696     227.867     2196.86     1003.37     3200.23      2450.7     2515.02    0.903094    -58.3248     34.3104     2233.79     2462.08     2.58158      192.61       0.016     4.93397      4.4522      4.2912     4.05788
      11900    0.316389         0.5      1385.9     279.868     228.009     2241.28     1028.68     3269.97     2460.05     2520.81    0.911421    -62.5537     34.1037     2236.91     2464.01     2.57533     192.697       0.016     4.94075     4.42799     4.27124       4.047
      11800    0.351207         0.5     1417.57     282.197     228.774     2290.95     1055.84     3346.79     2467.23     2525.59    0.918755    -65.7706     33.9194     2240.28     2466.12     2.56903     193.366       0.016     4.94475     4.40605     4.25533      4.0394
      11700    0.243096         0.5     1452.58     284.667     236.884     2352.08     1083.93     3436.01     2475.25     2530.82    0.925142    -68.9898     33.7547     2243.82     2468.34     2.56268     199.933       0.016     4.94688     4.78573     4.24241     4.03447
      11600    0.165363         0.5     1476.82     272.474     209.786     2392.76     1099.04     3491.79     2479.78     2531.13    0.893537    -68.7503     34.6333     2209.86     2438.42     2.75784     160.146       0.016     5.58671     4.53767     4.37319     4.04114
      11500   0.0662099         0.5     1493.25     268.267     191.773     2425.09     1101.54     3526.63     2479.77      2529.2    0.859975    -69.4548     35.4829     2203.58     2434.51      2.7887     144.236       0.016     6.07532     4.34643     4.11537     4.09604
      11400   0.0658659         0.5     1499.87     267.751     168.152     2446.29     1101.74     3548.03     2475.61     2525.17    0.825889    -69.9451     36.2999     2199.91     2430.66     2.79658     124.341       0.016     5.90835     4.07688     4.18463     4.16321
      11300   0.0390122         0.5     1506.43     268.602     156.939     2461.12     1104.86     3565.99     2473.27      2521.9    0.790898    -71.7685     37.0709     2196.91     2426.46     2.80106     113.802       0.016     5.81979     4.13509     3.80517     3.81787
      11200           0         0.5      1510.3     269.895     152.815      2471.3     1109.91     3581.21     2470.79     2518.47    0.755931    -73.2669     37.7829      2194.3     2422.38     2.80479     109.906       0.016     6.57168      4.1483     3.80057      3.8493
      11100           0         0.5      1510.3     271.227     145.375     2481.12     1116.23     3597.35     2467.41     2514.55    0.722061    -74.0149     38.4281     2191.81      2418.4      2.8079     104.078       0.016     6.54817     4.13625     4.18732     3.86818
      11000           0         0.5      1510.3     272.476     136.284     2499.44     1123.91     3623.35     2465.22     2511.22    0.690033    -75.0925     39.0042     2189.44     2414.65     2.81056     96.6654       0.016     6.54111     4.11267     4.17079     3.87747
      10900           0         0.5      1510.3     273.632     131.102      2508.2     1129.94     3638.15      2463.8     2508.31    0.660329    -76.4107     39.5127     2187.31     2411.26     2.81298     92.0494       0.016     6.54437     4.08577     4.15481     3.88096
      10800           0         0.5      1510.3     274.702     128.171     2511.29     1139.09     3650.38     2462.89     2505.74    0.633215    -77.7324     39.9577     2185.42     2408.22     2.81521     89.4529       0.016     6.55406        4.06      4.1411     3.88155
      10700           0         0.5      1510.3     275.696     124.327     2512.96     1148.57     3661.53     2462.31     2503.44    0.608765    -79.0154     40.3448     2183.75      2405.5     2.81728     86.2987       0.016     6.56769     4.03752     4.13036     3.88121
      10600           0         0.5      1510.3     276.624     120.046     2515.34     1158.29     3673.63     2461.92     2501.35    0.586921    -80.3376     40.6796     2182.25     2403.05     2.81923      82.699       0.016     6.58368     4.02131     4.12319     3.88126
      10500           0         0.5      1510.3     277.502     117.451     2517.84     1168.29     3686.13     2461.65     2499.44    0.567541    -81.6938     40.9683     2180.91     2400.81     2.82108     80.3204       0.016       5.801     4.01298     4.11972     3.88261
      10400           0         0.5      1510.3     278.342     115.858     2520.88     1180.43     3701.31     2461.43     2497.67    0.550433    -83.0052     41.2164     2179.69     2398.75     2.82286     78.8375       0.016     5.81738     4.00922     4.11939     3.88569
      10300           0         0.5      1510.3     279.148     114.827     2524.51     1194.68     3719.19     2461.23     2496.01    0.535385    -84.2474     41.4292     2178.57     2396.83     2.82459     77.8324       0.016     5.83367     4.00827     4.12173     3.89063
      10200           0         0.5      1510.3     279.922     113.705     2527.34      1208.9     3736.24     2461.03     2494.43    0.522183    -85.4151     41.6113     2177.52     2395.04     2.82629     76.8428       0.016     5.84983     4.00906     4.12629     3.89734
      10100           0         0.5      1510.3     280.664     111.553      2540.6     1225.87     3766.46      2460.8     2492.93    0.510617    -86.5657     41.7671     2176.55     2393.35     2.82794     74.9987       0.016     5.86581     4.01097     4.13271     3.90567
      10000           0         0.5      1510.3     281.376     109.073     2547.23     1243.25     3790.47     2460.54     2491.49    0.500493    -87.7466     41.9003     2175.63     2391.75     2.82956     72.8685       0.016     5.88155     4.01361     4.14066     3.91542
       9900           0         0.5      1510.3     282.059     106.421     2551.51        1261     3812.52     2460.25      2490.1    0.491631    -88.9741      42.014     2174.76     2390.23     2.83114     70.5791       0.016     5.89699     4.01675     4.14986     3.92638
       9800           0         0.5      1510.3     282.714     103.636     2554.78     1279.98     3834.75     2459.93     2488.75     0.48387    -90.2548     42.1111     2173.93     2388.78     2.83268     68.1679       0.016      5.9121     4.02024     4.16008     3.93833
       9700           0         0.5      1510.3     283.343     100.743     2565.26     1300.13     3865.39     2459.57     2487.44    0.477066     -91.592     42.1939     2173.14     2387.39     2.83418     65.6537       0.016     5.92685     4.02401     4.17111     3.95111
       9600           0         0.5      1510.3     283.948     97.7618     2576.44     1321.45     3897.89     2459.18     2486.17    0.471092     -92.987     42.2647     2172.38     2386.07     2.83563      63.054       0.016     5.94122     4.02828     4.18277     3.96452
       9500           0         0.5      1510.3      284.53     94.7056     2583.34      1343.9     3927.24     2458.77     2484.93    0.465837    -94.4399     42.3252     2171.65      2384.8     2.83705     60.3791       0.016     5.95522     4.03442     4.19494     3.97843
       9400           0         0.5      1510.3     285.093     92.3921     2593.21      1363.8     3957.01     2458.34     2483.72    0.461204    -95.9346     42.3768     2170.95     2383.57     2.83843     58.2429       0.016     5.96888     4.04217     3.80682     3.99269
       9300           0         0.5      1510.3      285.64     90.5169     2602.25     1385.64     3987.89     2457.89     2482.54    0.457108    -97.4275      42.421     2170.27     2382.39     2.83978     56.4982       0.016     5.98222     4.05111     3.81745     3.60583
       9200           0         0.5      1510.3     286.171      88.877     2610.21     1408.11     4018.32     2457.44     2481.41    0.453486    -98.9012     42.4588     2169.62     2381.25      2.8411     54.9539       0.016     5.99525     4.06088     3.82706     3.61434
       9100           0         0.5      1510.3     286.684     87.3981     2610.35     1432.79     4043.14     2456.99     2480.33    0.450284    -100.348     42.4911     2169.01     2380.17     2.84237      53.548       0.016     6.00796      4.0712     3.83552     3.62063
       9000           0         0.5      1510.3     287.177     86.0488     2612.66     1460.67     4073.32     2456.56     2479.32    0.447447    -101.763     42.5188     2168.43     2379.14      2.8436     52.2544       0.016     6.02032     4.08186      3.8435     3.62769
       8900           0         0.5      1510.3     287.653     84.8236        2621     1487.67     4108.67     2456.12     2478.35    0.444922    -103.146     42.5426     2167.88     2378.17     2.84478     51.0671       0.016     6.03232      4.0927     3.85165     3.63572
       8800           0         0.5      1510.3     288.113     83.6971     2624.22     1515.26     4139.48      2455.7     2477.42    0.442666    -104.493     42.5629     2167.36     2377.23     2.84592     49.9677       0.016     6.04398     4.10367     3.86011     3.64439
       8700           0         0.5      1510.3     288.559     82.6525     2634.99     1543.42      4178.4     2455.27     2476.52    0.440642    -105.804     42.5804     2166.86     2376.34     2.84703     48.9417       0.016     6.05531      4.1147     3.86888     3.65353
       8600           0         0.5      1510.3     288.991     81.6809        2651     1571.86     4222.86     2454.85     2475.65    0.438819    -107.078     42.5954     2166.38     2375.47     2.84812     47.9819       0.016     6.06634     4.12577     3.87815     3.66304
       8500           0         0.5      1510.3     289.414     80.7736     2660.88     1600.57     4261.45     2454.44      2474.8    0.437169    -108.316     42.6083      2165.9     2374.62     2.84917     47.0812       0.016      6.0771     4.13688     3.88811     3.67296
       8400           0         0.5      1510.3     289.828     80.3543     2674.26      1629.1     4303.36     2454.02     2473.97    0.435667    -109.508     42.6195     2165.44     2373.79     2.85021      46.558       0.016     6.08763     4.14802      3.8985     3.68327
       8300           0         0.5      1510.3     290.234     80.2556     2676.26     1661.04     4337.29     2453.61     2473.15    0.434293    -110.632      42.629     2164.98     2372.97     2.85122     46.3279       0.016     6.09797     4.15919     3.90918     3.69393
       8200           0         0.5      1510.3     290.634     80.3731     2682.69     1692.79     4375.48      2453.2     2472.35    0.433029    -111.678     42.6372     2164.53     2372.17     2.85223     46.2907       0.016     6.10815     4.17039     3.92006     3.70486
       8100           0         0.5      1510.3     291.029     80.6788     2686.03     1724.37      4410.4     2452.78     2471.55    0.431859    -112.643     42.6443     2164.09     2371.38     2.85322     46.4247       0.016     6.11835      4.1816     3.93111       3.716
       8000           0         0.5      1510.3      291.42     81.1389     2697.31     1756.07     4453.38     2452.37     2470.77    0.430771    -113.524     42.6505     2163.65     2370.59      2.8542     46.7018       0.016     6.12882     4.19284     3.94229     3.72733
       7900           0         0.5      1510.3     291.809     81.8026     2699.39     1787.88     4487.27     2451.96     2469.99    0.429752    -114.317     42.6557     2163.21     2369.81     2.85517     47.1577       0.016     6.13942     3.80366     3.95361     3.73879
       7800           0         0.5      1510.3     292.195     82.6314     2703.74     1820.37     4524.11     2451.54     2469.21    0.428794     -115.02     42.6603     2162.78     2369.04     2.85614     47.7688       0.016     6.15009     3.81157     3.96502     3.75038
       7700           0         0.5      1510.3     292.575     83.6131     2710.28     1852.55     4562.83     2451.13     2468.44    0.427889    -115.631     42.6642     2162.34     2368.28      2.8571     48.5205       0.016     6.16073     3.81797     3.97641     3.76205
       7600           0         0.5      1510.3     292.947     84.7579     2714.66     1885.39     4600.06     2450.72     2467.68    0.427029    -116.147     42.6676     2161.92     2367.52     2.85804     49.4235       0.016     6.17128     3.82379     3.98773     3.77375
       7500           0         0.5      1510.3     293.312     86.0374     2715.68     1918.88     4634.57      2450.3     2466.92    0.426211    -116.568     42.6706      2161.5     2366.78     2.85896     50.4539       0.016     6.18171     3.82946     3.99897     3.78544
       7400           0         0.5      1510.3     293.671     86.4014     2719.99        1953     4672.99     2449.89     2466.17    0.425429    -116.913     42.6731     2161.08     2366.05     2.85987     50.8183       0.016       6.192     3.83514     3.60892     3.79702
       7300           0         0.5      1510.3     294.021     86.2368      2725.7     1985.75     4711.44     2449.48     2465.43    0.424682    -117.237     42.6753     2160.67     2365.34     2.86076      50.707       0.016     5.40193     3.84088     3.61761     3.40661
       7200           0         0.5      1510.3     294.362      85.802      2735.1     2017.11     4752.21     2449.09     2464.71    0.423976    -117.562     42.6772     2160.28     2364.65     2.86162     50.3647       0.016     5.41065     3.84729     3.62507     3.41282
       7100           0         0.5      1510.3     294.691     85.1842     2745.21      2049.5     4794.72     2448.71     2464.04    0.423314    -117.896     42.6788      2159.9     2363.99     2.86246     49.8636       0.016     5.41879     3.85446     3.63147     3.41735
       7000           0         0.5      1510.3     295.008     84.4311     2747.68     2086.91     4834.59     2448.35      2463.4    0.422694    -118.246     42.6803     2159.55     2363.37     2.86326     49.2428       0.016     5.42651     3.86203     3.63719     3.42142
       6900           0         0.5      1510.3     295.312     83.5845     2750.15     2124.12     4874.27     2448.01     2462.79    0.422113    -118.614     42.6815     2159.22     2362.77     2.86403     48.5369       0.016     5.43387     3.86978     3.64275     3.42622
       6800           0         0.5      1510.3     295.605     82.6639     2750.84     2156.83     4907.66     2447.68     2462.21    0.421564        -119     42.6826      2158.9     2362.21     2.86477     47.7631       0.016     5.44091     3.87757      3.6484      3.4315
       6700           0         0.5      1510.3     295.888     81.6931     2751.07     2190.61     4941.69     2447.37     2461.65    0.421044    -119.407     42.6835      2158.6     2361.67     2.86548     46.9398       0.016     5.44769     3.88533     3.65419     3.43713
       6600           0         0.5      1510.3     296.163     80.7004     2752.02     2227.38      4979.4     2447.06     2461.11    0.420549    -119.833     42.6843     2158.31     2361.14     2.86618     46.0929       0.016     5.45422     3.89304     3.66012     3.44301
       6500           0         0.5      1510.3      296.43     79.6759     2753.95     2262.71     5016.65     2446.76     2460.59    0.420078    -120.277      42.685     2158.02     2360.63     2.86685     45.2145       0.016     5.46055     3.90066     3.66616     3.44907
       6400           0         0.5      1510.3      296.69     78.9281     2756.43      2298.2     5054.62     2446.47     2460.08    0.419627    -120.733     42.6856     2157.74     2360.13     2.86751     44.5386       0.016     5.46669     3.90819     3.67229     3.45527
       6300           0         0.5      1510.3     296.945      78.343     2758.09     2332.19     5090.28     2446.19     2459.58    0.419194    -121.186     42.6861     2157.47     2359.64     2.86816     44.0085       0.016     5.47268     3.91561     3.67851     3.46158
       6200           0         0.5      1510.3     297.194      77.853     2764.43     2365.59     5130.01     2445.91     2459.08    0.418777     -121.63     42.6866      2157.2     2359.16     2.86879     43.5579       0.016     5.47852     3.92293     3.68487     3.46799
       6100           0         0.5      1510.3     297.439     77.4481     2771.62     2398.38        5170     2445.63      2458.6    0.418374     -122.06      42.687     2156.93     2358.69     2.86941     43.1805       0.016     5.48425     3.93015     3.69142      3.4745
       6000           0         0.5      1510.3     297.681        77.1     2775.31     2430.56     5205.86     2445.36     2458.12    0.417983    -122.476     42.6873     2156.67     2358.22     2.87003     42.8528       0.016     5.48986     3.93729     3.69807     3.48113
       5900           0         0.5      1510.3     297.919     76.7969     2777.06     2464.77     5241.83     2445.09     2457.65    0.417604    -122.875     42.6876     2156.41     2357.76     2.87063     42.5649       0.016     5.49539     3.94435     3.70478     3.48784
       5800           0         0.5      1510.3     298.153     76.5302     2781.56     2497.43     5278.99     2444.83     2457.19    0.417234    -123.259     42.6879     2156.15      2357.3     2.87123     42.3097       0.016     5.50083     3.95133     3.71152     3.49461
       5700           0         0.5      1510.3     298.386      76.294      2786.8     2529.91     5316.72     2444.57     2456.72    0.416872    -123.626     42.6881     2155.89     2356.85     2.87182     42.0824       0.016     5.50621     3.95825     3.71827     3.50144
       5600           0         0.5      1510.3     298.615     76.0851     2793.75     2562.38     5356.13     2444.31     2456.27    0.416518    -123.978     42.6883     2155.63      2356.4     2.87241     41.8801       0.016     5.51152     3.96509     3.72502     3.50829
       5500           0         0.5      1510.3     298.842     75.9002     2796.76     2594.82     5391.58     2444.05     2455.81     0.41617    -124.315     42.6885     2155.38     2355.95     2.87299     41.7001       0.016     5.51677     3.97187     3.73177     3.51516
       5400           0         0.5      1510.3     299.068     75.0197     2799.12     2627.46     5426.58     2443.79     2455.36    0.415829     -124.65     42.6886     2155.13     2355.51     2.87356     40.9965       0.016     5.52196     3.97859      3.7385     3.52204
       5300           0         0.5      1510.3      299.29     73.7116     2804.31      2660.3     5464.61     2443.54     2454.91    0.415493    -125.022     42.6887     2154.88     2355.07     2.87413     39.9036       0.016     5.52711     3.98525     3.74521     3.52891
       5200           0         0.5      1510.3     299.511     72.1698     2811.44     2690.02     5501.45     2443.29     2454.47    0.415163    -125.446     42.6888     2154.63     2354.64      2.8747     38.6021       0.016     5.53221     3.99186      3.7519     3.53578
       5100           0         0.5      1510.3     299.731     70.4767     2817.33     2720.55     5537.88     2443.04     2454.03    0.414837    -125.927     42.6889     2154.39     2354.21     2.87525     37.1628       0.016     5.53726     3.99841     3.75856     3.54262
       5000           0         0.5      1510.3     299.948     68.6478     2829.52     2751.89     5581.41     2442.79     2453.59    0.414516    -126.466      42.689     2154.14     2353.78     2.87581     35.5991       0.016     5.54227     3.60422     3.76518     3.54944
       4900           0         0.5      1510.3     300.162     66.7341     2843.16     2782.06     5625.21     2442.54     2453.15    0.414199    -127.065     42.6891      2153.9     2353.36     2.87636     33.9512       0.016     5.54723      3.6088     3.77175     3.55624
       4800           0         0.5      1510.3     300.372     64.7392     2852.61     2811.68     5664.29      2442.3     2452.72    0.413886    -127.722     42.6891     2153.66     2352.94      2.8769     32.2257       0.016     5.55211      3.6128     3.77821     3.56298
       4700           0         0.5      1510.3     300.577     62.6805     2856.17     2840.75     5696.93     2442.05     2452.29    0.413579    -128.437     42.6892     2153.42     2352.53     2.87743     30.4345       0.016      5.5569     3.61654     3.78457     3.56966
       4600           0         0.5      1510.3     300.777     60.5884     2868.59     2871.73     5740.32     2441.81     2451.87    0.413276    -129.207     42.6892     2153.19     2352.13     2.87796     28.6058       0.016      5.5616     3.62017     3.79082     3.57627
       4500           0         0.5      1510.3     300.973     58.4436     2882.81      2903.6     5786.41     2441.57     2451.45    0.412979    -130.031     42.6893     2152.96     2351.74     2.87847     26.7239       0.016     5.56619     3.62376     3.79696     3.58279
       4400           0         0.5      1510.3     301.165     56.6177     2897.66     2933.67     5831.33     2441.34     2451.04    0.412688      -130.9     42.6893     2152.73     2351.35     2.87897     25.0713       0.016     5.57069     3.62736      3.4028     3.58921
       4300           0         0.5      1510.3     301.352     54.9706     2910.14     2963.52     5873.66     2441.11     2450.64    0.412402    -131.794     42.6894     2152.51     2350.97     2.87946     23.5771       0.016      5.5751     3.63098     3.40804     3.59546
       4200           0         0.5      1510.3     301.535     53.4153     2927.09     2992.86     5919.95     2440.88     2450.24    0.412123    -132.704     42.6894     2152.29      2350.6     2.87994     22.1571       0.016     5.57941     3.63462       3.413     3.20133
       4100           0         0.5      1510.3     301.714     51.9341     2948.07     3022.87     5970.94     2440.66     2449.85    0.411852    -133.627     42.6894     2152.08     2350.24     2.88041     20.7979       0.016     5.58362     3.63828     3.41759     3.20556
       4000           0         0.5      1510.3     301.888     50.4966     2969.47     3051.46     6020.93     2440.44     2449.48    0.411595    -134.559     42.6894     2151.88     2349.89     2.88087     19.4744       0.016     5.58772     3.64195     3.42163     3.20864
       3900           0         0.5      1510.3     302.056     49.0885     2993.65     3078.61     6072.27     2440.24     2449.13    0.411352    -135.499     42.6894     2151.69     2349.56     2.88131     18.1743       0.016     5.59171      3.6456      3.4252     3.21111
       3800           0         0.5      1510.3     302.218     47.6998     3016.36     3107.38     6123.75     2440.05      2448.8    0.411122    -136.446     42.6895      2151.5     2349.24     2.88174     16.8896       0.016     5.59557     3.64924     3.42843     3.21319
       3700           0         0.5      1510.3     302.374     45.7559     3043.25     3136.43     6179.68     2439.87     2448.49    0.410907    -137.404     42.6895     2151.33     2348.94     2.88215     15.2196       0.016     5.59931     3.65285      3.4314     3.21504
       3600           0         0.5      1510.3     302.524     42.2759     3067.77     3165.75     6233.52      2439.7      2448.2    0.410706    -138.443     42.6895     2151.17     2348.66     2.88254     12.2435       0.016     5.60291     3.65642     3.43419     3.21672
       3500           0         0.5      1510.3     302.668     38.1326     3091.56     3193.42     6284.99     2439.54     2447.92    0.410517    -139.619     42.6895     2151.02     2348.39     2.88292     8.67987       0.016     5.60637     3.65996     3.43683     3.21827
       3400           0         0.5      1510.3     302.806     33.7485     3111.46     3222.23     6333.69     2439.39     2447.66     0.41034    -140.948     42.6895     2150.87     2348.13     2.88329     4.86527       0.016     5.60971     3.66347      3.4394     3.22002
       3300           0         0.5      1510.3     302.939     29.1264     3122.09     3250.82     6372.91     2439.24     2447.42    0.410173    -142.424     42.6895     2150.74     2347.88     2.88364    0.833311       0.016     5.61292     3.66695       3.442     3.22212
       3200           0         0.5      1510.3     303.068     24.8294     3134.03     3279.19     6413.22      2439.1     2447.18    0.410015    -144.045     42.6895      2150.6     2347.65     2.88398    -3.03116       0.016     5.61602      3.6704      3.4447     3.22448
       3100           0         0.5      1510.3     303.193     21.8482     3144.43     3307.73     6452.16     2438.97     2446.95    0.409863    -145.739     42.6895     2150.48     2347.42     2.88432    -5.79963       0.016     5.61902      3.6737     3.44749     3.22702
       3000           0         0.5      1510.3     303.314     19.3317     3157.88     3336.44     6494.32     2438.84     2446.72    0.409718    -147.449     42.6895     2150.35      2347.2     2.88464    -8.17203       0.016     5.62192      3.6766     3.45034     3.22971
       2900           0         0.5      1510.3     303.432     17.1421     3171.77     3364.38     6536.14     2438.71      2446.5    0.409579    -149.156     42.6895     2150.23     2346.98     2.88496    -10.2672       0.016     5.62474     3.67903     3.45323      3.2325
       2800           0         0.5      1510.3     303.546     15.1832     3186.03     3392.62     6578.66     2438.58     2446.28    0.409445    -150.846     42.6895     2150.11     2346.76     2.88528    -12.1629       0.016     5.62746     3.68105     3.45612     3.23535
       2700           0         0.5      1510.3     303.656     13.2219     3193.31     3417.38     6610.69     2438.46     2446.06    0.409316    -152.515     42.6895     2149.99     2346.55     2.88558    -14.0305       0.016      5.6301     3.68281     3.45898     3.23825
       2600           0         0.5      1510.3     303.762     10.9255     3195.22     3447.24     6642.46     2438.34     2445.85    0.409191    -154.182     42.6895     2149.87     2346.35     2.88588    -16.1786       0.016     5.63264     3.68443     3.46181     3.24116
       2500           0         0.5      1510.3     303.865     8.52923     3205.67     3473.21     6678.87     2438.22     2445.64    0.409071     -155.86     42.6895     2149.76     2346.15     2.88617    -18.4138       0.016      5.6351     3.68607      3.4646     3.24406
       2400           0         0.5      1510.3     303.964     6.10525     3218.07     3499.57     6717.64      2438.1     2445.44    0.408955    -157.555     42.6895     2149.65     2345.96     2.88645    -20.6781       0.016     5.63747     3.68786     3.46735     3.24695
       2300           0         0.5      1510.3     304.061     3.65581     3228.46     3526.48     6754.94     2437.98     2445.24    0.408843    -159.266     42.6895     2149.54     2345.77     2.88673     -22.965       0.016     5.63978     3.68994     3.47006     3.24982
       2200           0         0.5      1510.3     304.156     1.33889     3232.29     3553.94     6786.22     2437.87     2445.04    0.408736    -160.995     42.6895     2149.43     2345.58       2.887    -25.1654       0.016     5.64203      3.6924     3.47276     3.25265
       2100           0         0.5      1510.3      304.25   -0.570997     3243.23     3581.39     6824.62     2437.76     2444.85    0.408632    -162.719     42.6895     2149.32      2345.4     2.88727     -27.022       0.016     5.64424     3.69511     3.47546     3.25547
       2000           0         0.5      1510.3     304.343     -2.3142     3254.02     3608.83     6862.85     2437.65     2444.66    0.408531    -164.425     42.6896     2149.22     2345.22     2.88754    -28.7325       0.016     5.64641     3.69798     3.47815     3.25826
       1900           0         0.5      1510.3     304.435    -3.93072     3263.96     3635.73     6899.69     2437.54     2444.47    0.408434    -166.105     42.6896     2149.11     2345.04      2.8878    -30.3316       0.016     5.64856     3.70096     3.48084     3.26104
       1800           0         0.5      1510.3     304.528    -5.44908     3274.89     3662.59     6937.48     2437.43     2444.28    0.408338    -167.756     42.6896     2149.01     2344.86     2.88807    -31.8423       0.016      5.6507     3.70399     3.48352     3.26381
       1700           0         0.5      1510.3      304.62    -6.98238      3287.1     3688.59     6975.69     2437.33      2444.1    0.408245    -169.376     42.6896     2148.91     2344.69     2.88833    -33.3463       0.016     5.65282     3.70706     3.48619     3.26656
       1600           0         0.5      1510.3     304.712    -8.70515     3296.51     3713.01     7009.52     2437.22     2443.92    0.408154    -170.977     42.6896     2148.81     2344.51     2.88859    -35.0065       0.016     5.65494     3.71016     3.48886      3.2693
       1500           0         0.5      1510.3     304.804    -10.4804     3305.48     3739.27     7044.74     2437.12     2443.74    0.408065    -172.567     42.6896     2148.71     2344.34     2.88885      -36.71       0.016     5.65705     3.71326     3.49151     3.27203
       1400           0         0.5      1510.3     304.895    -12.2943     3314.93     3767.21     7082.14     2437.02     2443.56    0.407977     -174.15     42.6896     2148.61     2344.16     2.88911    -38.4444       0.016     5.65916     3.71637     3.49416     3.27475
       1300           0         0.5      1510.3     304.987    -14.1314     3320.58     3794.46     7115.04     2436.91     2443.38    0.407891    -175.726     42.6896     2148.51     2343.99     2.88937    -40.1978       0.016     5.66126     3.71947     3.49679     3.27746
       1200           0         0.5      1510.3     305.078    -15.7033     3326.72     3821.03     7147.75     2436.81      2443.2    0.407806    -177.296     42.6896     2148.41     2343.82     2.88963    -41.7677       0.016     5.66335     3.72256     3.49942     3.28015
       1100           0         0.5      1510.3     305.169    -16.5243     3329.81     3846.99      7176.8     2436.71     2443.03    0.407721    -178.824     42.6896     2148.31     2343.64     2.88989    -42.6982       0.016     5.66545     3.72564     3.50203     3.28284
       1000           0         0.5      1510.3     305.259    -17.0205     3330.83     3872.48     7203.31     2436.61     2442.85    0.407638    -180.283     42.6896     2148.22     2343.47     2.89014    -43.3407       0.016     5.66753     3.72869     3.50464     3.28551
        900           0         0.5      1510.3      305.35    -17.1683     3332.31     3898.18     7230.49     2436.51     2442.68    0.407555    -181.662     42.6896     2148.12      2343.3      2.8904    -43.6845       0.016     5.66961     3.73172     3.50723     3.28817
        800           0         0.5      1510.3     305.439    -17.0537     3335.07      3920.3     7255.37     2436.42     2442.51    0.407474    -182.949     42.6896     2148.02     2343.13     2.89066    -43.7886       0.016     5.67169     3.73472      3.5098     3.29082
        700           0         0.5      1510.3     305.529    -16.6277     3335.68     3941.76     7277.44     2436.32     2442.34    0.407393    -184.139     42.6896     2147.92     2342.97     2.89091    -43.6303       0.016     5.67376     3.73769     3.51236     3.29346
        600           0         0.5      1510.3     305.618    -15.7359     3346.22     3966.21     7312.42     2436.22     2442.17    0.407313    -185.217     42.6896     2147.83      2342.8     2.89117    -43.0614       0.016     5.67582     3.74063     3.51491     3.29608
        500           0         0.5      1510.3     305.707    -14.5634     3357.29     3991.27     7348.56     2436.13        2442    0.407233    -186.171     42.6896     2147.73     2342.63     2.89142    -42.2351       0.016     5.67787     3.74353     3.51744     3.29869
        400           0         0.5      1510.3     305.795    -13.0854     3380.83     4014.34     7395.17     2436.03     2441.83    0.407155    -186.995     42.6896     2147.64     2342.46     2.89167    -41.1367       0.016     5.67991     3.74639     3.51996     3.30128
        300           0         0.5      1510.3     305.883     -11.357     3393.72     4042.49     7436.21     2435.93     2441.66    0.407077    -187.686     42.6896     2147.54      2342.3     2.89192     -39.804       0.016     5.68194     3.74921     3.52246     3.30386
        200           0         0.5      1510.3      305.97    -9.15702     3413.48     4071.17     7484.65     2435.84      2441.5       0.407    -188.237     42.6896     2147.45     2342.14     2.89217    -38.0901       0.016     5.68395       3.752     3.52494     3.30643
        100           0         0.5      1510.3     306.057    -6.05814     3418.46     4095.77     7514.23     2435.75     2441.33    0.406923    -188.617     42.6896     2147.36     2341.97     2.89242    -35.5918       0.016     5.68596     3.75474      3.5274     3.30898
          0           0         0.5      1510.3     306.142    -2.47464     3426.41     4120.46     7546.87     2435.65     2441.17    0.406848      -188.8     42.6896     2147.26     2341.81     2.89266    -32.6513       0.016     5.68795     3.75743     3.52984     3.31151