      20000           0         1.7           0     179.437     415.631      17.399     14.2831      31.682     2343.43     2426.93    0.785391     51.8336     39.9574     2049.96      2345.7     2.72671     328.445       0.016     5.73044     4.59858     4.35318     4.39114
      19900           0         1.7           0     179.437      414.68     28.2793     29.7361     58.0154     2343.43     2426.93    0.785563     51.7019     39.9574     2049.96      2345.7     2.72686     327.608       0.016     5.73044     4.59858     4.35318     4.39114
      19800           0         1.7           0     179.437     414.027     44.2321     46.3592     90.5912     2343.43     2426.93    0.785735     51.5707     39.9574     2049.96      2345.7     2.72701     326.992       0.016     5.73044     4.59858     4.35318     4.39114
      19700           0         1.7           0     179.437     413.765     53.1471     60.5222     113.669     2343.43     2426.93    0.785907     51.4563     39.9574     2049.96      2345.7     2.72716      326.68       0.016     5.73044     4.59858     4.35318     4.39114
      19600   0.0414251         1.7   0.0414251     179.437     413.802     62.7691     72.5053     135.274     2343.45     2426.97    0.786079     51.3637     39.9574     2049.96      2345.7     2.72731     326.622       0.016     5.73044     4.59858     4.35318     4.39114
      19500           0         1.7     4.14251     179.408     411.955     64.8941     82.0476     146.942     2345.63     2430.66    0.786115     50.3301     39.9574     2050.35     2346.21      2.7268     325.306       0.016     5.73044     4.59858     4.35291     4.38941
      19400           0         1.7     4.14251     179.373      409.07     76.3637     94.1947     170.558     2345.24     2429.93    0.786196     50.4039     39.9574     2050.79      2346.8     2.72639     323.106       0.016     5.73039     4.59851     4.35189     4.38712
      19300           0         1.7     4.14251     179.356      406.44     86.2241     106.389     192.613     2344.97     2429.42    0.786447     50.3091     39.9574     2050.81     2346.85     2.72647     321.001       0.016     5.73024     4.59832     4.35079     4.38584
      19200           0         1.7     4.14251     179.348     403.822     87.6018     118.621     206.223     2344.75     2429.04    0.786706     50.0817     39.9574     2050.75     2346.78     2.72663     318.923       0.016     5.72999     4.59801     4.34989      4.3851
      19100  0.00144489         1.7     4.14395     179.343     402.931     87.7331     130.367       218.1     2344.58     2428.73    0.786943     49.7671     39.9574     2050.67      2346.7      2.7268     317.972       0.016     5.72967     4.59762     4.34923     4.38469
      19000           0         1.7       4.287     179.341     403.075     88.5083     142.927     231.435     2344.51     2428.62    0.787155     49.4277     39.9574     2050.62     2346.64     2.72696     317.892       0.016     5.72932     4.59718     4.34875     4.38442
      18900           0         1.7       4.287     179.339     401.403     90.3117     156.297     246.609     2344.38      2428.4    0.787352     49.1431     39.9574     2050.58     2346.59     2.72712     316.692       0.016     5.72895     4.59675     4.34839     4.38426
      18800           0         1.7       4.287     179.339     398.725      99.827     166.928     266.755     2344.27     2428.22    0.787543     48.7811     39.9574     2050.53     2346.53     2.72729     314.616       0.016     5.72857     4.59633     4.34813     4.38422
      18700           0         1.7       4.287      179.34     396.874     120.933     178.858      299.79     2344.18     2428.08    0.787725     48.3321     39.9574     2050.48     2346.47     2.72747     313.008       0.016     5.72821     4.59594     4.34795     4.38425
      18600           0         1.7       4.287     179.342     395.425     155.317     193.416     348.734     2344.11     2427.96    0.787901     47.8452     39.9574     2050.45     2346.42     2.72765     311.755       0.016     5.72787     4.59559     4.34784     4.38433
      18500           0         1.7       4.287     179.343     394.034     197.224     202.193     399.417     2344.05     2427.86    0.788071     47.3361     39.9574     2050.41     2346.38     2.72782     310.558       0.016     5.72756     4.59528     4.34777     4.38442
      18400           0         1.7       4.287     179.345     392.704      205.87     210.518     416.389     2343.99     2427.78    0.788239     46.8087     39.9574     2050.38     2346.34     2.72799     309.401       0.016     5.72727     4.59501     4.34774     4.38453
      18300           0         1.7       4.287     179.346     389.596     209.736     219.192     428.928     2343.95     2427.72    0.788404     46.2372     39.9574     2050.36     2346.31     2.72817     307.062       0.016     5.72701     4.59478     4.34772     4.38465
      18200           0         1.7       4.287     179.348      385.39     234.646     227.864      462.51     2343.91     2427.66    0.788568     45.5388     39.9574     2050.34     2346.28     2.72834      303.78       0.016     5.72679     4.59459     4.34773     4.38476
      18100           0         1.7       4.287      179.35     381.806     283.601     236.008     519.609     2343.88     2427.61    0.788732     44.6991     39.9574     2050.32     2346.26      2.7285     300.795       0.016     5.72658     4.59443     4.34774     4.38487
      18000           0         1.7       4.287     179.351     378.455     328.006      244.71     572.716     2343.85     2427.57    0.788895     43.7606     39.9574     2050.31     2346.24     2.72867     298.013       0.016     5.72641      4.5943     4.34777     4.38498
      17900           0         1.7       4.287     179.352     377.498     365.048     254.828     619.876     2343.83     2427.54    0.789058     42.7765     39.9574     2050.29     2346.22     2.72883     296.814       0.016     5.72626     4.59419      4.3478     4.38508
      17800           0         1.7       4.287     179.354     378.016     400.172     265.804     665.976     2343.81     2427.51    0.789221      41.865     39.9574     2050.28      2346.2       2.729     296.856       0.016     5.72613     4.59411     4.34783     4.38517
      17700           0         1.7       4.287     179.355     376.114     434.848     276.169     711.017     2343.79     2427.49    0.789385     41.0264     39.9574     2050.27     2346.19     2.72916     295.422       0.016     5.72602     4.59404     4.34786     4.38526
      17600           0         1.7       4.287     179.356     372.893     458.635     290.538     749.173     2343.77     2427.46    0.789549     40.1352     39.9574     2050.26     2346.18     2.72932     292.843       0.016     5.72592     4.59399      4.3479     4.38535
      17500    0.204356         1.7     4.49135     179.357     372.966     466.389     304.566     770.954     2343.88     2427.65    0.789714     39.1543     39.9574     2050.25     2346.17     2.72948     292.363       0.016     5.72585     4.59395     4.34794     4.38542
      17400    0.328243         1.7     25.0508     181.943     404.943     495.822     314.405     810.227     2349.38      2446.8    0.817177     32.6038     39.0482     2090.65     2391.54     2.63999     339.868       0.016     5.71645     4.58719      4.3459     4.37917
      17300    0.297373         1.7     57.8442     182.489     414.466     525.648     324.639     850.288     2361.34     2474.84    0.848459     25.7225     38.2531     2100.72     2403.04     2.61504     347.975       0.016     5.71306     4.57868      4.3291     4.34401
      17200     0.33938         1.7     87.6235     182.537     420.074     562.792     339.187     901.979     2370.35     2496.25    0.876989     21.3768     37.5586     2107.17     2410.83     2.59855     352.429       0.016     5.71556     4.56833     4.29823     4.28798
      17100    0.487129         1.7     121.709     182.494     423.376     619.018     355.323     974.341     2380.96     2519.09    0.902317     17.1465     36.9519     2113.18     2418.22     2.58357     354.916       0.016     5.72105     4.55278     4.25546      4.2186
      17000    0.405416         1.7      170.34      182.42     424.916     671.194     375.004      1046.2     2398.42     2552.48    0.924568     10.6042      36.422     2119.32      2425.8     2.56766     355.902       0.016     5.72665     4.53128     4.20191     4.53678
      16900    0.305247         1.7     210.782     182.381     420.495     715.159     396.248     1111.41     2409.37     2573.82    0.944037     7.23446     35.9588     2125.82      2433.8     2.55142      352.39       0.016     5.73008     4.50334     4.53647     4.44348
      16800    0.288036         1.7     241.289      182.48     412.148     757.978     418.957     1176.94     2414.11     2583.87    0.961083     6.38416     35.5537     2132.25     2441.51     2.53722     345.368       0.016     5.72969     4.46845     4.46192     4.75274
      16700     0.29045         1.7     270.095     182.736     402.587     801.835     444.111     1245.95     2417.97     2591.97    0.975887     5.47149      35.199     2138.21     2448.43     2.52511     337.164       0.016     5.72454     4.42675     4.78789     4.66518
      16600     0.35886         1.7     299.209     183.116     391.864     842.669     474.145     1316.81     2422.01     2600.06    0.988596     3.96867     34.8882     2143.68     2454.56     2.51419     328.039       0.016     5.71439     4.78177     4.71127     4.98251
      16500    0.456356         1.7     335.192     183.564     392.199     887.708     498.935     1386.64     2429.65     2613.99    0.999364    0.661468     34.6155     2148.82      2460.2     2.50347     326.787       0.016     5.69946     4.73069     4.63444     4.89973
      16400    0.551143         1.7     380.923     184.009     399.789     946.807     528.894      1475.7     2441.86     2635.34     1.00838    -4.10603      34.376     2153.96     2465.84     2.49182     332.242       0.016     5.68045     4.67488     4.96012     4.81138
      16300    0.618067         1.7     436.104     184.397     404.031     1015.14     557.013     1572.15     2457.84     2662.66     1.01586    -9.67876     34.1655     2159.42     2471.96     2.47871     335.891       0.016     5.65781      4.6161     4.87822     5.11718
      16200    0.556348         1.7     497.849     184.707      406.55     1087.77      591.75     1679.52     2475.57     2692.47     1.02203    -15.3591     33.9801     2165.41     2478.82     2.46423     337.734       0.016      5.6317     4.95635     5.19457     5.01238
      16100    0.447852         1.7     553.375     184.989     396.748     1155.38     630.499     1785.88     2488.02     2712.86     1.02712    -18.6433     33.8167     2171.84     2486.27     2.44966     330.553       0.016      5.6023     4.89218     5.10362     5.70396
      16000    0.421978         1.7     598.135     185.328     378.754     1211.37     668.874     1880.24     2493.68     2721.45     1.03134    -19.7749     33.6725     2178.26     2493.62     2.43672     315.876       0.016     5.56972     4.82478     5.01125      5.5988
      15900    0.415312         1.7     640.326     185.751     369.301     1261.36     706.975     1968.34     2497.97     2727.68     1.03478     -21.169     33.5449     2184.25     2500.33      2.4256     306.657       0.016     5.53427     5.15675     5.71862     5.50194
      15800    0.449101         1.7     681.891      186.24     364.942     1313.56     743.096     2056.66     2501.98     2733.47     1.03744    -22.7845      33.432     2189.76     2506.37     2.41548     302.362       0.016     5.49651     5.08546     5.62777     5.41287
      15700     0.46024         1.7     726.812     186.756     361.866     1365.73      779.85     2145.58     2507.78     2742.35     1.03931    -25.2186     33.3317     2194.93     2511.93     2.40563     299.375       0.016     5.45695     5.01301      5.5411     6.13057
      15600    0.462317         1.7     772.838     187.277     359.915     1418.68     815.332     2234.02     2513.81     2751.62     1.04046    -27.7539     33.2426     2199.93     2517.29     2.39569     297.299       0.016     5.41609      5.7396     5.45903     6.04784
      15500    0.454144         1.7     819.062       187.8     357.187     1470.93     851.062     2321.99     2519.57     2760.41     1.04098    -30.1354     33.1631     2204.84     2522.53     2.38576     294.813       0.016     6.17188     5.66473     6.18357     5.96826
      15400     0.50995         1.7     864.532      188.33     354.091     1527.38     886.737     2414.12     2524.59     2767.94     1.04099    -32.2343     33.0921     2209.64     2527.64     2.37602     291.957       0.016     6.12451     5.59036     6.10729     5.89377
      15300    0.591854         1.7     915.609     188.844     352.671     1591.37     925.209     2516.58     2532.44     2780.24     1.04053    -35.3885     33.0283     2214.37     2532.68      2.3661     290.308       0.016     6.07611     5.51717     6.03127     5.82096
      15200    0.654051         1.7     974.856     189.293     352.304     1655.79      963.99     2619.78     2544.04     2798.81      1.0396    -39.7798     32.9709     2219.25     2537.99     2.35517     289.623       0.016     6.02778     5.44527     5.95549     6.54138
      15100    0.773662         1.7     1040.38     189.648     358.571     1729.01     1003.12     2732.12     2557.84     2820.95     1.03826    -44.5794      32.919     2224.52     2543.91     2.34297      293.82       0.016     5.97954     6.17637     5.87851     6.45437
      15000    0.879169         1.7     1117.85     189.877     369.337     1816.29     1042.54     2858.84     2576.69     2851.45     1.03656     -50.431     32.8718     2230.33     2550.67     2.32918     302.109       0.016      5.9313     6.10578      5.8007     6.36053
      14900    0.964238         1.7     1205.85     189.948     377.396     1914.15     1081.24     2995.39     2599.15     2887.74     1.03454    -56.6136     32.8288     2236.89     2558.58     2.31342     308.819       0.016     5.88291     6.03453     6.51651     6.25931
      14800     0.92721         1.7     1302.24     189.856     384.035     2023.13     1120.66     3143.79     2623.67     2927.14     1.03224    -62.6933     32.7892     2244.32     2567.76     2.29592     314.045       0.016     5.83404     5.96272     6.42408      6.7468
      14700    0.179385         1.7     1394.21     189.602     373.909     2124.03     1160.06     3284.08     2643.13      2957.6      1.0298    -66.5228     32.7525     2252.43     2578.03     2.27827     307.004       0.016      6.5828     5.88995      6.3255     6.62546
      14600    0.181055         1.7     1412.15     181.639     301.679     2180.67     1214.26     3394.93     2617.62     2903.29    0.972305    -56.2059     33.7363     2288.09     2634.02     2.38714     220.064       0.016       6.501     6.00493     6.38568     6.58179
      14500    0.139908         1.7     1430.22     179.286     273.658     2219.78     1274.32      3494.1     2597.72     2860.78    0.945172    -52.9982     34.6823     2272.47     2618.58      2.4086     193.813       0.016       6.501     6.17305     6.47133     6.61851
      14400    0.103614         1.7     1444.17     179.168     256.398     2250.58      1336.5     3587.09     2579.61     2822.57    0.917493    -52.0344     35.5885     2258.23     2601.28     2.42262     178.696       0.016       6.501     5.44537     6.50213     6.69308
      14300   0.0958813         1.7     1454.53     179.808      241.51     2277.81     1395.85     3673.65     2563.07     2787.87     0.88841    -51.9317     36.4418     2245.26     2584.36     2.43647     166.876       0.016       6.501     5.44148     6.50261     6.77857
      14200   0.0876484         1.7     1464.11     180.694     228.842      2297.8      1453.7      3751.5     2549.16     2758.34    0.858602     -52.638     37.2291     2233.54     2568.61     2.44954     157.005       0.016       6.501     5.40114     6.49539     6.25455
      14100     0.10693         1.7     1472.89     181.663     222.163     2317.08     1510.37     3827.46     2537.27     2732.87     0.82893    -53.6588     37.9427     2223.18     2554.43     2.46133     151.413       0.016       6.501     6.15019     6.49032     6.32299
      14000   0.0322092         1.7     1483.51     182.654     219.122     2327.11     1564.71     3891.81     2528.31     2712.98     0.80008    -55.1075     38.5803      2214.3     2542.06     2.47163     148.879       0.016       6.501     6.09204     6.49263     6.38864
      13900           0         1.7      1486.7     183.692     213.917     2331.71     1621.58     3953.29     2516.77     2689.25    0.772831    -54.9557     39.1438     2206.13     2530.52     2.48165     145.315       0.016       6.501     6.03715     6.50332     6.45425
      13800   0.0582903         1.7     1486.76     184.802     207.852     2344.86      1675.3     4020.16     2505.37     2666.35    0.747627    -54.5216     39.6376     2197.88     2518.81     2.49213     140.973       0.016       6.501     5.99058      6.5231     6.52305
      13700           0         1.7     1492.53     185.916       203.4     2347.78     1730.73     4078.51     2498.69     2651.98    0.724144    -55.6332     40.0676     2190.62     2508.34     2.50156     137.603       0.016       6.501     5.95447     6.55146      6.5928
      13600   0.0514121         1.7     1492.58     187.048     199.879     2351.99     1784.89     4136.88     2489.73     2634.17    0.702506     -55.605     40.4403     2184.24     2498.94     2.51054      135.03       0.016       6.501     5.92927     6.58499     5.84752
      13500   0.0782017         1.7     1497.75     188.178     203.473     2356.22     1832.54     4188.76     2484.76      2623.5     0.68272    -56.7288     40.7621     2178.51     2490.36     2.51888     137.226       0.016       6.501     5.91442     5.81599     5.90092
      13400   0.0187715         1.7     1505.51     189.255      211.23     2362.36     1882.33     4244.68     2481.64     2616.25    0.664489    -57.8881     41.0391     2174.17     2483.59      2.5258     142.954       0.016       6.501     5.90859     5.84113      5.9525
      13300    0.274191         1.7     1507.64     190.328     207.862     2367.48     1928.86     4296.34     2475.75     2604.49    0.648056     -57.459      41.277     2170.18     2477.26     2.53276     141.687       0.016       6.501     5.91043     5.87326     6.00447
      13200    0.305068         1.7     1535.09     193.533     229.761      2390.9     1975.24     4366.13     2478.48      2619.6    0.680432    -62.3358     40.2965     2196.93     2504.99     2.43897     178.838       0.016       6.501     5.88878     5.89655     6.01748
      13100    0.356759         1.7     1565.65     195.342      236.53     2420.48     2015.76     4436.24     2482.63     2635.42    0.712182     -65.768     39.3976      2205.6     2513.08     2.41162     185.339       0.016       6.501     5.87418     5.91155       6.012
      13000    0.276761         1.7     1601.24     196.645     242.257     2441.86      2057.6     4499.46     2489.09     2653.65    0.740807    -68.9922     38.5929     2211.42     2518.39     2.39407      190.94       0.016       6.501     5.85182     5.90664     5.98979
      12900    0.427541         1.7     1629.07     197.589     248.439     2478.28     2098.72        4577     2490.66     2662.25    0.766185    -69.6436     37.8817     2216.44     2523.21     2.37971     196.539       0.016       6.501     5.82288     5.88649     5.95596
      12800    0.464875         1.7     1671.86     198.164     254.594     2522.74     2141.44     4664.18      2500.5     2683.86    0.788594    -72.8443     37.2566     2220.89     2527.85     2.36707     202.044       0.016       6.501     6.59319     5.85706     5.91045
      12700    0.375125         1.7     1718.26     198.535     256.224     2561.24     2185.51     4746.74     2511.08     2705.73    0.808333     -75.891      36.708     2225.49     2532.93     2.35355     204.046       0.016       6.501     6.56052     5.82007     5.85228
      12600     0.18608         1.7     1755.58     198.963     254.811     2580.25     2231.69     4811.95     2515.59     2716.43    0.825606    -76.5918      36.226     2230.43     2538.34     2.33993     203.184       0.016       6.501     6.52469     6.57867      6.5921
      12500    0.209781         1.7     1774.22     199.527      254.22     2601.34     2279.15      4880.5     2509.89     2709.17    0.840722    -73.7062     35.8017      2235.1     2543.26     2.32903      202.67       0.016       6.501     6.48681     6.53178     6.53941
      12400    0.172105         1.7     1795.16     200.222      253.87     2619.98     2325.03     4945.01     2506.81     2706.11    0.853869    -72.0991     35.4274     2239.02     2547.09     2.32053     202.501       0.016     6.53869     6.44827     6.48603     6.49283
      12300    0.270179         1.7     1812.46     201.005     252.184     2649.24     2370.81     5020.05     2502.43     2700.67    0.865167    -70.3582     35.0963     2242.33     2550.07     2.31307     201.332       0.016     6.57571     6.41001     6.44302     6.45071
      12200    0.430244         1.7     1839.64     201.815     249.417     2692.51      2418.3     5110.81     2504.22     2705.53    0.874787    -71.2627     34.8029     2245.23     2552.52     2.30567     199.164       0.016     6.60286     6.37267     6.40276     6.40933
      12100    0.528836         1.7     1882.77     202.543     248.139     2744.35      2468.2     5212.55     2514.43      2724.4    0.882871    -75.4528     34.5423     2248.26     2555.24     2.29651     197.893       0.016     6.62185      6.3365     6.36259     6.36089
      12000    0.626167         1.7     1935.75     203.133      247.66     2804.48     2515.16     5319.65     2528.58     2749.46    0.889627    -80.9081     34.3104     2251.95     2558.94     2.28512     197.309       0.016     6.63391     6.30122      6.3188     6.30162
      11900    0.679381         1.7     1998.42     203.572     248.051     2868.94     2566.15     5435.09     2546.24     2779.89    0.895288     -87.243     34.1037      2256.5     2563.87     2.27189     197.322       0.016     6.63977     6.26606     6.26911     6.23121
      11800    0.816443         1.7     2066.49     203.869     249.058      2938.9     2617.32     5556.21     2564.75     2811.16    0.900032     -93.377     33.9194     2261.93     2570.06     2.25729     197.814       0.016      6.6398     6.22944     6.21429     6.75135
      11700    0.364567         1.7     2147.68     204.006     258.153      3021.3     2669.89     5691.19     2588.32     2850.42    0.903957    -100.606     33.7547      2268.2     2577.47      2.2412     204.258       0.016     6.63405     6.79141     6.75078     6.65904
      11600    0.283517         1.7     2184.06     192.776     230.845     3083.03     2734.48     5817.51     2584.37      2833.5    0.862004    -97.3179     34.6333     2278.63     2605.75     2.37237     156.264       0.016       6.501     6.33171     6.23677     6.62605
      11500    0.179448         1.7     2212.31     189.206     211.125     3134.72     2811.04     5945.76     2577.36      2813.4     0.83686    -96.0713     35.4829     2269.31     2599.58     2.38628     139.332       0.016       6.501     6.52321     6.33087     6.65685
      11400    0.181899         1.7     2230.25     188.681     185.253     3173.02     2890.31     6063.33     2566.68     2788.09    0.811645    -95.2584     36.2999     2260.65      2589.8     2.39353     118.861       0.016       6.501     5.83724     6.37058     6.71933
      11300    0.182242         1.7     2248.44     189.188     173.071     3203.98      2966.6     6170.59     2558.49     2767.69    0.785315    -96.2651     37.0709     2252.22      2578.8     2.40242     107.805       0.016       6.501     5.87279     6.37875     6.78979
      11200    0.120006         1.7     2266.61     190.003     168.214     3229.56     3041.45     6271.01     2551.97     2750.67    0.758241    -97.7633     37.7829     2244.76     2568.54     2.41122     103.425       0.016       6.501     5.86634     6.37591     6.24708
      11100           0         1.7     2278.49     190.939     159.593     3233.96     3115.41     6349.37     2543.38     2730.68    0.731507     -98.177     38.4281     2237.68     2558.58     2.42011     97.2499       0.016       6.501     5.83849     6.37194     6.29935
      11000           0         1.7     2278.49     192.012     149.515     3239.04      3188.2     6427.24     2530.02     2703.22    0.706137    -96.8424     39.0042     2229.66      2547.3     2.43048     89.7623       0.016       6.501     5.80549     6.37388     6.35509
      10900  0.00622697         1.7     2278.49      193.19     143.921     3243.09     3262.61      6505.7     2518.93     2680.34     0.68228    -96.3533     39.5127     2221.05     2535.19     2.44151      85.219       0.016       6.501     6.57962     6.38551     6.41571
      10800   0.0816221         1.7     2279.19     194.413     140.715     3258.72     3333.75     6592.47     2509.87     2661.53    0.659745    -96.4389     39.9577     2213.17     2523.95     2.45184     82.7417       0.016       6.501     6.55675     6.40704     6.47942
      10700   0.0649113         1.7     2287.34     195.608     136.375     3272.44     3404.36     6676.81        2506     2652.02    0.638458    -98.1805     40.3448     2206.92     2514.74     2.46037     79.6086       0.016       6.501     6.54042     6.43668      6.5428
      10600   0.0456436         1.7     2293.81     196.775     131.576      3281.6     3474.49     6756.09     2501.52     2641.78    0.618639    -99.5288     40.6796      2202.1     2507.34     2.46764     75.9828       0.016       6.501     6.53192     6.47184     5.80462
      10500    0.050366         1.7     2298.38     197.958     128.692     3290.33     3544.03     6834.36      2496.5     2630.95    0.600599     -100.54     40.9683      2197.6     2500.33     2.47486     73.6187       0.016       6.501     6.53133     6.50903     5.84911
      10400   0.0494332         1.7     2303.41     199.152     126.875     3298.31     3611.08     6909.39     2492.32     2621.82    0.584229    -101.668     41.2164     2193.38     2493.65     2.48191     72.1732       0.016       6.501     6.53807     6.54722     5.89652
      10300    0.095776         1.7      2308.4     200.346     125.687     3312.81     3675.63     6988.44     2488.52      2613.6    0.569342    -102.751     41.4292     2189.55     2487.49     2.48866     71.2313       0.016       6.501     6.55135     6.58824     5.94709
      10200   0.0802375         1.7     2317.97     201.507     124.314     3326.24     3739.83     7066.07     2487.49     2610.25    0.555707    -104.647     41.6113      2186.5     2482.32     2.49451     70.2393       0.016       6.501     6.57045     5.82372     5.99781
      10100           0         1.7     2325.91     202.634     121.828     3329.23     3800.89     7130.12     2485.42     2605.29    0.543282    -106.032     41.7671     2184.11     2478.02     2.49984     68.3664       0.016       6.501     6.59423     5.85527      6.0457
      10000  0.00412167         1.7     2325.91     203.804       119.1     3332.62     3861.09     7193.71     2479.22     2593.45    0.532243    -105.884     41.9003     2181.06     2472.87     2.50624     66.3314       0.016       6.501     5.81644     5.89283     6.09611
       9900    0.081385         1.7      2326.4      205.02     116.237     3346.72     3920.37     7267.09     2474.09     2583.67    0.522337    -106.177      42.014     2177.26     2466.79      2.5134     64.2033       0.016       6.501     5.83539     5.93495     6.15113
       9800   0.0705558         1.7     2334.53     206.193     113.126     3359.48     3977.92      7337.4     2473.56     2581.86    0.513049    -108.167     42.1111     2174.31     2461.81     2.51933     61.8303       0.016       6.501      5.8596     5.98029     5.40557
       9700    0.120757         1.7     2341.64     207.318     109.856     3379.07     4033.79     7412.86     2472.21     2578.71    0.504403    -109.826     42.1939     2172.34     2458.07     2.52432     59.2858       0.016       6.501     5.88848     6.02397     5.43755
       9600     0.12225         1.7     2353.71     208.389     106.416     3398.91     4088.03     7486.94      2473.5     2580.06    0.496441    -112.382     42.2647     2171.01     2455.19     2.52848     56.5592       0.016       6.501     5.92089     6.06431     5.46966
       9500   0.0929637         1.7     2365.91     209.405     102.855     3413.96      4140.7     7554.66     2474.36     2580.66    0.489105    -114.726     42.3252     2170.34     2453.17     2.53194     53.6944       0.016       6.501     5.95585     6.10334     5.50236
       9400           0         1.7     2375.11     210.416     100.163     3416.06     4195.48     7611.54     2473.28     2577.93     0.48249    -116.331     42.3768     2169.48     2450.95     2.53571     51.4167       0.016       6.501     5.99262     6.14202     5.53672
       9300           0         1.7     2375.11     211.503     98.0986     3417.51     4247.78      7665.3     2467.29     2566.98    0.476663    -116.182      42.421     2167.37     2447.14     2.54117     49.7241       0.016       6.501     6.03071     6.18184     5.57665
       9200           0         1.7     2375.11     212.666     96.3818     3417.97     4298.82     7716.78     2462.14     2557.64    0.471353    -116.394     42.4588     2164.13     2441.92     2.54772     48.3566       0.016       6.501     6.06998     5.41841     5.62258
       9100   0.0469119         1.7     2375.16     213.849     94.8755     3425.58     4346.97     7772.55     2457.59     2549.49    0.466247    -116.862     42.4911     2160.87     2436.66     2.55426       47.17       0.016       6.501     6.11017     5.44699     5.66927
       9000   0.0635299         1.7     2379.87     214.995     93.4599      3435.3     4391.27     7826.57     2455.99     2546.44    0.461219    -118.375     42.5188     2158.24     2432.21      2.5599     46.0377       0.016       6.501     6.15112     5.48345     5.71492
       8900           0         1.7     2386.16     216.093     92.1245     3436.35     4435.83     7872.18     2455.16     2544.69    0.456287    -120.088     42.5426     2156.48     2428.87     2.56455     44.9426       0.016       6.501     6.19315     5.52359     5.75938
       8800   0.0710508         1.7     2386.23     217.212     90.9641     3446.83     4479.14     7925.97     2450.88     2537.06    0.451696    -120.484     42.5629     2154.48     2425.23     2.56974     44.0107       0.016       6.501     5.42454     5.56556     5.00542
       8700    0.127883         1.7     2393.39     218.307     89.8338     3464.78     4521.23     7986.01     2450.89     2536.77    0.447296    -122.371     42.5804     2152.53     2421.69     2.57453     43.0973       0.016       6.501      5.4506     5.60721      5.0397
       8600    0.313235         1.7     2406.36       219.3     88.6599     3487.78     4562.48     8050.26     2453.71     2541.18    0.442902     -125.14     42.5954     2151.92     2419.88     2.57761     42.1001       0.016       6.501     5.48117     5.64642     5.07159
       8500    0.119246         1.7     2437.49     220.075     87.2435     3504.12     4603.11     8107.23     2465.46     2560.56    0.438382    -130.851     42.6083     2153.89     2421.39     2.57718     40.7958       0.016       6.501     5.51463     5.68243     5.09464
       8400    0.307754         1.7     2449.61     220.805     86.4931     3523.64      4643.6     8167.25     2464.87     2558.67    0.434415     -131.92     42.6195     2156.08     2423.21      2.5774     39.9857       0.016       6.501     5.54959     5.71359     5.11474
       8300   0.0580043         1.7     2480.13     221.469     85.9333     3531.32     4680.44     8211.75     2474.26     2573.67    0.430847    -136.352      42.629     2157.89     2424.65     2.57712      39.334       0.016       6.501     5.58495     5.74213     5.13174
       8200   0.0930117         1.7     2485.97     222.189     85.8592     3543.23     4717.12     8260.36     2468.73     2563.26    0.427804    -135.413     42.6372     2158.83     2424.99      2.5787     39.1379       0.016       6.501     5.61993     5.76792     5.15105
       8100   0.0705623         1.7     2495.25     223.034     86.1176     3552.01     4753.54     8305.55     2466.09     2557.97    0.425258    -135.528     42.6443     2157.24     2422.19     2.58264     39.3058       0.016       6.501      5.6542     5.79517     5.17796
       8000    0.269929         1.7      2502.5     223.926     86.5992     3568.76     4789.34     8358.09     2462.66     2551.55    0.422674    -135.407     42.6505     2155.32     2418.96     2.58683     39.6915       0.016       6.501     5.68794     5.02005     4.80776
       7900   0.0618028         1.7     2529.29      224.69     87.0556     3576.09     4824.65     8400.74     2470.05     2563.57    0.419713    -139.014     42.6557     2155.15     2417.95      2.5883     39.9889       0.016       6.501     5.72123     5.04001     4.82142
       7800   0.0806362         1.7     2535.48     225.443     87.8482     3585.65      4858.9     8444.55     2464.98     2554.33    0.416948    -138.087     42.6603     2155.27      2417.3     2.59038     40.5886       0.016       6.501     5.75384      5.0592     4.83457
       7700   0.0991021         1.7     2543.57     226.283     88.9027     3597.49     4893.02     8490.51     2461.85     2548.53    0.414566    -137.809     42.6642     2153.46     2414.28     2.59431     41.4745       0.016       6.501     5.78578     5.08065     4.85513
       7600   0.0840956         1.7     2553.46      227.13     90.1162     3607.22     4925.99     8533.22     2460.06     2545.14    0.412091    -137.977     42.6676     2151.74     2411.36     2.59791     42.5065       0.016       6.501     5.01412      5.1048     4.87914
       7500   0.0367873         1.7     2561.82     227.975     91.4861     3611.65     4957.84     8569.49     2457.58     2540.63    0.409558    -137.837     42.6706     2150.18     2408.63     2.60138     43.6843       0.016       6.501     5.03393     5.13094     4.90573
       7400  0.00884101         1.7     2565.48     228.855     91.9247     3612.87     4988.54      8601.4     2452.85     2532.38     0.40709    -136.871     42.6731      2148.1     2405.26     2.60555     44.2651       0.016       6.501     5.05556     5.15894     4.93651
       7300           0         1.7     2566.35     229.796     91.8781     3612.93     5020.01     8632.94     2447.29     2522.83    0.404663    -135.659     42.6753     2145.28     2400.96     2.61052     44.4496       0.016       6.501     5.07956     5.18966     4.97255
       7200           0         1.7     2566.35     230.787     91.5667     3616.57     5052.23     8668.79     2441.99     2513.86    0.402158    -134.616     42.6772     2142.14     2396.24     2.61583     44.4363       0.016       6.501     5.10561     4.81957     4.61103
       7100           0         1.7     2566.35       231.8     91.0574     3620.81     5082.73     8703.54     2437.36     2506.12    0.399545    -133.862     42.6788     2139.06     2391.59     2.62106     44.2633       0.016       6.501     5.13338     4.84429     4.63882
       7000   0.0204845         1.7     2566.37     232.813      90.393     3624.31     5107.51     8731.82      2433.3      2499.4    0.396851    -133.333     42.6803     2136.24     2387.24     2.62603     43.9558       0.016       6.501     5.16251      4.8725     4.66964
       6900   0.0199347         1.7     2568.42     233.808     89.5868     3627.83     5131.81     8759.64     2430.76     2495.28    0.394072    -133.352     42.6815     2133.86     2383.44     2.63045     43.5125       0.016       6.501     5.19303     4.90376     4.70273
       6800   0.0330826         1.7     2570.43     234.785     88.6746     3633.16     5159.92     8793.08     2428.39     2491.39    0.391261    -133.409     42.6826     2131.91     2380.19     2.63446     42.9645       0.016       6.501     4.81905     4.93696     4.73714
       6700   0.0360272         1.7     2573.74     235.736     87.6797     3638.91     5186.28      8825.2     2426.88     2488.94    0.388465    -133.752     42.6835     2130.26     2377.33     2.63811     42.3282       0.016     6.50889     4.83928      4.9712     4.77222
       6600    0.030056         1.7     2577.33     236.657     86.6421      3643.9     5209.03     8852.93     2425.56     2486.72    0.385708    -134.129     42.6843      2128.9     2374.84     2.64144     41.6385       0.016     6.53945     4.86328      4.6053     4.40658
       6500    0.172408         1.7     2580.48     237.562     85.5732     3651.73     5232.57     8884.29     2424.04     2484.13    0.383054    -134.405      42.685     2127.62     2372.46     2.64471     40.9135       0.016     6.56962     4.89006     4.62913     4.42893
       6400    0.168368         1.7     2597.72     238.332     84.6103     3659.89     5255.43     8915.32     2430.13     2494.36    0.380302    -137.313     42.6856     2127.76     2371.89     2.64585      40.173       0.016     6.59913     4.91835     4.65063     4.44491
       6300    0.177241         1.7     2614.56     238.954     83.7272     3666.94     5279.43     8946.36     2434.76     2501.89    0.377622    -139.508     42.6861     2129.51     2373.37     2.64537     39.4465       0.016     6.62698     4.94728     4.67103     4.45518
       6200           0         1.7     2632.11     239.499     82.9242      3668.2     5303.73     8971.93     2438.94     2508.45    0.375273    -141.378     42.6866     2131.42     2375.11     2.64471     38.7644       0.016     6.65244     4.97615     4.68908     4.46253
       6100           0         1.7     2632.11     240.142      82.464     3670.38     5328.24     8998.62     2433.06     2497.88    0.373487    -139.644      42.687     2131.45     2374.54      2.6467     38.4298       0.016     6.67561     4.60397     4.70593     4.47525
       6000    0.180003         1.7     2632.29     240.919     82.2072     3679.17     5352.82     9031.99     2428.35     2489.52    0.371977    -138.439     42.6873     2129.23     2371.21     2.65084     38.3344       0.016      6.6979     4.62186     4.72523     4.49668
       5900    0.162568         1.7     2650.27     241.593     81.7896     3685.92     5374.93     9060.84     2433.77     2498.49    0.370055    -140.881     42.6876     2128.47     2369.68     2.65248     38.0518       0.016     6.72031     4.63565     4.74657     4.51611
       5800 0.000718611         1.7     2666.37     242.123     81.3279     3686.22      5398.3     9084.52        2437     2503.59     0.36796    -142.428     42.6879     2129.66      2370.6     2.65222     37.6726       0.016     6.74198     4.65199     4.76633     4.52985
       5700    0.169721         1.7     2666.61     242.728     81.1222     3696.29     5421.47     9117.76     2431.21     2493.32    0.366308    -140.741     42.6881     2129.31     2369.63     2.65433     37.5602       0.016     6.76225     4.66996      4.7849     4.54765
       5600    0.167895         1.7     2683.58     243.318     80.8243     3707.97     5444.31     9152.28     2435.36     2500.04    0.364621    -142.608     42.6883     2128.64     2368.29     2.65582     37.3658       0.016     6.78202     4.68891     4.40415     4.56597
       5500    0.166478         1.7     2700.37     243.799     80.4639     3709.53     5466.91     9176.43     2438.49     2504.94     0.36275    -144.039     42.6885     2129.62     2369.01     2.65559     37.0702       0.016     6.20109     4.70842     4.41802     4.57886
       5400    0.163622         1.7     2717.01     244.228      79.345     3711.49      5489.1      9200.6     2440.97     2508.66    0.361024    -145.169     42.6886     2130.78     2369.98     2.65523     36.2166       0.016     6.21741     4.72785     4.42837       4.588
       5300    0.160906         1.7     2733.37     244.626     77.7874     3720.76     5510.93     9231.69     2442.89     2511.35    0.359462    -146.092     42.6887     2131.78      2370.8     2.65498     34.9667       0.016     6.23207     4.74669     4.43692     4.59486
       5200    0.183022         1.7     2749.48     245.007     75.9937     3724.06     5535.72     9259.78     2444.35     2513.27    0.358028    -146.895     42.6888     2132.58     2371.39     2.65488     33.5104       0.016     6.24533     4.76466     4.44558     4.20064
       5100    0.176117         1.7     2767.78     245.357     74.0187      3733.5     5559.57     9293.07     2446.74     2516.77     0.35665    -148.072     42.6889     2133.42     2372.06     2.65456     31.8859       0.016     6.25744     4.78168     4.45408     4.20371
       5000    0.169267         1.7     2785.39     245.681     71.9044     3748.94     5582.48     9331.43     2448.36     2518.95    0.355338    -149.024      42.689     2134.32     2372.83     2.65415     30.1298       0.016     6.26847     4.79773      4.4615     4.20523
       4900    0.177316         1.7     2802.32     245.998     69.7229     3765.57     5606.49     9372.06     2449.38     2520.12    0.354116    -149.829     42.6891     2134.99     2373.34     2.65395     28.3071       0.016     6.27854     4.40943     4.46804     4.20668
       4800    0.180762         1.7     2820.05     246.299      67.461     3777.75     5630.94     9408.69     2450.69      2521.8    0.352935    -150.804     42.6891     2135.55     2373.72     2.65375     26.4068       0.016     6.28778     4.41613     4.47385     4.20797
       4700    0.184403         1.7     2838.13     246.574     65.1357     3783.76     5655.86     9439.63     2451.97     2523.48    0.351771    -151.838     42.6892     2136.14     2374.17     2.65344     24.4355       0.016      6.2962     4.42101      4.4789     4.20892
       4600    0.170041         1.7     2856.56     246.823     62.7786     3798.37     5678.84     9477.21     2453.25     2525.15    0.350629    -152.929     42.6892     2136.75     2374.66     2.65302     22.4225       0.016     6.30381     4.42515     4.48323      4.2096
       4500    0.163018         1.7     2873.56     247.062     60.3937     3814.54     5700.88     9515.42     2453.58     2525.24    0.349535    -153.755     42.6893     2137.21     2374.98     2.65276     20.3792       0.016     6.31064     4.42892     4.48703      4.2106
       4400       0.176         1.7     2889.87     247.305     58.3822     3831.16     5724.67     9555.83     2453.54     2524.73    0.348481    -154.521     42.6893     2137.38     2374.96     2.65275     18.6011       0.016     6.31686     4.43271     4.49066     4.21216
       4300    0.177296         1.7     2907.47     247.539     56.5546     3845.22     5748.63     9593.85     2454.21      2525.5    0.347407    -155.584     42.6894     2137.54     2374.94     2.65263     16.9806       0.016     6.32266     4.43713     4.49424     4.21353
       4200     0.18091         1.7     2925.21     247.756     54.8244     3863.58     5773.08     9636.66     2454.86     2526.24    0.346312     -156.66     42.6894     2137.84      2375.1     2.65232     15.4309       0.016     6.32811     4.44194     4.49758     4.21452
       4100    0.175735         1.7     2943.29     247.959     53.1724      3885.8     5796.82     9682.62     2455.62     2527.16    0.345218    -157.786     42.6894      2138.2     2375.34     2.65191     13.9397       0.016     6.33319     4.44694     4.50066     4.21527
       4000    0.186106         1.7     2960.88     248.156     51.5761     3908.27     5821.96     9730.24     2456.01     2527.48    0.344142    -158.797     42.6894     2138.54     2375.57     2.65152     12.4926       0.016     6.33791     4.45195      4.5035     4.21606
       3900    0.196632         1.7      2979.5     248.342     50.0038     3933.38     5848.52      9781.9     2456.93     2528.71     0.34307    -159.999     42.6894      2138.9     2375.83     2.65103      11.061       0.016     6.34231      4.4569     4.50616     4.21663
       3800    0.184807         1.7     2999.15     248.505     48.4344     3956.82     5873.47     9830.28     2458.27     2530.64    0.341986    -161.344     42.6895     2139.46     2376.34     2.65027     9.62288       0.016     6.34637      4.4617     4.50848     4.21663
       3700    0.182692         1.7     3017.63      248.66     46.2677     3984.22     5898.13     9882.35     2458.79     2531.18    0.340935    -162.412     42.6895     2140.02     2376.86     2.64956     7.79491       0.016     6.35002     4.46629     4.51044     4.21671
       3600    0.180556         1.7     3035.89     248.818     42.4989     4008.96     5922.51     9931.47     2459.18     2531.49    0.339924    -163.518     42.6895     2140.39     2377.16     2.64902     4.64833       0.016      6.3533     4.47062     4.51227     4.21715
       3500     0.19264         1.7     3053.96     248.978     38.0319     4032.65     5948.54     9981.19     2459.43      2531.6    0.338922    -164.731     42.6895     2140.67     2377.34     2.64856    0.901261       0.016     6.35635     4.47468      4.5141     4.21781
       3400    0.184192         1.7     3073.22     249.129     33.2962     4052.09     5973.41     10025.5     2460.32      2532.8    0.337902    -166.319     42.6895     2141.02     2377.62     2.64795    -3.12446       0.016     6.35923     4.47851     4.51589     4.21817
       3300    0.185661         1.7     3091.64     249.275     28.3092     4061.91     5998.48     10060.4     2460.65     2533.04    0.336885    -167.866     42.6895     2141.41     2377.94     2.64733     -7.3759       0.016     6.36192      4.4821     4.51751     4.21852
       3200    0.187155         1.7     3110.21     249.421     23.6913     4072.71     6023.76     10096.5     2461.05     2533.42    0.335881    -169.588     42.6895     2141.71     2378.18     2.64678    -11.4505       0.016     6.36444     4.48547     4.51907     4.21901
       3100    0.185728         1.7     3128.92     249.564     20.4564     4081.72     6048.85     10130.6      2461.5      2533.9    0.334873    -171.404     42.6895     2142.03     2378.42     2.64619    -14.4103       0.016     6.36682     4.48865     4.52061     4.21968
       3000    0.184299         1.7     3147.49     249.704     17.7249     4093.56     6073.74     10167.3     2461.85     2534.19    0.333866    -173.203     42.6895     2142.33     2378.65     2.64561    -16.9545       0.016     6.36908     4.49164     4.52216     4.22055
       2900    0.189879         1.7     3165.93     249.844      15.355     4105.67      6099.4     10205.1      2462.1     2534.35    0.332862     -174.97     42.6895      2142.6     2378.84     2.64506    -19.2007       0.016     6.37124     4.49447     4.52378     4.22169
       2800    0.187413         1.7     3184.91      249.98     13.2326     4117.98     6124.72     10242.7     2462.65     2535.01    0.331848     -176.82     42.6895     2142.89     2379.07     2.64445      -21.24       0.016     6.37332     4.49716     4.52546     4.22285
       2700    0.212965         1.7     3203.68     250.113      11.109     4123.14     6153.51     10276.6     2463.03     2535.38    0.330832    -178.589     42.6895     2143.22     2379.33     2.64381    -23.2454       0.016     6.37531     4.49973     4.52722     4.22399
       2600    0.175425         1.7     3224.94     250.223     8.60664     4127.37     6177.18     10304.5     2464.71     2537.96    0.329788    -180.782     42.6895     2143.77     2379.89     2.64283    -25.5669       0.016     6.37719     4.50219     4.52905     4.22428
       2500    0.203882         1.7     3242.51      250.34     6.03343     4135.32     6204.74     10340.1     2464.18     2536.75    0.328793    -182.237     42.6895     2144.23     2380.32     2.64212    -27.9442       0.016     6.37884     4.50453     4.53065     4.22489
       2400    0.200908         1.7     3262.89     250.457     3.41653     4145.03     6231.89     10376.9     2465.32      2538.4    0.327805    -184.272     42.6895     2144.54     2380.58      2.6414    -30.3628       0.016     6.38037     4.50673     4.53239     4.22576
       2300    0.196842         1.7     3282.98     250.561    0.762399     4152.53     6258.47       10411     2466.13     2539.48    0.326793    -186.207     42.6895     2145.08     2381.12     2.64047    -32.8188       0.016     6.38178     4.50882     4.53396     4.22606
       2200    0.192732         1.7     3302.66     250.664    -1.73998     4153.28     6284.51     10437.8     2466.65     2540.05    0.325803    -188.055     42.6895     2145.57      2381.6     2.63961    -35.1796       0.016     6.38303     4.51077     4.53534     4.22636
       2100    0.192614         1.7     3321.93     250.772     -3.8059     4160.99     6310.54     10471.5     2466.91      2540.2    0.324832    -189.821     42.6895     2145.93     2381.94     2.63887    -37.1793       0.016     6.38415     4.51258     4.53666     4.22697
       2000    0.192477         1.7      3341.2     250.885     -5.6889      4168.4     6336.55       10505     2467.18     2540.37    0.323863    -191.575     42.6896     2146.22     2382.18     2.63821    -39.0212       0.016      6.3852     4.51426     4.53805     4.22792
       1900     0.19626         1.7     3360.45         251    -7.43324     4174.85     6363.09     10537.9     2467.45     2540.55    0.322884     -193.31     42.6896     2146.49     2382.39     2.63756    -40.7433       0.016     6.38626     4.51584     4.53954     4.22911
       1800    0.196402         1.7     3380.07     251.114    -9.07594     4182.14     6389.64     10571.8     2467.91     2541.07     0.32189    -195.084     42.6896     2146.79     2382.64     2.63686    -42.3767       0.016     6.38733     4.51736     4.54111     4.23031
       1700    0.202644         1.7     3399.72     251.225    -10.7388      4190.6     6417.04     10607.6     2468.36     2541.55    0.320887    -196.819     42.6896     2147.13     2382.94     2.63611    -44.0047       0.016      6.3884     4.51883     4.54266     4.23142
       1600    0.214127         1.7        3420      251.33    -12.6079     4196.11        6446     10642.1     2469.11     2542.55    0.319876    -198.632     42.6896     2147.53     2383.32     2.63528    -45.7995       0.016     6.38944     4.52026     4.54411     4.23226
       1500    0.200747         1.7      3441.4     251.419    -14.5522        4201     6473.12     10674.1     2470.37     2544.42    0.318851    -200.593     42.6896     2148.12     2383.93     2.63422    -47.6608       0.016      6.3904     4.52163      4.5453     4.23231
       1400    0.188291         1.7     3461.46     251.505    -16.5295     4206.22     6498.57     10704.8     2470.76     2544.77    0.317854    -202.249     42.6896     2148.69     2384.52     2.63323    -49.5466       0.016     6.39116     4.52291     4.54609     4.23211
       1300    0.193192         1.7     3480.29     251.607    -18.5084     4207.49      6524.7     10732.2      2470.5     2544.03    0.316901    -203.696     42.6896     2148.97     2384.77     2.63258    -51.4246       0.016     6.39179     4.52407     4.54683     4.23269
       1200    0.198041         1.7     3499.62     251.721    -20.1938     4218.12     6551.49     10769.6     2470.61     2543.95    0.315941     -205.27     42.6896     2149.12     2384.84     2.63202    -53.1065       0.016     6.39243     4.52513     4.54783     4.23389
       1100     0.20235         1.7     3519.42     251.833    -21.0989     4225.79     6578.87     10804.7        2471     2544.35    0.314948    -206.902     42.6896     2149.35     2385.01     2.63136    -54.1445       0.016     6.39316     4.52614     4.54902     4.23511
       1000    0.205684         1.7     3539.66     251.938     -21.668     4231.46     6606.69     10838.2     2471.59      2545.1    0.313934    -208.529     42.6896     2149.69     2385.32     2.63057    -54.8945       0.016     6.39395     4.52714     4.55022     4.23605
        900    0.204152         1.7     3560.23     252.035     -21.873     4237.64     6634.31     10871.9      2472.3     2546.05    0.312914    -210.107     42.6896     2150.12     2385.74     2.62967    -55.3444       0.016     6.39472     4.52813     4.55128     4.23658
        800    0.230427         1.7     3580.67     252.127    -21.8025     4245.15      6665.5     10910.7     2472.88     2546.75    0.311903    -211.543     42.6896     2150.58      2386.2     2.62876    -55.5485       0.016      6.3954     4.52908     4.55212     4.23684
        700    0.235596         1.7     3603.72     252.197     -21.433     4250.56     6697.37     10947.9     2474.81     2549.74    0.310873    -213.299     42.6896     2151.28     2386.95      2.6275    -55.5176       0.016     6.39597     4.52998     4.55262     4.23596
        600    0.214234         1.7     3627.26     252.235    -20.5988     4265.96     6726.31     10992.3     2476.72     2552.64    0.309845    -214.907     42.6896      2152.3     2388.12     2.62589     -55.097       0.016     6.39624     4.53076     4.55233     4.23344
        500    0.209941         1.7     3648.68     252.274    -19.4488     4281.92     6754.68     11036.6     2477.26     2553.18    0.308894    -215.936     42.6896     2153.17      2389.1     2.62455    -54.3905       0.016     6.39606     4.53131     4.55127      4.2307
        400    0.224781         1.7     3669.68     252.329    -17.9578     4310.33     6785.08     11095.4     2477.59     2553.38    0.307998    -216.777     42.6896     2153.69     2389.67     2.62355    -53.3799       0.016     6.39556     4.53159        4.55     4.22866
        300    0.187691         1.7     3692.13     252.381    -16.2181     4328.08     6810.42     11138.5     2478.69     2554.93    0.307085     -217.74     42.6896     2154.23     2390.26     2.62243    -52.1403       0.016     6.39492      4.5316     4.54874     4.22656
        200    0.183698         1.7     3710.89     252.453    -13.9345     4352.62     6835.26     11187.9     2477.72     2552.94    0.306201    -217.916     42.6896     2154.54     2390.56     2.62171    -50.4662       0.016     6.39417     4.53138     4.54753     4.22548
        100    0.213389         1.7     3729.29      252.56    -10.6835     4362.23     6864.16     11226.4      2476.8     2551.12    0.305329    -217.974     42.6896     2154.38     2390.28     2.62145    -47.9555       0.016     6.39356     4.53102     4.54702     4.22629
          0    0.212783         1.7     3750.63     252.661    -6.95569      4365.7     6892.95     11258.7     2477.65     2552.34    0.304366    -218.417     42.6896     2154.44     2390.26     2.62082    -45.0218       0.016     6.39327     4.53064      4.5472     4.22714