      20000           0         1.9           0     179.437     415.631      17.399     14.2831      31.682     2343.43     2426.93    0.785391     51.8336     39.9574     2049.96      2345.7     2.72671     328.445       0.016     5.73044     4.59858     4.35318     4.39114
      19900           0         1.9           0     179.437      414.68     28.2793     29.7361     58.0154     2343.43     2426.93    0.785563     51.7019     39.9574     2049.96      2345.7     2.72686     327.608       0.016     5.73044     4.59858     4.35318     4.39114
      19800           0         1.9           0     179.437     414.027     44.2321     46.3592     90.5912     2343.43     2426.93    0.785735     51.5707     39.9574     2049.96      2345.7     2.72701     326.992       0.016     5.73044     4.59858     4.35318     4.39114
      19700           0         1.9           0     179.437     413.765     53.1471     60.5222     113.669     2343.43     2426.93    0.785907     51.4563     39.9574     2049.96      2345.7     2.72716      326.68       0.016     5.73044     4.59858     4.35318     4.39114
      19600   0.0414251         1.9   0.0414251     179.437     413.802     62.7691     72.5053     135.274     2343.45     2426.98    0.786079     51.3637     39.9574     2049.96      2345.7     2.72731     326.622       0.016     5.73044     4.59858     4.35318     4.39114
      19500           0         1.9     4.14251     179.396     411.959     64.8901     82.0596      146.95     2345.64      2431.1    0.786099     50.3306     39.9574     2050.38     2346.27     2.72665     325.305       0.016     5.73044     4.59858     4.35284     4.38895
      19400           0         1.9     4.14251     179.347      409.08     76.3505     94.2331     170.584     2345.26     2430.29    0.786169     50.4057     39.9574     2050.87     2346.93     2.72609     323.103       0.016     5.73037     4.59849     4.35154     4.38605
      19300           0         1.9     4.14251     179.323     406.452     86.1982      106.46     192.658        2345     2429.72    0.786433     50.3117     39.9574     2050.89     2346.98     2.72615     320.998       0.016     5.73017     4.59825     4.35015     4.38444
      19200           0         1.9     4.14251     179.311     403.838     87.5606     118.729      206.29     2344.79     2429.28    0.786707     50.0844     39.9574     2050.81     2346.91      2.7263     318.921       0.016     5.72985     4.59785     4.34902     4.38352
      19100    0.001545         1.9     4.14405     179.305     402.949     87.7093     130.514     218.224     2344.62     2428.94    0.786959     49.7697     39.9574     2050.73     2346.81     2.72648     317.971       0.016     5.72945     4.59734     4.34819     4.38301
      19000           0         1.9     4.29701     179.301     403.094     88.5033     143.113     231.617     2344.56     2428.83    0.787181     49.4278     39.9574     2050.67     2346.75     2.72663     317.892       0.016     5.72899     4.59679     4.34758     4.38267
      18900           0         1.9     4.29701     179.299     401.423     90.3267     156.524     246.851     2344.42     2428.58    0.787386     49.1433     39.9574     2050.62     2346.69     2.72679     316.692       0.016     5.72852     4.59623     4.34713     4.38247
      18800           0         1.9     4.29701     179.299     398.745     99.8214     167.196     267.017     2344.31     2428.38    0.787583     48.7814     39.9574     2050.56     2346.63     2.72697     314.617       0.016     5.72805      4.5957      4.3468     4.38243
      18700           0         1.9     4.29701       179.3     396.895     120.906     179.166     300.072     2344.22     2428.22    0.787771     48.3324     39.9574     2050.51     2346.56     2.72715      313.01       0.016     5.72759     4.59521     4.34658     4.38247
      18600           0         1.9     4.29701     179.302     395.446     155.269     193.764     349.033     2344.14     2428.08     0.78795     47.8454     39.9574     2050.47     2346.51     2.72733     311.756       0.016     5.72716     4.59476     4.34644     4.38257
      18500           0         1.9     4.29701     179.304     394.055     197.154      202.58     399.734     2344.07     2427.98    0.788122     47.3362     39.9574     2050.43     2346.46     2.72751      310.56       0.016     5.72676     4.59437     4.34635     4.38269
      18400           0         1.9     4.29701     179.306     392.725     205.779     210.944     416.723     2344.02     2427.89    0.788291     46.8087     39.9574      2050.4     2346.42     2.72769     309.404       0.016      5.7264     4.59403     4.34631     4.38283
      18300           0         1.9     4.29701     179.308     389.617     209.667     219.655     429.322     2343.97     2427.81    0.788456     46.2371     39.9574     2050.38     2346.38     2.72786     307.065       0.016     5.72607     4.59375      4.3463     4.38297
      18200           0         1.9     4.29701     179.311     385.411     234.556     228.365      462.92     2343.93     2427.75     0.78862     45.5386     39.9574     2050.35     2346.35     2.72804     303.783       0.016     5.72578     4.59351      4.3463     4.38312
      18100           0         1.9     4.29701     179.313     381.827     283.489     236.545     520.034      2343.9     2427.69    0.788783     44.6988     39.9574     2050.33     2346.33     2.72821     300.799       0.016     5.72553     4.59331     4.34632     4.38326
      18000           0         1.9     4.29701     179.315     378.476     327.874     245.284     573.157     2343.87     2427.65    0.788946     43.7603     39.9574     2050.32      2346.3     2.72838     298.016       0.016     5.72531     4.59314     4.34635     4.38339
      17900           0         1.9     4.29701     179.317     377.518     364.895     255.437     620.332     2343.84     2427.61    0.789108     42.7761     39.9574      2050.3     2346.28     2.72855     296.817       0.016     5.72512     4.59301     4.34639     4.38351
      17800           0         1.9     4.29701     179.319     378.036     399.999     266.448     666.447     2343.82     2427.58    0.789271     41.8646     39.9574     2050.29     2346.26     2.72872     296.859       0.016     5.72496     4.59291     4.34643     4.38363
      17700           0         1.9     4.29701      179.32     376.134     434.655     276.848     711.503      2343.8     2427.55    0.789434     41.0259     39.9574     2050.28     2346.25     2.72888     295.425       0.016     5.72482     4.59282     4.34647     4.38374
      17600           0         1.9     4.29701     179.322     372.913     458.422     291.251     749.673     2343.78     2427.53    0.789597     40.1347     39.9574     2050.27     2346.23     2.72905     292.847       0.016     5.72471     4.59276     4.34652     4.38384
      17500    0.204524         1.9     4.50153     179.323     372.986     466.156     305.313     771.468     2343.89     2427.74     0.78976     39.1537     39.9574     2050.26     2346.22     2.72921     292.367       0.016     5.72461     4.59272     4.34656     4.38394
      17400     0.32867         1.9      25.078     181.871     404.975      495.62     315.224     810.844     2349.42     2449.12    0.817209     32.6014     39.0482     2090.64     2391.63     2.63932     339.874       0.016      5.7152     4.58593     4.34416     4.37538
      17300    0.298341         1.9     57.9147     182.304     414.533     525.513     325.643     851.155     2361.48     2480.36    0.848456     25.7217     38.2531     2100.73     2403.31     2.61314     347.979       0.016     5.71174     4.57732      4.3254     4.33348
      17200    0.341027         1.9     87.7915     182.185       420.2     562.783     340.543     903.325     2370.72      2504.2    0.876948     21.3787     37.5586     2107.26     2411.43     2.59496     352.433       0.016     5.71399     4.56657     4.29033     4.26764
      17100    0.489636         1.9     122.043     181.937     423.585     619.217     357.235     976.453     2381.67      2529.7    0.902244     17.1488     36.9519     2113.39     2419.26     2.57814     354.927       0.016     5.71887     4.54979     4.24136     4.58803
      17000    0.409065         1.9     170.926     181.605     425.236     671.713     377.731     1049.44     2399.55     2567.04    0.924454     10.6026      36.422     2119.67     2427.39     2.55996     355.926       0.016     5.72334     4.52677     4.58013     4.49085
      16900    0.310078         1.9     211.733     181.269     420.943     716.126     400.086     1116.21     2411.05     2591.02    0.943871     7.22048     35.9588     2126.36     2436.05     2.54115     352.434       0.016       5.725     4.49643     4.50373     4.78217
      16800    0.293977         1.9     242.725     181.079     412.727     759.524     424.198     1183.72      2416.4     2602.44    0.960862     6.34281     35.5537     2133.02     2444.46     2.52466     345.439       0.016     5.72204     4.45802     4.41894     4.67496
      16700    0.297449         1.9     272.126     181.063     403.292     804.086     451.025     1255.11     2420.88     2611.76    0.975632     5.38845      35.199     2139.19     2452.03     2.51059     337.268       0.016      5.7135     4.41265     4.73255     4.97471
      16600    0.367024         1.9     301.941     181.183     392.688     845.744     482.992     1328.74     2425.53     2621.11      0.9883     3.82997     34.8882     2144.86     2458.78     2.49786     328.177       0.016     5.69926     4.76221     4.64446     4.87876
      16500    0.465783         1.9     338.742     181.365     393.175      891.76      509.98     1401.74     2433.77     2637.06    0.999025    0.458045     34.6155     2150.17     2465.02     2.48526     326.959       0.016     5.67995     4.70469     4.95992     5.18331
      16400    0.561948         1.9     385.417     181.515     400.944     952.013     542.433     1494.45      2446.6     2661.35     1.00797    -4.37869      34.376     2155.48     2471.29     2.47142     332.449       0.016     5.65615     4.64226     4.87126     5.08208
      16300    0.630502         1.9      441.68     181.561     405.374     1021.69     573.388     1595.08     2463.26     2692.39     1.01533    -10.0193     34.1655     2161.13     2478.14     2.45568     336.141       0.016     5.62822     4.97815     5.18049     5.76991
      16200    0.570532         1.9      504.67     181.481     408.108     1095.88     611.353     1707.23     2481.77     2726.31     1.02133    -15.7699     33.9801     2167.33     2485.85     2.43814      338.03       0.016     5.59643     4.90956     5.08146     5.64458
      16100    0.463728         1.9     561.617     181.344     398.476     1165.21     653.746     1818.96     2495.09     2749.79     1.02622    -19.1353     33.8167     2174.03     2494.24     2.42035     330.898       0.016     5.56083     4.83675     5.77638     5.51461
      16000    0.439509         1.9     607.965     181.275     380.619     1223.07     696.175     1919.25     2501.67     2760.17     1.03025     -20.366     33.6725     2180.74     2502.57     2.40448     316.268       0.016     5.52151     5.16203     5.66434     6.19375
      15900    0.434409         1.9     651.911     181.311     371.343      1275.1     738.716     2013.82     2506.87     2767.95      1.0335     -21.878     33.5449     2187.02     2510.21     2.39079     307.086       0.016     5.47883      5.0827     5.55559     6.08126
      15800    0.469673         1.9     695.387     181.424      367.16     1329.53     779.652     2109.18     2511.74     2775.25     1.03597    -23.6247      33.432     2192.82     2517.14     2.37831     302.826       0.016     5.43337     5.00137     5.45251     5.97708
      15700    0.482409         1.9     742.367     181.569     364.265     1384.09     821.593     2205.68     2518.37     2786.04     1.03766    -26.1916     33.3317     2198.23     2523.56     2.36616     299.879       0.016     6.18453     5.71631     6.15751     5.87954
      15600     0.48609         1.9     790.612     181.718     362.503     1439.63     862.635     2302.27     2525.22     2797.33     1.03863    -28.8643     33.2426     2203.45     2529.73     2.35388     297.845       0.016     6.13012     5.63025     6.06193     6.58618
      15500    0.479591         1.9     839.214     181.865     359.958     1494.65       904.3     2398.95      2531.8     2808.11     1.03899    -31.3879     33.1631     2208.56     2535.78     2.34162     295.402       0.016     6.07364     5.54446     5.96794     6.48863
      15400    0.536925         1.9     887.231     182.013     357.044     1554.06     946.292     2500.35     2537.66     2817.55     1.03881    -33.6347     33.0921     2213.59     2541.72     2.32956     292.589       0.016     6.01661     5.45949      5.8761     6.39439
      15300    0.620328         1.9     941.006     182.129     355.829      1621.2      991.48     2612.68     2546.34     2832.36     1.03817    -36.9292     33.0283     2218.57     2547.65     2.31726     290.984       0.016     5.95931     6.17688     6.58822     6.30178
      15200    0.684603         1.9      1003.1     182.155     355.684        1689      1037.4      2726.4      2558.8     2854.22     1.03705    -41.4484     32.9709     2223.71      2553.9     2.30372     290.342       0.016     5.90209     6.09281     6.49787     6.20772
      15100    0.806355         1.9     1071.69     182.056     362.263     1765.91     1084.12     2850.03     2573.53     2880.16     1.03548    -46.3773      32.919     2229.24     2560.83      2.2886     294.588       0.016     5.84508     6.00904      6.4043     6.70217
      15000    0.914247         1.9     1152.43     181.787     373.409     1857.27     1131.63      2988.9      2593.4     2915.51      1.0335    -52.3466     32.8718     2235.33     2568.71     2.27151      302.94       0.016     6.58696     5.92565     6.30689     6.58715
      14900     1.00219         1.9     1243.94     181.302     381.859     1959.59     1178.98     3138.56     2616.99     2957.45     1.03113    -58.6371     32.8288     2242.23     2577.92     2.25196     309.732       0.016     6.52338     5.84224     6.20439       6.501
      14800    0.967969         1.9     1344.13     180.597     388.943     2073.47     1227.66     3301.13      2642.8     3003.02      1.0284    -64.8248     32.7892     2250.05     2588.61     2.23018     315.052       0.016     6.45777     6.55766     6.69036       6.501
      14700    0.209836         1.9     1440.17     179.696     379.041     2179.51     1276.96     3456.46     2663.68     3038.72     1.02546    -68.7798     32.7525     2258.62     2600.55     2.20796       308.1       0.016     6.39041     6.46851      6.5678       6.501
      14600    0.211687         1.9     1461.15     171.465     306.947     2241.42     1341.33     3582.75     2638.19      2977.8    0.964676    -58.5934     33.7363     2305.93     2672.92     2.29819     219.819       0.016       6.501     6.57611     6.60338       6.501
      14500    0.170766         1.9     1482.28     168.985     278.884     2285.75     1411.69     3697.45     2618.16     2930.32    0.939672    -55.5549     34.6823     2289.26     2656.61     2.31661     193.486       0.016       6.501     5.91444     6.66459       6.501
      14400    0.134374         1.9     1499.32     168.672     261.535     2321.69     1484.37     3806.07     2599.77     2887.79    0.914488    -54.7636     35.5885     2273.82     2638.04     2.33052     178.315       0.016       6.501     5.97057     6.67521       6.501
      14300    0.126164         1.9     1512.75     169.089     246.505     2353.91     1554.44     3908.35     2582.83     2849.24    0.888047     -54.825     36.4418     2259.76     2619.91     2.34484      166.46       0.016       6.501     5.95383     6.66033       6.501
      14200    0.117734         1.9     1525.36     169.753     233.696     2378.75     1623.23     4001.99     2568.43     2816.48    0.860878    -55.6745     37.2291     2247.08     2603.07     2.35841     156.554       0.016       6.501     5.89439     6.64208       6.501
      14100    0.136651         1.9     1537.15     170.501     226.959     2402.84     1691.07     4093.91     2555.99     2788.26    0.833718    -56.8287     37.9427     2235.89     2587.95     2.37059     150.909       0.016       6.501     5.81791     6.63022       6.501
      14000   0.0624876         1.9     1550.74     171.268       223.9     2417.64     1756.78     4174.42     2546.48     2766.28    0.807191    -58.3932     38.5803      2226.3     2574.83     2.38103     148.322       0.016       6.501     6.54565     6.62756       6.501
      13900   0.0211156         1.9     1556.95     172.104     218.616     2426.94     1825.25     4252.19     2534.42     2740.08    0.782066    -58.3757     39.1438     2217.51     2562.59     2.39122     144.726       0.016       6.501     6.47749     6.63425     6.53432
      13800   0.0875162         1.9     1559.12      173.05     212.468     2444.71     1890.71     4335.42     2522.05     2713.95    0.758848    -57.8935     39.6376     2208.57     2550.02     2.40231     140.376       0.016       6.501     6.41898     6.65024     6.60116
      13700           0         1.9     1567.79     174.006     207.952     2446.34     1958.06      4404.4      2514.9     2698.33     0.73713    -59.1243     40.0676     2200.69     2538.79     2.41224     136.983       0.016       6.501     6.37226     6.67517     6.66943
      13600    0.080967         1.9     1567.87     175.009     204.403     2455.07     2024.25     4479.33     2503.98     2675.94    0.717081    -58.6515     40.4403     2193.58     2528.44     2.42205     134.428       0.016       6.501     6.33769     6.70731     6.74037
      13500    0.107908         1.9     1575.99     176.015     208.092     2463.92     2084.07     4547.99     2498.86     2664.97    0.698621    -60.0184     40.7621     2187.14     2518.95     2.43111     136.609       0.016       6.501     6.31473     6.74626     6.21129
      13400    0.048813         1.9     1586.72     176.954     215.986     2474.81     2146.16     4620.97     2495.54     2657.62    0.681371    -61.3753     41.0391     2182.51      2511.8     2.43807     142.298       0.016       6.501     6.30241     6.78784     6.26713
      13300    0.318689         1.9     1591.88     177.909     212.508     2484.59     2205.11     4689.69     2489.48     2645.15    0.665737    -61.1292      41.277      2178.3     2505.17     2.44512     141.029       0.016       6.501     6.29936     6.22494      6.3243
      13200    0.350318         1.9     1623.78     180.898     234.487     2512.72     2264.12     4776.85     2493.27     2664.64    0.696502    -66.3823     40.2965     2201.48     2528.59     2.35884     179.504       0.016       6.501     6.27033     6.24225     6.33302
      13100    0.402279         1.9     1658.86     182.416     241.383     2547.16     2317.57     4864.73     2498.44     2684.53    0.726145    -70.0907     39.3976     2209.93     2536.65     2.33228     186.064       0.016       6.501     6.25084     6.25209     6.31921
      13000    0.324285         1.9     1699.01     183.389     247.207     2573.49     2372.67     4946.16      2505.9     2706.82    0.752764    -73.5242     38.5929     2215.99     2542.62     2.31367     191.675       0.016       6.501     6.22466     6.24101     6.28632
      12900    0.474564         1.9     1731.59     184.002     253.518     2614.99     2427.38     5042.37     2508.56     2718.34    0.776312    -74.3972     37.8817     2221.35     2548.27     2.29768     197.273       0.016       6.501     6.79318     6.21398     6.24098
      12800    0.512493         1.9     1779.08      184.24     259.825     2664.68     2484.02     5148.69     2519.41     2744.11    0.797072    -77.7282     37.2566     2226.16      2553.8     2.28313      202.78       0.016       6.501     6.75684     6.77816     6.78501
      12700    0.424798         1.9     1830.24     184.252     261.549      2708.5     2542.37     5250.87     2530.99     2770.02     0.81528    -80.8817      36.708     2231.13     2559.86     2.26729     204.784       0.016       6.501     6.71851     6.73113     6.71367
      12600    0.238971         1.9     1872.54     184.307     260.212     2732.92     2603.21     5336.13     2536.59      2783.5     0.83113     -81.732      36.226     2236.47     2566.31     2.25141     203.921       0.016       6.501     6.67733     6.67415      6.6355
      12500    0.263234         1.9     1896.46     184.519     259.714      2759.5     2665.68     5425.18     2532.08      2777.1     0.84499    -79.0817     35.8017      2241.6     2572.27     2.23873     203.397       0.016       6.501      6.6337     6.61289     6.56425
      12400    0.226623         1.9     1922.75     184.881     259.445     2783.72      2726.9     5510.62      2530.1     2775.31    0.857081    -77.6748     35.4274     2245.96     2577.07     2.22898     203.223       0.016       6.501     6.58861     6.55369     6.50234
      12300    0.324099         1.9     1945.51     185.337     257.808     2818.59     2788.35     5606.94     2526.75     2770.83    0.867487    -76.1348     35.0963     2249.69     2580.96     2.22048     202.047       0.016       6.501     6.54301       6.501       6.501
      12200    0.483182         1.9     1978.08     185.812     255.083     2867.53     2851.84     5719.37     2529.42     2777.66     0.87635    -77.1668     34.8029        2253      2584.3     2.21209     199.873       0.016       6.501       6.501       6.501       6.501
      12100    0.581865         1.9     2026.49     186.166      253.91     2925.14     2918.11     5843.26     2540.41     2799.95    0.883748    -81.3966     34.5423      2256.4     2587.93     2.20159     198.599       0.016       6.501       6.501       6.501       6.501
      12000    0.679759         1.9     2084.78     186.334     253.571     2991.19     2981.88     5973.07     2555.34      2829.1     0.88983    -86.8584     34.3104     2260.46     2592.65     2.18834     198.016       0.016       6.501       6.501       6.501       6.501
      11900    0.734559         1.9     2152.81     186.302      254.16     3061.76     3050.13     6111.89     2573.85     2864.23      0.8948    -93.1796     34.1037     2265.41     2598.76     2.17279     198.042       0.016       6.501       6.501       6.501       6.501
      11800    0.873694         1.9      2226.4     186.085     255.415     3138.07     3119.08     6257.15     2593.34     2900.41    0.898825    -99.3132     33.9194     2271.28     2606.27     2.15547     198.561       0.016       6.501       6.501       6.501       6.501
      11700    0.405322         1.9      2313.3     185.658     265.032     3227.35     3190.01     6417.36     2618.02     2945.65    0.902007    -106.529     33.7547     2278.03     2615.18     2.13628     205.064       0.016       6.501       6.501       6.501       6.501
      11600    0.324863         1.9     2353.76      174.71     238.273     3296.51     3272.66     6569.17     2613.39     2925.22    0.858516    -103.153     34.6333     2299.82     2659.82     2.24316     154.729       0.016       6.501       6.501       6.501       6.501
      11500    0.220788         1.9     2386.14     171.233     218.278     3355.35      3367.2     6722.55     2605.82     2901.82    0.836235     -101.95     35.4829     2289.93     2653.56     2.25008     137.646       0.016       6.501     6.55805       6.501       6.501
      11400    0.222197         1.9     2408.22     170.568     191.899      3400.3     3464.58     6864.88      2594.6     2872.91    0.814096    -101.221     36.2999     2280.51     2643.09     2.25541      117.15       0.016       6.501     6.65191       6.501       6.501
      11300    0.221731         1.9     2430.44     170.821     179.524     3437.72     3559.24     6996.95     2585.81     2849.62     0.79098    -102.291     37.0709     2271.32     2631.31      2.2638     105.976       0.016       6.501       6.678       6.501       6.501
      11200    0.159355         1.9     2452.55     171.338     174.538     3469.61     3652.75     7122.36     2578.68     2830.24    0.767102    -103.848     37.7829     2263.19     2620.37     2.27232     101.462       0.016       6.501      6.6604       6.501       6.501
      11100  0.00161284         1.9     2468.33     171.977     165.644     3480.06     3745.67     7225.73     2569.48     2807.61    0.743442    -104.339     38.4281     2255.49     2609.78     2.28105     95.2146       0.016       6.501     6.62102       6.501       6.501
      11000           0         1.9     2468.49     172.821      155.32     3480.78     3837.65     7318.43     2553.53     2773.01    0.721141    -102.429     39.0042     2246.43     2597.19     2.29243     87.7435       0.016       6.501     6.57463       6.501       6.501
      10900   0.0455322         1.9     2468.53     173.826     149.637     3490.55     3931.42     7421.97     2540.15     2744.25    0.700291    -101.486     39.5127      2236.3     2583.04     2.30549     83.2427       0.016       6.501     6.53012       6.501       6.501
      10800    0.118536         1.9     2473.16     174.855     146.335      3511.8     4022.12     7533.92     2531.15     2724.59    0.680341    -101.952     39.9577     2227.37     2570.35      2.3172     80.7482       0.016       6.501       6.501       6.501       6.501
      10700    0.101388         1.9     2484.99     175.814     141.851        3531     4112.53     7643.53      2527.1     2714.81    0.661172    -103.928     40.3448     2220.72     2560.62     2.32609     77.5714       0.016       6.501       6.501       6.501       6.501
      10600    0.082037         1.9     2495.11     176.729     136.911     3545.49      4202.7     7748.19     2522.41     2704.07    0.643164     -105.46     40.6796     2215.71     2553.01     2.33335      73.896       0.016       6.501       6.501       6.501       6.501
      10500     0.08628         1.9     2503.32     177.664     133.948     3559.48     4292.54     7852.02     2517.19     2692.56    0.626692    -106.628     40.9683     2211.07     2545.84     2.34056     71.4746       0.016       6.501       6.501       6.501       6.501
      10400   0.0851259         1.9     2511.95     178.619     132.072     3572.66     4380.12     7952.77     2512.75     2682.79    0.611659    -107.879     41.2164      2206.7     2538.99     2.34769     69.9764       0.016       6.501       6.501       6.501     6.51545
      10300    0.130229         1.9     2520.51     179.585     130.849     3592.31     4465.43     8057.74     2508.69     2673.95    0.597909    -109.065     41.4292     2202.72     2532.63     2.35456     68.9917       0.016       6.501       6.501       6.501     6.57137
      10200    0.114683         1.9     2533.51     180.519     129.438     3610.87     4550.61     8161.49     2507.34     2670.41    0.585223    -111.017     41.6113     2199.53      2527.3     2.36045     67.9659       0.016       6.501       6.501       6.501     6.62652
      10100           0         1.9     2544.87     181.434      126.89     3612.95     4632.88     8245.83     2504.98     2665.01    0.573566    -112.454     41.7671        2197     2522.82     2.36578     66.0664       0.016       6.501       6.501     6.51828     6.68055
      10000   0.0395178         1.9     2544.91     182.456      124.12     3621.37     4714.42     8335.79     2496.68      2648.5    0.563261     -111.75     41.9003     2193.37     2516.85     2.37317     64.0659       0.016       6.501       6.501     6.56072     6.73911
       9900    0.114434         1.9     2548.93     183.555     121.173     3640.41     4795.17     8435.57     2491.63     2638.47    0.553963    -112.278      42.014     2188.89     2509.76     2.38158     61.9505       0.016       6.501     6.51909     6.60765     6.20243
       9800    0.103146         1.9     2560.36     184.591     117.952     3657.99     4874.32     8532.31     2490.96      2636.9    0.545031    -114.389     42.1111      2185.7     2504.34     2.38812     59.5543       0.016       6.501     6.54684      6.6564     6.25211
       9700     0.15151         1.9     2570.73     185.573     114.565     3682.29     4951.94     8634.23     2489.44     2633.68    0.536573    -116.141     42.1939     2183.61     2500.38     2.39347     56.9746       0.016       6.501     6.57836      6.7042     6.30021
       9600    0.152261         1.9     2585.88     186.498     111.006     3706.72     5028.07     8734.79     2490.43     2635.17    0.528653    -118.732     42.2647     2182.17      2497.3     2.39788      54.209       0.016       6.501     6.61294     6.75153     6.34675
       9500    0.123078         1.9     2601.08     187.374     107.327     3726.24     5102.77     8829.01     2490.97     2635.69    0.521241    -121.098     42.3252     2181.38     2495.08      2.4015     51.3038       0.016       6.501     6.64992     6.79783     6.39089
       9400  0.00136484         1.9     2613.26     188.258     104.544     3728.51     5179.71     8908.23     2489.56     2632.46     0.51448    -122.734     42.3768     2180.35     2492.59     2.40559     48.9871       0.016       6.501     6.68864     6.23489     6.43437
       9300  0.00842954         1.9     2613.41      189.27     102.432     3731.39     5254.24     8985.63     2481.74     2617.18    0.508574    -122.113      42.421     2177.67     2487.91     2.41231     47.3129       0.016       6.501     6.72841     6.27279     6.48275
       9200   0.0170568         1.9     2614.26       190.4     100.684     3735.24     5327.54     9062.78     2475.38     2604.99    0.503229    -122.098     42.4588     2173.52     2481.31     2.42079     45.9932       0.016       6.501     6.76924     6.31615     6.53864
       9100   0.0768481         1.9     2616.02     191.566     99.1358     3747.12     5397.98     9145.09     2470.18     2595.26    0.497975    -122.556     42.4911     2169.47     2474.79     2.42911     44.8414       0.016       6.501     6.21037     6.36434     6.59903
       9000   0.0926589         1.9     2623.72     192.687     97.6571     3761.03     5464.59     9225.62     2468.63     2592.54    0.492651    -124.287     42.5188     2166.36      2469.5     2.43602     43.7115       0.016       6.501      6.2459     6.41385      5.8417
       8900   0.0139793         1.9     2632.91     193.735     96.2562     3764.12      5531.5     9295.62     2467.76     2591.04     0.48733    -126.144     42.5426      2164.4     2465.72     2.44148     42.6003       0.016       6.501     6.28403       6.461     5.88229
       8800   0.0993288         1.9     2634.39     194.818     95.0491     3778.69     5597.21      9375.9     2462.63     2581.38    0.482377     -126.39     42.5629     2162.07     2461.47     2.44779     41.6755       0.016       6.501     6.32467     6.50784     5.92732
       8700    0.154499         1.9     2644.38     195.883     93.8643     3800.67     5661.73      9462.4     2462.64     2581.54    0.477574    -128.411     42.5804     2159.79      2457.3     2.45361     40.7603       0.016       6.501     6.36731     6.55615     5.97414
       8600    0.192142         1.9     2659.87     196.833     92.6354     3827.64     5725.45     9553.08     2465.23     2586.42    0.472635    -131.211     42.5954     2159.08      2455.2     2.45719     39.7471       0.016       6.501     6.41161     5.80389     6.01692
       8500    0.147855         1.9     2679.04     197.664     91.3809     3848.12     5788.48      9636.6     2469.06     2593.42    0.467747     -134.26     42.6083      2159.6     2454.76     2.45909     38.6597       0.016       6.501     6.45694     5.83572     6.05249
       8400    0.175006         1.9     2693.85     198.455     90.7115     3871.86     5851.33     9723.19     2469.73     2594.21    0.463226    -136.019     42.6195     2160.15     2454.41     2.46114     37.9808       0.016       6.501     6.50221     5.86695     6.08298
       8300   0.0905066         1.9     2711.27     199.228     90.3843     3883.99      5910.4     9794.38     2471.55     2597.11    0.459067     -138.05      42.629     2160.32     2453.63      2.4634     37.6032       0.016       6.501     6.54698     5.89933     6.11188
       8200    0.124676         1.9     2720.35     200.055     90.4118     3900.46     5969.22     9869.68     2468.46     2590.67    0.455302    -138.269     42.6372     2159.67     2451.81     2.46697     37.5612       0.016       6.501      6.5911     5.93206     6.14346
       8100    0.102603         1.9      2732.8     200.925     90.6713     3913.79     6027.74     9941.53     2467.54     2588.51     0.45178     -139.22     42.6443     2158.23     2448.96     2.47125      37.746       0.016       6.501      5.8264     5.96633     6.17853
       8000    0.163242         1.9     2743.12     201.801      91.133     3935.07     6085.67     10020.7     2465.39     2584.13     0.44831    -139.697     42.6505     2156.75     2446.09     2.47558     38.1152       0.016       6.501     5.85644     6.00157      5.4115
       7900   0.0958088         1.9     2759.38     202.626     91.7637     3947.11     6143.04     10090.2     2466.59     2586.15    0.444832    -141.256     42.6557     2155.68     2443.77     2.47904     38.6031       0.016       6.501     5.88867     6.03382     5.42713
       7800    0.114157         1.9     2768.98      203.45     92.6334     3961.45     6199.29     10160.7     2463.84     2580.65    0.441495    -141.311     42.6603     2154.65     2441.52     2.48271     39.3098       0.016       6.501     5.92218     6.06288     5.44649
       7700    0.132074         1.9     2780.41     204.292     93.6883     3978.08      6255.4     10233.5      2462.4     2577.74    0.438332    -141.752     42.6642      2153.1     2438.63     2.48686     40.1969       0.016       6.501     5.95639     6.09238     5.47088
       7600    0.117286         1.9      2793.6     205.107     94.8928     3992.59     6310.39       10303     2461.93     2576.71    0.435139    -142.445     42.6676     2151.89     2436.17     2.49042      41.208       0.016       6.501     5.99109     6.12301     5.49708
       7500   0.0706697         1.9     2805.28     205.911     96.2499     4001.78     6364.31     10366.1     2460.53     2573.92    0.431985    -142.705     42.6706     2150.79     2433.88     2.49386     42.3584       0.016       6.501     6.02618     6.15452     5.52488
       7400   0.0428286         1.9     2812.32     206.767     96.6314      4007.7     6417.09     10424.8     2456.71     2566.57    0.428997    -142.062     42.6731     2149.07     2430.79     2.49826      42.911       0.016       6.501     6.06159     6.18742     5.55672
       7300   0.0308854         1.9     2816.59     207.704     96.5111     4012.27     6470.66     10482.9     2451.86     2557.43    0.426135    -141.104     42.6753     2146.47     2426.55     2.50381     43.0696       0.016       6.501     6.09739     5.41688     5.59396
       7200   0.0027019         1.9     2819.65     208.695     96.1196     4013.19     6524.96     10538.2     2446.94     2548.32    0.423261    -140.198     42.6772     2143.42     2421.73     2.50994     43.0363       0.016       6.501     6.13346     5.43921     5.63341
       7100           0         1.9     2819.92     209.736     95.5648     4013.45     6577.53       10591     2441.08     2537.58    0.420349    -139.037     42.6788     2140.06     2416.48     2.51656      42.892       0.016       6.501     6.16981     5.46938     5.67579
       7000   0.0526654         1.9     2819.97     210.821     94.8711     4021.43     6624.31     10645.7      2435.8     2528.11    0.417359    -138.156     42.6803      2136.5     2410.96     2.52342     42.6471       0.016       6.501     5.40597     5.50581     5.72251
       6900   0.0515409         1.9     2825.24     211.874     93.9953     4029.36     6670.53     10699.9     2433.86     2525.03    0.414133    -138.495     42.6815     2133.64     2406.33     2.52915     42.2221       0.016       6.501     5.42828      5.5462     5.77017
       6800   0.0637875         1.9     2830.41     212.868     92.9958     4039.01     6720.57     10759.6     2431.86     2521.74    0.410757    -138.781     42.6826     2131.64     2402.81     2.53387     41.6601       0.016       6.501      5.4518     5.58784     5.01415
       6700    0.066069         1.9     2836.79     213.823     91.9112     4048.99     6768.84     10817.8     2430.59     2519.74    0.407406    -139.278     42.6835        2130     2399.78     2.53809     41.0022       0.016       6.501     5.47987     5.62749     5.04633
       6600   0.0596393         1.9     2843.39     214.748     90.7845     4058.13     6813.49     10871.6     2429.42     2517.82    0.404118    -139.758     42.6843     2128.66     2397.14     2.54194     40.2895       0.016       6.501     5.51114     5.66541     5.07999
       6500   0.0824205         1.9     2849.37     215.663     89.6277     4070.01     6858.93     10928.9     2427.91     2515.16     0.40093     -140.08      42.685     2127.35     2394.56     2.54576     39.5431       0.016       6.501     5.54464     5.70298     5.11502
       6400   0.0869387         1.9     2857.62     216.553      88.757     4082.31     6903.58     10985.9     2427.64      2514.8    0.397792    -140.816     42.6856     2126.23     2392.24     2.54921     38.9726       0.016       6.501     5.57972     5.74064     5.15019
       6300   0.0807991         1.9     2866.31     217.412     88.0433     4093.68     6949.12     11042.8     2427.43     2514.46    0.394693    -141.516     42.6861     2125.43     2390.36     2.55223     38.5239       0.016       6.501     5.61592     5.77808     5.18461
       6200   0.0213249         1.9     2874.33     218.262     87.4449     4096.93     6994.65     11091.6     2426.69     2513.06    0.391699    -141.979     42.6866     2124.65      2388.5     2.55526     38.1639       0.016       6.501     5.65287     5.01278       4.815
       6100    0.015747         1.9     2876.46     219.169     87.0336     4099.32     7040.14     11139.5     2422.78     2505.62    0.388938    -141.288      42.687     2123.13     2385.71     2.55947     37.9872       0.016       6.501      5.6901     5.03722     4.83815
       6000   0.0978145         1.9     2878.11     220.136     86.7443     4112.65      7085.5     11198.2     2419.12     2498.81    0.386323    -140.716     42.6873     2120.81     2381.92     2.56461     37.9414       0.016       6.501     5.72718     5.06436     4.86669
       5900   0.0831831         1.9     2887.88     221.039     86.4132     4124.02     7128.16     11252.2     2420.18     2501.01    0.383528    -141.817     42.6876     2119.27     2379.12     2.56831     37.8294       0.016       6.501     5.76431     5.09469     4.89553
       5800   0.0364539         1.9     2896.15     221.871     86.0957     4129.08     7171.79     11300.9        2420     2500.74    0.380656    -142.398     42.6879     2118.68     2377.54     2.57095     37.6981       0.016       6.501     5.00152     5.12571     4.92287
       5700     0.11003         1.9     2899.87     222.731      85.879     4143.91     7214.96     11358.9     2417.26     2495.57    0.377985     -142.02     42.6881     2117.57     2375.32     2.57447     37.6701       0.016       6.501     5.02897     5.15711     4.95277
       5600    0.320861         1.9     2911.08     223.548      85.628      4160.4     7257.56       11418     2418.85      2498.6    0.375305    -143.156     42.6883     2116.62     2373.34     2.57733     37.5979       0.016       6.501     5.05496     5.18908     4.98254
       5500   0.0385966         1.9     2942.89     224.057      85.081     4166.57     7299.91     11466.5     2430.92     2521.28    0.372211    -147.831     42.6885     2118.76     2375.36     2.57529     37.1462       0.016       6.501      5.0832     4.81531     4.99874
       5400   0.0399951         1.9     2946.75     224.574     84.0073      4173.2     7341.76       11515     2425.89     2511.08    0.369635    -146.281     42.6886     2120.57     2376.97     2.57525     36.3801       0.016       6.501     5.11215     4.83031     4.60885
       5300   0.0950637         1.9      2950.8      225.29     82.6498     4187.33     7382.92     11570.2     2421.98     2503.24    0.367747    -145.242     42.6887     2118.94      2374.3     2.57914      35.456       0.016       6.501     5.14066     4.84555     4.62034
       5200 0.000203166         1.9     2960.21     226.017     81.0037     4189.04      7426.7     11615.7     2421.46     2502.07    0.365757    -145.553     42.6888     2117.31     2371.63     2.58248     34.2819       0.016       6.501     5.16863     4.86291     4.63359
       5100    0.317298         1.9     2960.55     226.805     79.3042     4203.76     7469.09     11672.9     2416.01     2491.68    0.363791    -144.238     42.6889     2115.38     2368.53     2.58666     33.0801       0.016       6.501     5.19628     4.88249      4.6534
       5000    0.311527         1.9     2992.28     227.341     77.0924     4224.39     7510.35     11734.7     2428.11     2514.63    0.361328    -149.169      42.689     2115.84     2368.53     2.58623     31.3305       0.016       6.501     4.81795     4.90356     4.66546
       4900    0.321924         1.9     3023.44     227.523     74.6083     4245.91     7552.83     11798.7     2437.63     2532.09    0.358593    -152.936     42.6891     2120.13     2373.44     2.58135     29.1996       0.016       6.501     4.83292     4.91878     4.66185
       4800    0.328302         1.9     3055.64     227.535     72.0025     4262.63     7596.05     11858.7     2446.22     2547.31    0.356311     -156.17     42.6891     2124.77     2378.94     2.57604     26.9139       0.016     6.50302     4.84889     4.92627     4.64948
       4700    0.335218         1.9     3088.48     227.444     69.3258     4272.83      7640.1     11912.9     2453.89     2560.47     0.35448    -158.971     42.6892     2129.18     2384.26     2.57077     24.5346       0.016      6.5157      4.8647     4.92691     4.63149
       4600    0.324265         1.9     3121.99     227.285     66.6269     4291.28     7682.62     11973.9     2460.81     2572.07    0.353015    -161.482     42.6892     2133.24     2389.24     2.56568     22.1158       0.016     6.52389     4.87896     4.92213     4.61114
       4500    0.320749         1.9     3154.41     227.092     63.9156     4310.98     7724.62     12035.6     2466.17     2580.65     0.35184    -163.485     42.6893     2136.77     2393.62     2.56106     19.6795       0.016     6.52812     4.89084     4.91507     4.99782
       4400    0.337406         1.9      3186.5     226.891     61.6059     4330.82     7768.83     12099.7     2470.61     2587.54    0.350868    -165.252     42.6893     2139.65     2397.26       2.557     17.5262       0.016     6.52916     4.90004     4.90761     4.98403
       4300    0.342451         1.9     3220.25     226.668     59.5002     4347.83     7813.67     12161.5     2475.33     2595.05    0.349988    -167.183     42.6894     2142.25     2400.57     2.55302     15.5463       0.016     6.52777     4.90658     4.89887     4.96761
       4200    0.349936         1.9      3254.5     226.414     57.5111     4368.87     7859.45     12228.3     2479.67      2601.9    0.349155    -169.034     42.6894     2144.76     2403.81     2.54896     13.6508       0.016     6.52443     4.91057     4.88838     4.94906
       4100    0.348692         1.9     3289.49     226.133     55.6158     4393.54     7905.02     12298.6     2483.81     2608.47    0.348367    -170.866     42.6894     2147.14     2406.94     2.54486     11.8244       0.016     6.51942     4.91213     4.87617     4.92898
       4000    0.363193         1.9     3324.37     225.833     53.7881     4418.22     7952.48     12370.7     2487.36     2613.97    0.347624    -172.538     42.6894     2149.36     2409.89     2.54084     10.0499       0.016     6.51296      4.9114     4.86243     4.90802
       3900    0.377998         1.9     3360.71     225.507     51.9939     4445.31     8001.88     12447.2     2491.24     2620.19    0.346897    -174.362     42.6894      2151.5     2412.77     2.53671     8.29581       0.016     6.50525     4.90856     4.84838     4.88621
       3800    0.370401         1.9      3398.5     225.144     50.2092     4470.53     8050.18     12520.7     2495.41     2626.99    0.346155    -176.304     42.6895     2153.76     2415.84     2.53225     6.53654       0.016       6.501     4.90384     4.83513     4.86345
       3700    0.372611         1.9     3435.54     224.763     47.8033     4499.46     8098.75     12598.2     2498.64     2632.04    0.345441    -177.963     42.6895     2155.95     2418.84     2.52781     4.38498       0.016       6.501     4.89746     4.82159     4.84074
       3600     0.37485         1.9     3472.81     224.379     43.7579     4525.47     8147.57       12673     2501.62      2636.7     0.34476    -179.651     42.6895     2157.88     2421.55     2.52357    0.909084       0.016       6.501     4.88959     4.80772     4.81879
       3500     0.39148         1.9     3510.31     223.992     38.9878     4550.12     8198.57     12748.7     2504.39     2641.02    0.344072    -181.443     42.6895     2159.68     2424.09     2.51939    -3.17847       0.016       6.501      4.8804     5.19384     4.80349
       3400    0.387482         1.9     3549.45     223.588      33.936      4570.2     8248.99     12819.2     2507.71     2646.44     0.34332    -183.605     42.6895      2161.5      2426.7     2.51501    -7.55594       0.016       6.501     4.87008      5.1802     5.19191
       3300    0.393506         1.9     3588.21     223.173     28.6158     4580.32     8300.16     12880.5      2510.4     2650.68    0.342531    -185.732     42.6895     2163.34     2429.33     2.51057    -12.1692       0.016       6.501     4.85878     5.16612     5.17722
       3200    0.399619         1.9     3627.56     222.753     23.6802     4591.11     8352.11     12943.2     2513.11     2655.02    0.341731    -188.035     42.6895     2165.07     2431.83     2.50619    -16.6113       0.016       6.501     4.84662     5.15098     5.16042
       3100    0.402862         1.9     3667.53     222.324     20.1564     4599.82     8404.44     13004.3     2515.85     2659.45    0.340909    -190.436     42.6895     2166.79     2434.35     2.50172    -19.9424       0.016       6.501     4.83363     5.13466     5.14183
       3000    0.406167         1.9     3707.82     221.884      17.152     4611.09     8457.15     13068.2     2518.46     2663.66    0.340074    -192.822     42.6895      2168.5     2436.86      2.4972    -22.8563       0.016       6.501      4.8201     5.11743     5.12181
       2900    0.416569         1.9     3748.45     221.437     14.5218     4622.36     8511.22     13133.6     2520.98     2667.73    0.339235    -195.182     42.6895     2170.18     2439.35     2.49266    -25.4709       0.016       6.501     4.81026     5.10057     5.10097
       2800    0.418855         1.9      3790.1     220.984     12.1464     4633.59     8565.53     13199.1      2523.8      2672.4    0.338377    -197.624     42.6895     2171.91     2441.91     2.48798    -27.8794       0.016       6.501     4.80304     5.08376     5.07944
       2700    0.449488         1.9     3832.02     220.527     9.76304      4637.4      8623.9     13261.3     2526.46     2676.76    0.337507    -199.991     42.6895     2173.68     2444.52     2.48322    -30.2567       0.016       6.501     5.19618      5.0667     5.05737
       2600    0.416437         1.9     3876.94     220.044     6.99038     4643.24     8677.76       13321     2530.45     2683.65    0.336591    -202.767     42.6895      2175.7     2447.47     2.47801    -32.9549       0.016       6.501     5.18653      5.0491     5.03379
       2500    0.450106         1.9     3918.61     219.565     4.13667      4649.3      8736.1     13385.4     2532.22      2686.3     0.33571    -204.841     42.6895     2177.64      2450.3     2.47306    -35.7154       0.016       6.501     5.17447     5.03041     5.01123
       2400    0.452137         1.9     3963.63     219.079     1.23445     4656.83     8794.62     13451.4     2535.68     2692.18    0.334823    -207.476     42.6895     2179.43     2452.98     2.46808    -38.5233       0.016       6.501     5.16054     5.01183     5.79593
       2300    0.453083         1.9     4008.84     218.569    -1.71136     4661.85      8853.2     13515.1     2538.81     2697.42    0.333875    -210.024     42.6895     2181.47     2455.99     2.46276    -41.3767       0.016       6.501     5.14518     5.79575     5.77829
       2200    0.454016         1.9     4054.15     218.055    -4.50237     4663.86     8911.84     13575.7     2541.65      2702.1    0.332931    -212.496     42.6895     2183.45     2458.93     2.45748    -44.1409       0.016       6.501     5.12879     5.77778     5.75824
       2100    0.459054         1.9     4099.56     217.543    -6.84976     4668.53      8971.1     13639.6     2544.25     2706.34    0.331999    -214.895     42.6895     2185.32     2461.74     2.45231    -46.5495       0.016       6.501     5.11152     5.75796     5.73652
       2000    0.464168         1.9     4145.47     217.027    -9.01069     4672.62     9030.97     13703.6     2546.88     2710.65    0.331068    -217.288     42.6896     2187.12     2464.47     2.44715    -48.8035       0.016       6.501     5.09342     5.73679     5.71341
       1900     0.47337         1.9     4191.89     216.504    -11.0301     4675.47        9092     13767.5     2549.53     2715.03    0.330132    -219.668     42.6896     2188.92     2467.23     2.44194    -50.9418       0.016       6.501     5.07456     5.71449     5.68902
       1800    0.479017         1.9     4239.24     215.966    -12.9459     4678.89      9153.7     13832.6     2552.43     2719.88    0.329186    -222.092     42.6896     2190.79     2470.08     2.43658     -52.996       0.016       6.501     5.05499     5.69116     5.66327
       1700    0.490993         1.9     4287.15     215.411    -14.8876      4683.2     9216.92     13900.1     2555.35     2724.77    0.328238    -224.486     42.6896     2192.74     2473.05     2.43105    -55.0507       0.016       6.501     5.03475     5.66679     5.63617
       1600    0.508425         1.9     4336.27     214.834     -17.044     4684.27     9282.37     13966.6     2558.64     2730.36    0.327292    -226.961     42.6896     2194.81     2476.19     2.42531    -57.2784       0.016       6.501     5.01476     5.64235     5.60772
       1500    0.500673         1.9      4387.1     214.228    -19.2821     4684.43     9346.69     14031.1     2562.51     2737.03    0.326338    -229.584     42.6896      2197.1     2479.65     2.41918     -59.582       0.016       6.501     5.00071     5.61805     5.57777
       1400    0.493825         1.9     4437.16     213.617    -21.5635     4684.62     9410.02     14094.6     2565.55     2742.09    0.325416    -231.929     42.6896     2199.43     2483.15     2.41303    -61.9187       0.016       6.501      5.7866     5.59344     5.54722
       1300    0.504632         1.9     4486.55     213.025    -23.8562     4688.69     9474.73     14163.4     2567.98     2745.99    0.324554    -234.084     42.6896     2201.47     2486.29     2.40724    -64.2547       0.016       6.501     5.76929     5.56874     5.51739
       1200    0.515497         1.9     4537.03     212.438    -25.8413     4704.97     9540.81     14245.8     2570.82     2750.71    0.323702    -236.366     42.6896      2203.4     2489.29     2.40152    -66.4013       0.016       6.501     5.74969     5.54413     5.48809
       1100    0.525944         1.9     4588.59     211.839    -27.0235     4718.56     9608.18     14326.7     2573.99     2756.06    0.322825    -238.708     42.6896     2205.44     2492.45     2.39559    -67.9128       0.016       6.501      5.7284     5.51943     5.45859
       1000    0.535535         1.9     4641.19     211.221     -27.856     4730.41     9676.72     14407.1     2577.41     2761.89    0.321929     -241.05     42.6896     2207.63     2495.83     2.38941    -69.1399       0.016       6.501     5.70581      5.4944     5.42852
        900    0.540363         1.9     4694.75     210.581    -28.3068     4743.03     9745.79     14488.8     2581.01     2768.03    0.321022    -243.352     42.6896     2209.97      2499.4       2.383    -70.0709       0.016       6.501     5.68217     5.46516     5.40401
        800    0.573652         1.9     4748.82     209.918    -28.4706     4757.21     9819.19     14576.4     2584.48     2773.92     0.32009    -245.529     42.6896     2212.37     2503.08     2.37646    -70.7605       0.016       6.501     5.65738     5.43598     6.18693
        700    0.585549         1.9      4806.2     209.217    -28.3166     4769.51     9894.04     14663.6     2589.37     2782.45    0.319114    -248.012     42.6896     2215.04     2507.15      2.3694    -71.2217       0.016       6.501     5.63171     5.41435     6.16287
        600    0.570346         1.9     4864.74     208.483    -27.6822     4791.99     9966.74     14758.7     2594.28     2790.95    0.318115    -250.362     42.6896     2218.06     2511.69     2.36181    -71.3024       0.016       6.501     5.60562     6.19623     6.13485
        500    0.572478         1.9     4921.77     207.758     -26.726     4815.22     10039.6     14854.8     2597.82     2796.82     0.31718    -252.176     42.6896     2220.91     2516.01     2.35449    -71.1019       0.016       6.501     5.57931     6.17299     6.10566
        400    0.594212         1.9     4979.04     207.053    -25.4189      4851.1     10115.3     14966.4     2601.18     2802.35    0.316306    -253.816     42.6896     2223.41     2519.89     2.34756    -70.6017       0.016       6.501     5.55258     6.14565     6.07552
        300    0.563025         1.9     5038.43     206.335    -23.8551     4876.48     10186.7     15063.2     2605.37     2809.48    0.315421    -255.571     42.6896     2225.95     2523.85     2.34044    -69.8796       0.016       6.501     5.52525     6.11594     6.04333
        200    0.565616         1.9     5094.74     205.633    -21.7208     4908.81     10258.3     15167.2     2607.47     2812.66    0.314581    -256.599     42.6896     2228.27     2527.54     2.33368    -68.7301       0.016       6.501     5.49727     6.08492     6.01052
        100           0         1.9     5150.74     204.958    -18.5855     4926.32     10334.8     15261.2     2609.31     2815.42    0.313793    -257.416     42.6896     2230.14     2530.65     2.32742    -66.7515       0.016       6.501     5.46869     6.05442     5.97853
          0           0         1.9     5150.74     204.849    -14.2551     4930.15     10411.4     15341.6     2581.21      2761.8    0.313825    -249.617     42.6896     2225.98     2525.77     2.33071    -63.4785       0.016       6.501     5.43982     6.02857     5.97251