     20000          0        0.9          0    179.437    415.631     17.399    14.2831     31.682    2343.43    2426.93   0.785391    51.8336    39.9574    2049.96     2345.7    2.72671    328.445      0.016    5.73044    4.59858    4.35318    4.39114
     19900          0        0.9          0    179.437     414.68    28.2793    29.7361    58.0154    2343.43    2426.93   0.785563    51.7019    39.9574    2049.96     2345.7    2.72686    327.608      0.016    5.73044    4.59858    4.35318    4.39114
     19800          0        0.9          0    179.437    414.027    44.2321    46.3592    90.5912    2343.43    2426.93   0.785735    51.5707    39.9574    2049.96     2345.7    2.72701    326.992      0.016    5.73044    4.59858    4.35318    4.39114
     19700          0        0.9          0    179.437    413.765    53.1471    60.5222    113.669    2343.43    2426.93   0.785907    51.4563    39.9574    2049.96     2345.7    2.72716     326.68      0.016    5.73044    4.59858    4.35318    4.39114
     19600  0.0414251        0.9  0.0414251    179.437    413.802    62.7691    72.5053    135.274    2343.45    2426.95   0.786079    51.3637    39.9574    2049.96     2345.7    2.72731    326.622      0.016    5.73044    4.59858    4.35318    4.39114
     19500          0        0.9    4.14251    179.456    411.939    64.9104    81.9994     146.91    2345.61     2428.9   0.786178    50.3282    39.9574     2050.2    2345.97    2.72742    325.311      0.016    5.73044    4.59858     4.3532    4.39126
     19400          0        0.9    4.14251    179.478    409.034    76.4163     94.041    170.457    2345.17    2428.52   0.786304    50.3969    39.9574    2050.49    2346.28    2.72759    323.116      0.016    5.73046     4.5986    4.35327     4.3914
     19300          0        0.9    4.14251    179.489    406.389    86.3275    106.102    192.429    2344.85    2428.25   0.786505    50.2991    39.9574    2050.52    2346.31    2.72776    321.011      0.016    5.73049    4.59863    4.35334    4.39145
     19200          0        0.9    4.14251    179.495    403.761    87.7666    118.187    205.954    2344.61    2428.04     0.7867    50.0707    39.9574     2050.5    2346.27    2.72793     318.93      0.016    5.73053    4.59867    4.35338    4.39144
     19100 0.00104469        0.9    4.14355    179.498    402.862    87.8283    129.779    217.608    2344.43    2427.88   0.786881    49.7567    39.9574    2050.46    2346.23     2.7281    317.975      0.016    5.73057    4.59872     4.3534    4.39141
     19000          0        0.9    4.24698    179.499        403    88.5282     142.18    230.708    2344.34     2427.8   0.787051    49.4276    39.9574    2050.44    2346.19    2.72826    317.893      0.016    5.73061    4.59876    4.35341    4.39138
     18900          0        0.9    4.24698      179.5    401.324    90.2526     155.39    245.643    2344.22    2427.69   0.787216     49.142    39.9574    2050.42    2346.16    2.72842    316.691      0.016    5.73065     4.5988    4.35341    4.39136
     18800          0        0.9    4.24698      179.5    398.643    99.8495     165.86     265.71    2344.12     2427.6   0.787381    48.7797    39.9574    2050.39    2346.13    2.72859    314.613      0.016    5.73068    4.59883    4.35341    4.39133
     18700          0        0.9    4.24698    179.499    396.791    121.039    177.631    298.669    2344.04    2427.53   0.787544    48.3309    39.9574    2050.36     2346.1    2.72874    313.003      0.016    5.73071    4.59885     4.3534    4.39131
     18600          0        0.9    4.24698    179.499    395.341    155.508    192.032     347.54    2343.98    2427.47   0.787706    47.8443    39.9574    2050.34    2346.08     2.7289    311.747      0.016    5.73073    4.59887     4.3534    4.39129
     18500          0        0.9    4.24698    179.498    393.949    197.499    200.654    398.153    2343.93    2427.42   0.787869    47.3357    39.9574    2050.33    2346.06    2.72906    310.549      0.016    5.73074    4.59888    4.35339    4.39128
     18400          0        0.9    4.24698    179.497    392.619    206.231    208.827    415.058    2343.89    2427.38   0.788033    46.8088    39.9574    2050.31    2346.04    2.72921    309.391      0.016    5.73075    4.59888    4.35339    4.39127
     18300          0        0.9    4.24698    179.496    389.512    210.012    217.351    427.363    2343.86    2427.35   0.788197    46.2377    39.9574     2050.3    2346.02    2.72936    307.051      0.016    5.73076    4.59889    4.35338    4.39127
     18200          0        0.9    4.24698    179.495    385.307    235.006    225.876    460.881    2343.83    2427.32   0.788361    45.5396    39.9574    2050.28    2346.01    2.72951    303.769      0.016    5.73076    4.59888    4.35338    4.39127
     18100          0        0.9    4.24698    179.495    381.723    284.042    233.875    517.917    2343.81    2427.29   0.788527    44.7002    39.9574    2050.27       2346    2.72966    300.783      0.016    5.73077    4.59888    4.35338    4.39127
     18000          0        0.9    4.24698    179.494    378.373    328.529    242.434    570.963    2343.79    2427.27   0.788693    43.7621    39.9574    2050.26    2345.99    2.72981        298      0.016    5.73076    4.59888    4.35338    4.39127
     17900          0        0.9    4.24698    179.493    377.417    365.652    252.411    618.063    2343.77    2427.26   0.788859    42.7782    39.9574    2050.26    2345.98    2.72996    296.801      0.016    5.73076    4.59887    4.35338    4.39128
     17800          0        0.9    4.24698    179.493    377.935    400.857    263.248    664.105    2343.76    2427.24   0.789026    41.8668    39.9574    2050.25    2345.97    2.73011    296.843      0.016    5.73076    4.59886    4.35338    4.39128
     17700          0        0.9    4.24698    179.492    376.034    435.613    273.476    709.089    2343.75    2427.23   0.789193    41.0284    39.9574    2050.25    2345.97    2.73026    295.408      0.016    5.73075    4.59886    4.35338    4.39128
     17600          0        0.9    4.24698    179.492    372.814    459.479    287.709    747.188    2343.74    2427.22   0.789361    40.1373    39.9574    2050.24    2345.96     2.7304    292.829      0.016    5.73075    4.59885    4.35338    4.39129
     17500   0.203693        0.9    4.45067    179.491    372.888    467.311    301.603    768.913    2343.85    2427.32   0.789529    39.1567    39.9574    2050.24    2345.96    2.73055     292.35      0.016    5.73074    4.59885    4.35338    4.39129
     17400   0.326546        0.9    24.9429    182.229    404.819     496.62    311.156    807.777    2349.25    2437.58   0.817053    32.6134    39.0482    2090.68    2391.18    2.64266    339.842      0.016     5.7214    4.59219     4.3528    4.39424
     17300   0.293535        0.9    57.5645    183.223    414.203    526.183    320.657    846.839    2360.78     2452.9   0.848468    25.7254    38.2531    2100.68    2401.96    2.62263    347.958      0.016    5.71827    4.58408    4.34383    4.38619
     17200   0.332873        0.9    86.9573    183.941    419.574    562.826    333.801    896.627    2368.88    2464.74   0.877147    21.3685    37.5586     2106.8    2408.42    2.61283     352.41      0.016    5.72179    4.57519    4.32985    4.36991
     17100   0.477268        0.9    120.389    184.709    422.553    618.229    347.722    965.951    2378.16    2477.28   0.902576    17.1355    36.9519    2112.32    2414.08    2.60512    354.869      0.016     5.7297    4.56457    4.31139    4.34756
     17000   0.391119        0.9     168.03    185.667    423.659    669.148    364.155     1033.3    2393.91    2495.27   0.924933    10.6043     36.422    2117.88    2419.51     2.5981      355.8      0.016    5.73979    4.55109    4.28887    4.32115
     16900   0.286426        0.9    207.037     186.81    418.743     711.36     380.97    1092.33    2402.71    2506.73   0.944556    7.28128    35.9588     2123.6    2424.91     2.5918    352.203      0.016    5.75034    4.53253    4.26318    4.29158
     16800   0.265011        0.9    235.658    188.061    409.896    751.927    398.099    1150.03    2405.06    2512.07   0.961715    6.53326    35.5537    2129.14    2429.94    2.58623    345.064      0.016    5.76016    4.51082    4.23462    4.25902
     16700   0.263496        0.9    262.157    189.385    399.857    793.054    416.605    1209.66    2406.53    2516.26   0.976579    5.78247     35.199    2134.25    2434.36    2.58124    336.723      0.016    5.76846    4.48633    4.20355    4.22405
     16600   0.327614        0.9    288.571    190.777    388.697    830.721    438.977     1269.7    2408.26    2520.35   0.989331    4.49172    34.8882    2138.96    2438.21     2.5767    327.457      0.016    5.77476    4.45955    4.56936     4.5906
     16500   0.420486        0.9    321.425    192.254    388.469     872.03    455.077    1327.11    2413.65    2527.41    1.00017    1.43419    34.6155    2143.42    2441.67     2.5725    326.066      0.016     5.7788    4.43084    4.53444    4.55647
     16400    0.51032        0.9    363.564    193.842    395.408    926.748    475.203    1401.95    2423.53    2538.28    1.00936   -3.07221     34.376     2147.9    2445.01    2.56852     331.37      0.016    5.78057    4.40287    4.49886    4.52114
     16300   0.571364        0.9    414.657    195.561    398.977    990.025    492.158    1482.18    2436.99     2552.2    1.01715   -8.39108    34.1655    2152.63     2448.5    2.56472    334.843      0.016    5.78024    4.77264    4.46342    4.48575
     16200   0.503439        0.9    471.726    197.411    400.722    1056.83    514.192    1571.02    2451.88    2567.29    1.02378   -13.8135    33.9801    2157.74     2452.3    2.56106    336.488      0.016    5.77803    4.74013     4.4286    4.45096
     16100   0.389053        0.9    521.955    199.347    390.334    1118.02    538.582     1656.6    2461.18    2577.26    1.02944   -16.8003    33.8167    2163.12    2456.33    2.55761    329.102      0.016    5.77419    4.70662    4.79419    4.41672
     16000   0.357465        0.9    560.829    201.297    371.889    1167.15    560.988    1728.14    2463.55    2580.86    1.03421   -17.5651    33.6725    2168.39    2460.24    2.55437    314.239      0.016    5.76893    4.67283     4.7594    4.78655
     15900   0.345517        0.9    596.563    203.234    361.837    1209.68    581.607    1791.28    2464.62    2583.09     1.0381   -18.5312    33.5449     2173.3    2463.75    2.55122    304.863      0.016    5.76244    4.63935    4.72579    4.75552
     15800   0.374447        0.9    631.144    205.161    356.898    1253.84    598.806    1852.64    2465.55    2585.01    1.04113   -19.6798     33.432    2177.83    2466.84    2.54809    300.417      0.016    5.75487    4.60787    4.69263    4.72366
     15700   0.380281        0.9    668.594    207.096    353.238    1297.37     615.22    1912.59    2468.45    2588.53    1.04335    -21.642    33.3317     2182.1    2469.64    2.54492    297.262      0.016    5.74638    4.97705    4.66029     4.6919
     15600   0.377109        0.9    706.619    209.048    350.673    1341.09    628.932    1970.02    2471.68    2592.21    1.04489   -23.6882    33.2426    2186.24    2472.27    2.54167    295.009      0.016    5.73713    4.94535    4.62887    4.66084
     15500   0.363617        0.9    744.317    211.016     347.37    1383.52    641.446    2024.96    2474.69    2595.58    1.04583   -25.5672    33.1631     2190.3    2474.82    2.53835    292.344      0.016    5.72721    4.91346    4.99831    4.63072
     15400   0.414806        0.9     780.73     212.99    343.713    1429.59    652.461    2082.05    2477.02    2598.24    1.04626   -27.1451    33.0921    2194.27    2477.27    2.53494    289.313      0.016    5.71671    4.88181    4.96727    4.60329
     15300   0.492267        0.9    822.288    214.982    341.675    1482.58    664.796    2147.38    2482.22    2603.39    1.04622   -29.8105    33.0283    2198.21    2479.68    2.53138    287.489      0.016    5.70573    4.85089    4.93818    4.97983
     15200   0.547879        0.9     871.57    217.021    340.645    1535.34    675.849    2211.19    2491.15    2611.84    1.04577   -33.7662    32.9709    2202.27    2482.22    2.52764    286.621      0.016    5.69458    4.82118    4.91072    4.95624
     15100   0.660781        0.9    926.471    219.124     345.93    1595.92    685.499    2281.42    2502.05    2622.06    1.04503    -38.133     32.919    2206.63    2485.05     2.5237    290.595      0.016    5.68357    5.19455    4.88468    4.93334
     15000   0.758939        0.9    992.647    221.313    355.498    1669.37    693.488    2362.86    2517.71    2636.58    1.04407   -43.6065    32.8718    2211.39    2488.31    2.51953    298.593      0.016    5.67285    5.16759    4.86033    4.91167
     14900   0.835096        0.9    1068.62    223.611    362.353    1752.18    698.524     2450.7    2536.57    2654.04    1.04297   -49.4602    32.8288    2216.73    2492.15    2.51512    304.947      0.016    5.66251    5.14107    4.83761     4.8916
     14800   0.789755        0.9    1152.08    226.021    367.632    1844.75    701.782    2546.53    2556.96    2672.97    1.04181   -55.2231    32.7892     2222.7    2496.65    2.51046    309.769      0.016    5.65265    5.11539    4.81652    4.87312
     14700   0.078345        0.9    1230.35    228.447    356.928    1928.68     702.33    2631.01    2571.89    2687.06    1.04066   -58.6872    32.7525    2229.13     2501.7    2.50617    302.395      0.016    5.64339    5.09096    5.19691    4.85577
     14600  0.0808393        0.9    1238.18    221.696     284.87    1968.51    716.474    2684.98    2546.74    2659.39    0.99587   -47.9856    33.7363    2225.16     2504.5    2.66635    219.938      0.016    6.52924    4.84978    4.92505    4.86627
     14500  0.0405018        0.9    1246.23    219.775    257.253    1991.21    736.046    2727.26    2527.97    2637.52   0.961273   -44.2483    34.6823    2214.46    2493.88    2.69236    194.061      0.016    6.73626      4.658    4.66073    4.92445
     14400  0.0061207        0.9    1250.24    220.163    240.553    2006.17    757.237    2763.41    2511.78    2617.81   0.925283   -42.7342    35.5885     2205.7       2483    2.70208    179.218      0.016    6.52567    4.78691    4.72168    4.99806
     14300 0.00147159        0.9    1250.85    221.335    226.377    2018.26    775.052    2793.32    2497.78    2599.94   0.887873   -42.1104    36.4418    2197.91    2472.42    2.70984    167.597      0.016      6.501    4.43486     4.7393    4.65403
     14200          0        0.9    1250.99    222.701    214.392     2023.8    790.903     2814.7    2486.86    2584.85   0.850189   -42.3737    37.2291    2190.92    2462.59    2.71692    157.909      0.016      6.501    4.43525     4.7357    4.69894
     14100  0.0170814        0.9    1251.01    224.066    208.112    2029.04     805.17    2834.21    2478.35    2572.06   0.813374    -43.094    37.9427    2184.78     2453.8    2.72334    152.512      0.016      6.501    4.41376      4.726     4.7348
     14000          0        0.9     1252.7    225.387    205.352    2032.79    816.768    2849.55    2472.57    2561.96    0.77831   -44.2132    38.5803    2179.53    2446.14    2.72913    150.155      0.016      6.501    4.79356    4.71725      4.764
     13900          0        0.9     1252.7    226.659     200.52    2041.58    830.679    2872.26    2467.07    2552.43   0.745623   -44.8586    39.1438    2174.98    2439.39    2.73443    146.625      0.016      6.501    4.77192    4.71254    4.78928
     13800          0        0.9     1252.7    227.879     194.75    2041.63    841.315    2882.95    2462.65    2544.17    0.71563   -45.6012    39.6376     2170.9    2433.27    2.73937    142.182      0.016      6.501    4.75121    4.71248    4.41031
     13700          0        0.9     1252.7    229.054     190.56    2057.39    853.611       2911    2459.03    2536.98   0.688409    -46.446    40.0676    2167.29    2427.77      2.744    138.789      0.016      6.501    4.73434     4.7152    4.42314
     13600          0        0.9     1252.7    230.184    187.248    2065.81    864.632    2930.44    2456.01    2530.68   0.663916   -47.3205    40.4403     2164.1    2422.82    2.74836    136.155      0.016      6.501    4.72241    4.72047    4.43743
     13500          0        0.9     1252.7    231.273    190.641    2074.41    869.189     2943.6    2453.45    2525.09   0.642008   -48.0953    40.7621    2161.26    2418.35     2.7525    138.318      0.016      6.501    4.71564    4.72935    4.45456
     13400          0        0.9     1252.7    232.326    198.107     2081.4    875.903     2957.3    2451.22    2520.09   0.622497   -48.4565    41.0391    2158.71    2414.27    2.75646    144.071      0.016      6.501    4.71384    4.74191     4.4742
     13300   0.144871        0.9    1252.85    233.347    195.114    2089.02    879.416    2968.44    2449.34    2515.65   0.605171   -48.5517     41.277    2156.39    2410.52    2.76025    142.732      0.016      6.501    4.71665    4.75786    4.49614
     13200   0.174096        0.9    1267.36    237.007    216.505    2099.18    882.323     2981.5    2448.55    2519.21   0.643461   -51.7834    40.2965       2191    2447.67     2.6467    176.026      0.016    6.75701    4.71621    4.78298    4.51785
     13100   0.225965        0.9    1284.83    239.447    222.959    2115.18    885.905    3001.09    2449.51     2524.1   0.681642   -53.9952    39.3976     2200.3    2456.29    2.61614     182.29      0.016    6.40926    4.71049    4.40001    4.53143
     13000   0.140675        0.9    1307.34    241.516    228.492     2122.8    888.935    3011.74    2452.94    2530.87   0.716174   -56.3133    38.5929    2205.59    2460.54    2.60008      187.8      0.016    5.81804    4.69181    4.40211    4.53634
     12900   0.294547        0.9    1321.56    243.251    234.405    2145.19    893.478    3038.67    2451.31     2532.7   0.746815    -56.114    37.8817    2209.73    2463.76    2.58845    193.346      0.016    5.97843    4.66465    4.79536    4.53256
     12800   0.331543        0.9    1351.05    244.671    240.244    2175.29    897.268    3072.56    2458.28    2541.93   0.773877   -58.8061    37.2566    2213.22    2466.53    2.57948    198.798      0.016     6.1091    4.63494    4.78326    4.52203
     12700   0.236817        0.9    1384.11    246.052    241.743    2199.31    900.717    3100.03    2465.98    2551.56   0.797834   -61.4822     36.708    2216.73    2469.36    2.57112    200.776      0.016     5.4151    4.60776    4.76794    4.50695
     12600  0.0392802        0.9    1407.59    247.565    240.257    2203.77    903.132    3106.91    2467.38    2555.27   0.818909   -61.7389     36.226    2220.39    2472.26     2.5623     199.92      0.016    5.49442    4.98007    4.74883    4.48801
     12500  0.0629495        0.9    1411.55    249.073    239.546    2210.19    905.217    3115.41    2458.36    2549.35   0.837335    -58.183    35.8017    2223.79    2474.85     2.5539    199.425      0.016     5.5567    4.95082    4.72681     4.4652
     12400  0.0239317        0.9     1417.8    250.544    239.128    2214.09    909.661    3123.75    2452.49    2545.95   0.853268   -56.0219    35.4274    2226.62    2476.82    2.54586    199.276      0.016    5.60511    4.92139    4.70259    4.43942
     12300   0.125969        0.9     1420.3    251.991    237.485    2228.64    914.866    3143.51    2445.73    2541.47   0.866955   -53.7424    35.0963    2229.03    2478.33    2.53812    198.145      0.016    5.64227    4.89238     4.6771    4.41216
     12200   0.291287        0.9    1433.06    253.447    234.803     2257.3    919.011    3176.31    2445.74    2542.83   0.878661    -54.341    34.8029     2231.2    2479.57    2.53051    196.031      0.016    5.67026    4.86401    4.65242    4.78865
     12100   0.391831        0.9    1462.29    254.987    233.441    2294.44    921.556       3216    2454.59    2551.99   0.888696   -58.5016    34.5423    2233.55    2480.94    2.52288    194.793      0.016    5.69084    4.83657    4.63025     4.7651
     12000   0.489597        0.9    1501.57    256.656    232.782     2339.7    928.114    3267.81    2467.33    2564.58   0.897403   -64.0481    34.3104    2236.44    2482.84    2.51518    194.213      0.016    5.70552    4.81195    4.60939    4.74237
     11900   0.539985        0.9    1550.58    258.467    232.826    2388.94    932.028    3320.96    2483.31    2580.08   0.905051   -70.5553    34.1037    2239.99     2485.4    2.50738    194.177      0.016    5.71573     5.1897    4.98888    4.72092
     11800   0.581554        0.9    1604.62    260.422    233.344    2443.18    937.409    3380.59     2499.6    2595.89   0.911817   -76.8197    33.9194    2244.21    2488.63     2.4995    194.563      0.016    5.72261    5.16736    4.96795    4.70052
     11700   0.265218        0.9    1662.46    262.503     241.31    2508.74    943.331    3452.07    2515.64    2611.49   0.917808   -82.4888    33.7547    2248.99    2492.42    2.49154    200.803      0.016    5.72675    5.14522    4.94734    4.68083
     11600   0.185318        0.9     1688.9    250.789    213.584    2553.21    949.906    3503.11    2514.65    2606.25   0.882921   -80.0819    34.6333    2227.79    2478.11    2.67481    158.742      0.016    5.96082     4.9051    4.67461    4.68605
     11500  0.0840154        0.9    1707.33     246.89     194.99    2588.76    968.783    3557.54    2510.32    2598.41   0.851466   -79.2407    35.4829    2220.77    2473.48    2.70217    142.469      0.016     6.4392    4.71768    4.41275    4.74083
     11400   0.090878        0.9    1715.74    246.513     170.75    2612.56    990.221    3602.78    2502.52    2587.45   0.819449   -78.6093    36.2999    2215.54    2467.68    2.71023    122.364      0.016    6.26412    4.45035    4.47345    4.41101
     11300  0.0945961        0.9    1724.83    247.417    159.265    2629.72    1008.28       3638     2497.5    2578.91   0.786296   -79.7572    37.0709    2210.81    2461.27    2.71612    111.689      0.016    6.76639     4.5065    4.49149    4.46328
     11200  0.0340816        0.9    1734.23    248.743    154.901    2641.98    1024.39    3666.37    2494.26    2571.96   0.752811   -81.3545    37.7829    2206.79     2455.3    2.72151    107.647      0.016    6.71158    4.51854    4.48906    4.50596
     11100          0        0.9     1737.6    250.143    147.132    2650.04    1039.15    3689.19    2488.94    2563.21   0.720175   -81.7926    38.4281    2203.01    2449.57    2.72654      101.7      0.016    6.68596    4.50622    4.48047    4.53893
     11000          0        0.9     1737.6    251.487    137.791    2666.85    1052.46    3719.31    2483.24    2554.23   0.689208   -81.9979    39.0042    2199.11    2443.77     2.7312     94.249      0.016    6.67891    4.48339    4.47208    4.56449
     10900          0        0.9     1737.6    252.757     132.51    2674.21     1067.3    3741.51    2478.86    2546.61   0.660294   -82.6602    39.5127    2195.35    2438.21    2.73546    89.6466      0.016    6.68382    4.45834    4.46647    4.58547
     10800 0.00418822        0.9    1737.61    253.965    129.521    2678.65    1078.89    3757.53    2475.42    2540.05   0.633662   -83.4841    39.9577    2191.96    2433.15    2.73938    87.0827      0.016    6.69652    4.43552    4.46453    4.20375
     10700  0.0753779        0.9     1738.1    255.122    125.591    2681.58    1089.99    3771.57    2472.91    2534.57   0.609434   -84.4794    40.3448    2188.97    2428.61    2.74301    83.9604      0.016    6.71428    4.41872    4.46551    4.21523
     10600  0.0716959        0.9    1745.63    256.269    121.106    2682.89    1100.62    3783.52    2474.57    2533.13   0.587546    -86.941    40.6796    2186.76    2425.02    2.74631    80.2779      0.016     6.7354    4.41184    4.46838    4.22415
     10500  0.0675918        0.9     1752.8    257.417    118.289    2684.56     1110.7    3795.27    2475.61    2531.39   0.567984   -89.0922    40.9683    2185.31    2422.32    2.74939    77.7559      0.016    6.75884     4.4103    4.47407    4.23581
     10400  0.0494751        0.9    1759.54    258.547    116.474    2686.98    1118.36    3805.34    2476.15    2529.47   0.550676   -90.9363    41.2164     2184.1    2419.92    2.75234    76.1228      0.016    6.78383    4.41186    4.48311    4.25011
     10300  0.0316807        0.9    1764.47    259.647     115.26    2691.05    1123.61    3814.66    2475.58    2526.75   0.535417   -92.2503    41.4292    2182.88    2417.55     2.7552    74.9994      0.016    6.20908    4.41555    4.49526    4.26664
     10200  0.0299783        0.9    1767.63    260.706    113.995    2694.17     1128.6    3822.77    2474.12    2523.41   0.521968   -93.1491    41.6113    2181.53    2415.07    2.75799    73.9395      0.016    6.23329    4.42087    4.51006    4.28508
     10100 0.00756787        0.9    1770.61    261.726    111.713    2707.26    1130.58    3837.84    2472.77    2520.31   0.510078   -94.0691    41.7671    2180.11    2412.54    2.76071    72.0508      0.016    6.25745    4.42748    4.52702    4.30521
     10000 0.00277195        0.9    1771.36    262.704    109.147    2713.82    1131.87     3845.7     2470.4    2516.42   0.499556   -94.6538    41.9003     2178.6    2409.97    2.76338    69.9198      0.016    6.28148    4.43518    4.54574    4.32677
      9900          0        0.9    1771.64     263.64    106.441    2718.13    1132.53    3850.66    2468.12    2512.71   0.490216   -95.3366     42.014       2177    2407.31    2.76598    67.6616      0.016    6.30527    4.44389    4.56588    4.34952
      9800          0        0.9    1771.64    264.543    103.619    2721.38    1133.33    3854.71       2466    2509.23   0.481892   -96.1452    42.1111     2175.4     2404.7    2.76853    65.2966      0.016    6.32876    4.45511    4.58717    4.37331
      9700          0        0.9    1771.64    265.421    100.695    2731.81    1135.57    3867.38    2464.13    2506.07   0.474454   -97.1145    42.1939    2173.88     2402.2    2.77101    62.8335      0.016    6.35196    4.46895    4.20839    4.39796
      9600          0        0.9    1771.64    266.278    97.6851    2742.92    1139.21    3882.13    2462.45    2503.16   0.467803    -98.218    42.2647    2172.44    2399.82    2.77343    60.2847      0.016    6.37487    4.48476    4.22503    4.01655
      9500          0        0.9    1771.64    267.108    94.6009    2749.71    1144.25    3893.95    2460.95     2500.5    0.46187    -99.435    42.3252    2171.11    2397.59    2.77579    57.6589      0.016    6.39743    4.50187    4.23876     4.0299
      9400          0        0.9    1771.64    267.911    92.2792    2759.69    1146.96    3906.65    2459.59    2498.07   0.456573   -100.735    42.3768    2169.88     2395.5    2.77806     55.574      0.016    6.41954    4.51982    4.25404    4.04488
      9300          0        0.9    1771.64    268.691    90.4019    2768.85    1151.85     3920.7    2458.35    2495.82   0.451829   -102.065     42.421    2168.73    2393.54    2.78026     53.881      0.016    6.44122    4.53846    4.27101    4.06145
      9200          0        0.9    1771.64    269.453     88.765    2776.92     1157.6    3934.52    2457.19    2493.71   0.447567   -103.399    42.4588    2167.64    2391.66     2.7824    52.3894      0.016    6.46251     4.5577    4.28921     4.0794
      9100          0        0.9    1771.64      270.2    87.2918    2776.95     1165.8    3942.75     2456.1    2491.72   0.443723   -104.726    42.4911    2166.61    2389.86     2.7845    51.0366      0.016    6.48346    4.57747    4.30838    4.09848
      9000          0        0.9    1771.64    270.936    85.9493    2779.16    1177.44     3956.6    2455.07    2489.81   0.440239   -106.036    42.5188    2165.61    2388.12    2.78656    49.7962      0.016    6.50414    4.59769    4.32833    4.11851
      8900          0        0.9    1771.64    271.661    84.7318     2787.6    1188.45    3976.04    2454.08    2487.99   0.437067   -107.324    42.5426    2164.64    2386.42    2.78858    48.6622      0.016    6.52466    4.21393    4.34889    4.13931
      8800          0        0.9    1771.64    272.372    83.6143    2790.73     1200.3    3991.03    2453.13    2486.22   0.434165   -108.585    42.5629     2163.7    2384.77    2.79058    47.6165      0.016    6.54533    4.22512     4.3698    4.16071
      8700          0        0.9    1771.64    273.064    82.5809    2801.43    1212.96    4014.39     2452.2    2484.51   0.431498   -109.817    42.5804    2162.79    2383.17    2.79254    46.6448      0.016    6.56596    4.23562    4.39084    4.18255
      8600          0        0.9    1771.64    273.741    81.6221    2817.38    1226.15    4043.53     2451.3    2482.85   0.429037   -111.017    42.5954     2161.9    2381.61    2.79445    45.7396      0.016    6.58641    4.24871    4.01043    3.80414
      8500          0        0.9    1771.64    274.405    80.7291    2827.21    1239.86    4067.07    2450.42    2481.24   0.426764   -112.182    42.6083    2161.04    2380.09    2.79631     44.894      0.016    5.80607    4.26371    4.02517     3.8182
      8400          0        0.9    1771.64    275.051    80.3356    2840.58    1253.61    4094.19    2449.59    2479.72   0.424675   -113.304    42.6195    2160.22    2378.65    2.79812    44.4291      0.016    5.82371    4.27981    4.03721    3.82934
      8300          0        0.9    1771.64    275.675    80.2688    2842.59    1270.98    4113.57     2448.8    2478.28   0.422749   -114.358     42.629    2159.46    2377.28    2.79986    44.2598      0.016    5.84047    4.29647    4.05026    3.84156
      8200          0        0.9    1771.64    276.282     80.424    2849.07    1288.39    4137.46    2448.05    2476.91   0.420964   -115.335    42.6372    2158.72    2375.96    2.80155    44.2859      0.016    5.85657    4.31342    4.06452    3.85485
      8100          0        0.9    1771.64    276.874     80.772     2852.5    1305.81    4158.32    2447.32    2475.58     0.4193    -116.23    42.6443    2158.01    2374.69    2.80318    44.4852      0.016    5.87214    4.33057    4.07954    3.86907
      8000          0        0.9    1771.64    277.454     81.278    2863.93    1323.54    4187.47    2446.61     2474.3   0.417742   -117.042    42.6505    2157.32    2373.44    2.80478    44.8295      0.016    5.88731    4.34783    4.09511    3.88405
      7900          0        0.9    1771.64    278.024     81.992     2866.2    1341.57    4207.76    2445.91    2473.04   0.416274   -117.767    42.6557    2156.64    2372.23    2.80635    45.3546      0.016    5.90214    4.36515     4.1111    3.89966
      7800          0        0.9    1771.64    278.586    82.8738    2870.78    1360.45    4231.23    2445.24    2471.82   0.414883   -118.401    42.6603    2155.98    2371.03    2.80789    46.0363      0.016     5.9167     4.3825     4.1274    3.91575
      7700          0        0.9    1771.64     279.14    83.9101    2877.63    1379.19    4256.82    2444.57    2470.61    0.41356   -118.943    42.6642    2155.32    2369.85    2.80941    46.8597      0.016    5.93104    4.39983    4.14394    3.93224
      7600          0        0.9    1771.64    279.688    85.1109    2882.36    1398.78    4281.14    2443.91    2469.42   0.412296   -119.391    42.6676    2154.67    2368.68    2.81091    47.8352      0.016    5.94519    4.01318    4.16066    3.94903
      7500          0        0.9    1771.64    280.225    86.4483    2882.97    1419.18    4302.15    2443.25    2468.24   0.411083   -119.744    42.6706    2154.02    2367.53    2.81239    48.9394      0.016    5.95911    4.02281    4.17736    3.96604
      7400          0        0.9    1771.64    280.746    86.8546    2886.82    1440.38     4327.2    2442.61    2467.08   0.409917    -120.02    42.6731    2153.38     2366.4    2.81384    49.3729      0.016    5.97274    4.03106     4.1939    3.98316
      7300          0        0.9    1771.64    281.252    86.7282    2892.04    1460.35    4352.39    2441.97    2465.93   0.408795   -120.277    42.6753    2152.75     2365.3    2.81525    49.3281      0.016    5.98604    4.03965    3.80899    3.60021
      7200          0        0.9    1771.64    281.742    86.3277    2900.91    1479.09    4380.01    2441.34    2464.81   0.407718   -120.534    42.6772    2152.14    2364.23    2.81662    49.0496      0.016    5.99901    4.04994    3.82085    3.61242
      7100          0        0.9    1771.64    282.217    85.7415    2910.47    1499.01    4409.48    2440.74    2463.74   0.406699   -120.802    42.6788    2151.56    2363.21    2.81794    48.6099      0.016    6.01162    4.06122    3.83039    3.62013
      7000          0        0.9    1771.64    282.673    85.0184    2912.35    1524.08    4436.43    2440.17    2462.73   0.405739   -121.084    42.6803    2151.01    2362.24     2.8192    48.0492      0.016    6.02383      4.073    3.83874    3.62771
      6900          0        0.9    1771.64    283.113    84.2014    2914.21     1549.1     4463.3    2439.63    2461.77   0.404831   -121.384    42.6815     2150.5    2361.32    2.82041     47.402      0.016    6.03563    4.08499    3.84734    3.63597
      6800          0        0.9    1771.64    283.539    83.3097    2914.24    1569.74    4483.98    2439.11    2460.85   0.403969   -121.704    42.6826    2150.01    2360.45    2.82158    46.6861      0.016    6.04706    4.09707    3.85691    3.64488
      6700          0        0.9    1771.64    283.954    82.3676    2914.68    1591.59    4506.27    2438.61    2459.96   0.403147   -122.044    42.6835    2149.53    2359.59     2.8227    45.9201      0.016    6.05815    4.10919    3.86709    3.65439
      6600          0        0.9    1771.64     284.36    81.4035    2914.93    1616.55    4531.48    2438.12     2459.1   0.402359   -122.403    42.6843    2149.07    2358.76     2.8238    45.1299      0.016    6.06895    4.12131    3.87766    3.66443
      6500          0        0.9    1771.64     284.76    80.4072    2917.58    1640.21    4557.79    2437.64    2458.27   0.401601   -122.781     42.685    2148.62    2357.95    2.82488    44.3079      0.016    6.07952    4.13341    3.88851     3.6749
      6400          0        0.9    1771.64    285.153    79.6924    2920.83    1664.16    4584.99    2437.18    2457.44   0.400868   -123.172    42.6856    2148.17    2357.14    2.82594    43.6895      0.016    6.08989    4.14547    3.89958     3.6857
      6300          0        0.9    1771.64    285.542    79.1417    2923.29    1686.76    4610.04    2436.72    2456.64   0.400156    -123.56    42.6861    2147.72    2356.35    2.82699    43.2176      0.016    6.10009    4.15748    3.91081    3.69676
      6200          0        0.9    1771.64    285.926    78.6876    2928.79    1708.88    4637.67    2436.27    2455.84   0.399463   -123.938    42.6866    2147.29    2355.57    2.82802     42.826      0.016    6.11015    4.16942    3.92215    3.70804
      6100          0        0.9    1771.64    286.306    78.3198    2935.12    1730.54    4665.65    2435.82    2455.05   0.398786   -124.303     42.687    2146.85    2354.79    2.82904    42.5081      0.016    6.12035    4.18131    3.93358    3.71948
      6000          0        0.9    1771.64    286.684    78.0094    2939.71    1751.72    4691.43    2435.38    2454.26   0.398124   -124.653    42.6873    2146.42    2354.02    2.83005    42.2402      0.016    6.13079    4.19316    3.94509    3.73104
      5900          0        0.9    1771.64     287.06    77.7442    2942.41    1775.08    4717.49    2434.94    2453.49   0.397472   -124.988    42.6876    2145.99    2353.26    2.83106    42.0123      0.016    6.14137    3.80442     3.9567    3.74271
      5800          0        0.9    1771.64    287.435    77.5155    2945.92    1797.02    4742.94     2434.5    2452.71   0.396831   -125.307    42.6879    2145.56    2352.49    2.83205    41.8172      0.016      6.152     3.8128    3.96836    3.75448
      5700          0        0.9    1771.64    287.805    77.3182    2952.19    1818.92    4771.11    2434.07    2451.95     0.3962   -125.611    42.6881    2145.13    2351.74    2.83304    41.6502      0.016    6.16262     3.8197    3.97997     3.7663
      5600          0        0.9    1771.64    288.168    77.1491     2960.2    1840.94    4801.14    2433.64    2451.19   0.395577   -125.898    42.6883    2144.71    2350.99    2.83402    41.5084      0.016    6.17316    3.82602    3.99149    3.77813
      5500          0        0.9    1771.64    288.525    77.0048    2962.11    1863.07    4825.17    2433.21    2450.43   0.394964   -126.171    42.6885    2144.29    2350.26    2.83498    41.3892      0.016    6.18358    3.83215     3.6027    3.78994
      5400          0        0.9    1771.64    288.876    76.1559    2963.33    1885.52    4848.85    2432.79    2449.68    0.39436   -126.442    42.6886    2143.88    2349.54    2.83592    40.7426      0.016    6.19386    3.83826    3.61223    3.40139
      5300          0        0.9    1771.64    289.218     74.877    2969.69    1908.28    4877.97    2432.37    2448.94   0.393769    -126.75    42.6887    2143.48    2348.83    2.83684    39.7047      0.016     5.4036    3.84439    3.62056    3.40945
      5200          0        0.9    1771.64     289.55     73.363    2975.62    1928.03    4903.65    2431.98    2448.24   0.393203    -127.11    42.6888     2143.1    2348.15    2.83773    38.4564      0.016    5.41222    3.85083    3.62763    3.41489
      5100          0        0.9    1771.64     289.87    71.6975    2982.74     1948.7    4931.44     2431.6    2447.58   0.392664   -127.526    42.6889    2142.73    2347.51    2.83859     37.069      0.016    5.42028      3.858    3.63375    3.41905
      5000          0        0.9    1771.64    290.176    69.8967    2996.17    1970.28    4966.45    2431.24    2446.95   0.392153       -128     42.689    2142.39     2346.9    2.83941    35.5563      0.016    5.42792    3.86556    3.63938    3.42348
      4900          0        0.9    1771.64     290.47    68.0119    3011.09    1990.75    5001.84    2430.89    2446.35   0.391665   -128.535    42.6891    2142.06    2346.32     2.8402    33.9586      0.016    5.43519     3.8733    3.64499    3.42855
      4800          0        0.9    1771.64    290.754    66.0463    3021.85    2010.75    5032.61    2430.57    2445.78   0.391199   -129.128    42.6891    2141.76    2345.76    2.84096    32.2828      0.016    5.44215    3.88109    3.65073    3.43402
      4700          0        0.9    1771.64    291.028    64.0174    3026.75    2030.28    5057.03    2430.25    2445.23   0.390751   -129.778    42.6892    2141.46    2345.23    2.84169    30.5408      0.016    5.44885    3.88886    3.65659    3.43978
      4600          0        0.9    1771.64    291.295    61.9556    3040.53    2051.78    5092.31    2429.94     2444.7    0.39032   -130.485    42.6892    2141.17    2344.71    2.84241     28.761      0.016    5.45531    3.89657    3.66258    3.44576
      4500          0        0.9    1771.64    291.554    59.8412    3056.15    2074.23    5130.38    2429.64    2444.18   0.389905   -131.246    42.6893    2140.89    2344.21     2.8431    26.9275      0.016    5.46157    3.90419    3.66868     3.4519
      4400          0        0.9    1771.64    291.808    58.0506    3072.43    2094.94    5167.37    2429.35    2443.67   0.389503   -132.053    42.6893    2140.61    2343.71    2.84378    25.3247      0.016    5.46765    3.91172    3.67486    3.45816
      4300          0        0.9    1771.64    292.056    56.4405    3086.38    2115.49    5201.88    2429.07    2443.17   0.389114   -132.886    42.6894    2140.34    2343.23    2.84445     23.881      0.016    5.47358    3.91915    3.68129    3.46454
      4200          0        0.9    1771.64    292.299    54.9237    3104.84    2135.59    5240.44    2428.79    2442.68   0.388736   -133.736    42.6894    2140.07    2342.75    2.84511     22.512      0.016    5.47938    3.92648     3.6879    3.47106
      4100          0        0.9    1771.64    292.539    53.4819    3127.37    2156.43     5283.8    2428.52     2442.2   0.388367   -134.599    42.6894    2139.81    2342.28    2.84575    21.2042      0.016    5.48506    3.93373     3.6946     3.4777
      4000          0        0.9    1771.64    292.775    52.0841    3150.36    2175.91    5326.26    2428.24    2441.73   0.388007   -135.472    42.6894    2139.55    2341.81    2.84639    19.9321      0.016    5.49065    3.94089    3.70137    3.48444
      3900          0        0.9    1771.64    293.008    50.7154    3176.17    2194.02    5370.18    2427.98    2441.26   0.387654   -136.354    42.6894    2139.29    2341.35    2.84702    18.6834      0.016    5.49616    3.94798    3.70817    3.49126
      3800          0        0.9    1771.64    293.238    49.3659    3200.54     2213.8    5414.35    2427.71    2440.79   0.387308   -137.244    42.6895    2139.03     2340.9    2.84764    17.4497      0.016    5.50158    3.95499    3.71498    3.49814
      3700          0        0.9    1771.64    293.466    47.4518    3229.12    2233.94    5463.07    2427.45    2440.33   0.386968   -138.145    42.6895    2138.77    2340.45    2.84826     15.827      0.016    5.50695    3.96193     3.7218    3.50504
      3600          0        0.9    1771.64    293.692    43.9867    3255.35    2254.44    5509.79    2427.19    2439.87   0.386633   -139.129    42.6895    2138.52       2340    2.84887    12.8905      0.016    5.51225    3.96881    3.72861    3.51197
      3500          0        0.9    1771.64    293.915    39.8501    3280.87    2273.35    5554.22    2426.93    2439.42   0.386302   -140.252    42.6895    2138.26    2339.55    2.84948    9.36098      0.016    5.51749    3.97561     3.7354    3.51891
      3400          0        0.9    1771.64    294.136    35.4688    3302.48    2293.49    5595.97    2426.67    2438.97   0.385977   -141.529    42.6895    2138.01    2339.11    2.85008     5.5769      0.016    5.52269    3.98236    3.74218    3.52584
      3300          0        0.9    1771.64    294.355    30.8454    3314.83    2313.49    5628.32    2426.42    2438.52   0.385655   -142.955    42.6895    2137.76    2338.68    2.85067    1.57218      0.016    5.52783    3.98905    3.74894    3.53277
      3200          0        0.9    1771.64    294.573    26.5523     3328.5    2333.37    5661.86    2426.17    2438.07   0.385337   -144.527    42.6895    2137.52    2338.24    2.85126   -2.26444      0.016    5.53293    3.99568    3.75566    3.53968
      3100          0        0.9    1771.64    294.788    23.5861    3340.63     2353.5    5694.14    2425.92    2437.63   0.385024   -146.172    42.6895    2137.27    2337.81    2.85184   -5.00003      0.016    5.53798    3.60205    3.76236    3.54656
      3000          0        0.9    1771.64    295.001      21.09    3355.84    2373.91    5729.74    2425.67     2437.2   0.384713   -147.835    42.6895    2137.03    2337.39    2.85242   -7.33661      0.016    5.54299    3.60709    3.76901    3.55343
      2900          0        0.9    1771.64    295.211    18.9256    3371.51    2393.62    5765.13    2425.42    2436.76   0.384407   -149.495    42.6895    2136.79    2336.97    2.85299   -9.39319      0.016    5.54793    3.61135    3.77557    3.56025
      2800          0        0.9    1771.64    295.416    16.9953    3387.59    2413.73    5801.32    2425.18    2436.33   0.384105   -151.138    42.6895    2136.55    2336.55    2.85356   -11.2481      0.016    5.55279    3.61524    3.78203    3.56702
      2700          0        0.9    1771.64    295.616    15.0629    3396.71    2430.45    5827.15    2424.93     2435.9   0.383808    -152.76    42.6895    2136.31    2336.15    2.85411   -13.0743      0.016    5.55755    3.61896    3.78837    3.57371
      2600          0        0.9    1771.64    295.811    12.7931    3396.75    2452.36    5849.11     2424.7    2435.48   0.383515   -154.379    42.6895    2136.08    2335.75    2.85465    -15.182      0.016    5.56222    3.62262    3.79461    3.58032
      2500          0        0.9    1771.64    296.002    10.4227    3409.09    2470.46    5879.55    2424.46    2435.06   0.383228   -156.011    42.6895    2135.85    2335.35    2.85518   -17.3775      0.016    5.56679    3.62628    3.40071    3.58684
      2400          0        0.9    1771.64     296.19    8.02427    3423.41    2489.05    5912.46    2424.22    2434.65   0.382946    -157.66    42.6895    2135.63    2334.97     2.8557   -19.6027      0.016    5.57126    3.62995    3.40616    3.59322
      2300          0        0.9    1771.64    296.373    5.60006    3435.74    2508.27    5944.02    2423.99    2434.25    0.38267   -159.326    42.6895    2135.41    2334.59    2.85621   -21.8509      0.016    5.57564    3.63364    3.41125    3.59938
      2200          0        0.9    1771.64    296.552    3.31038    3441.55    2528.12    5969.67    2423.77    2433.86   0.382402   -161.009    42.6895    2135.19    2334.23    2.85671   -24.0122      0.016    5.57991    3.63734    3.41605    3.20428
      2100          0        0.9    1771.64    296.725    1.43137    3454.49    2548.05    6002.54    2423.55    2433.48   0.382146   -162.688    42.6895    2134.99    2333.87     2.8572    -25.828      0.016    5.58408    3.64106    3.42032    3.20772
      2000          0        0.9    1771.64    296.894  -0.278685    3467.32    2568.04    6035.36    2423.34    2433.12   0.381903   -164.348    42.6896    2134.79    2333.53    2.85767   -27.4967      0.016    5.58814    3.64477    3.42407    3.21038
      1900          0        0.9    1771.64    297.057   -1.85997    3479.33    2587.57     6066.9    2423.15    2432.78   0.381675   -165.982    42.6896     2134.6    2333.21    2.85813   -29.0531      0.016    5.59208    3.64846    3.42743     3.2126
      1800          0        0.9    1771.64    297.213   -3.34133    3492.36    2607.11    6099.48    2422.96    2432.46   0.381461   -167.588    42.6896    2134.43     2332.9    2.85857   -30.5203      0.016    5.59589    3.65212     3.4305    3.21453
      1700          0        0.9    1771.64    297.364   -4.83729    3506.72    2625.85    6132.57    2422.79    2432.16   0.381262   -169.162    42.6896    2134.26    2332.61    2.85899   -31.9807      0.016    5.59956    3.65575    3.43337    3.21627
      1600          0        0.9    1771.64    297.508   -6.52351    3518.32    2643.07    6161.39    2422.63    2431.88   0.381075   -170.718    42.6896    2134.11    2332.33     2.8594   -33.5979      0.016     5.6031    3.65935    3.43608    3.21788
      1500          0        0.9    1771.64    297.647   -8.26224     3529.5    2662.17    6191.67    2422.47    2431.62   0.380901   -172.262    42.6896    2133.96    2332.07    2.85979    -35.259      0.016    5.60651    3.66291    3.43869    3.21955
      1400          0        0.9    1771.64    297.781   -10.0397     3541.2       2683    6224.21    2422.32    2431.36   0.380738   -173.799    42.6896    2133.82    2331.82    2.86017   -36.9514      0.016    5.60979    3.66643    3.44131     3.2216
      1300          0        0.9    1771.64     297.91   -11.8405    3549.14    2703.18    6252.32    2422.18    2431.12   0.380584    -175.33    42.6896    2133.68    2331.58    2.86054   -38.6634      0.016    5.61295    3.66992    3.44401    3.22393
      1200          0        0.9    1771.64    298.035   -13.3727    3552.95     2722.7    6275.65    2422.04    2430.88   0.380437   -176.855    42.6896    2133.55    2331.35    2.86089   -40.1907      0.016    5.61601    3.67339    3.44679    3.22646
      1100          0        0.9    1771.64    298.157    -14.148    3553.67    2741.65    6295.32    2421.91    2430.65   0.380297   -178.338    42.6896    2133.43    2331.12    2.86124   -41.0755      0.016    5.61896    3.67684    3.44965    3.22914
      1000          0        0.9    1771.64    298.276   -14.5954    3555.08    2760.16    6315.24    2421.78    2430.43   0.380163   -179.753    42.6896     2133.3     2330.9    2.86159   -41.6705      0.016    5.62184    3.68027    3.45256    3.23193
       900          0        0.9    1771.64    298.392   -14.6906    3556.08     2778.9    6334.98    2421.65    2430.21   0.380034   -181.087    42.6896    2133.18    2330.68    2.86193   -41.9645      0.016    5.62465    3.68368    3.45551     3.2348
       800          0        0.9    1771.64    298.506   -14.5211    3556.32    2794.09     6350.4    2421.53    2429.99    0.37991    -182.33    42.6896    2133.06    2330.47    2.86226   -42.0174      0.016    5.62739    3.68708     3.4585    3.23774
       700          0        0.9    1771.64    298.619    -14.037     3558.3    2808.64    6366.94     2421.4    2429.77   0.379789   -183.475    42.6896    2132.94    2330.25    2.86259   -41.8058      0.016    5.63008    3.69046     3.4615    3.24073
       600          0        0.9    1771.64     298.73   -13.0832    3566.19    2826.19    6392.38    2421.28    2429.56   0.379672   -184.508    42.6896    2132.82    2330.04    2.86291   -41.1813      0.016    5.63272    3.69382    3.46452    3.24375
       500          0        0.9    1771.64    298.839   -11.8465    3574.54    2844.39    6418.93    2421.16    2429.35   0.379558   -185.417    42.6896     2132.7    2329.84    2.86323   -40.2978      0.016    5.63532    3.69716    3.46755    3.24679
       400          0        0.9    1771.64    298.947   -10.3016     3595.3    2860.61    6455.91    2421.04    2429.14   0.379447   -186.197    42.6896    2132.59    2329.63    2.86355   -39.1404      0.016    5.63789    3.70048    3.47058    3.24985
       300          0        0.9    1771.64    299.054   -8.50449    3605.34    2881.94    6487.27    2420.92    2428.93   0.379338   -186.842    42.6896    2132.47    2329.42    2.86387   -37.7474      0.016    5.64042    3.70378     3.4736    3.25292
       200          0        0.9    1771.64     299.16   -6.23129    3622.17     2903.8    6525.97     2420.8    2428.73   0.379232   -187.347    42.6896    2132.36    2329.22    2.86418   -35.9706      0.016    5.64293    3.70705    3.47662      3.256
       100          0        0.9    1771.64    299.265   -3.05257    3624.15    2921.61    6545.76    2420.69    2428.52   0.379127   -187.681    42.6896    2132.24    2329.02     2.8645   -33.4053      0.016     5.6454     3.7103    3.47964    3.25907
         0          0        0.9    1771.64    299.369   0.614757    3635.19    2939.53    6574.71    2420.57    2428.32   0.379025   -187.816    42.6896    2132.13    2328.82     2.8648    -30.395      0.016    5.64786    3.71351    3.48264    3.26214