      20000           0         0.1           0     179.437     415.631      17.399     14.2831      31.682     2343.43     2426.93    0.785391     51.8336     39.9574     2049.96      2345.7     2.72671     328.445       0.016     5.73044     4.59858     4.35318     4.39114
      19900           0         0.1           0     179.437      414.68     28.2793     29.7361     58.0154     2343.43     2426.93    0.785563     51.7019     39.9574     2049.96      2345.7     2.72686     327.608       0.016     5.73044     4.59858     4.35318     4.39114
      19800           0         0.1           0     179.437     414.027     44.2321     46.3592     90.5912     2343.43     2426.93    0.785735     51.5707     39.9574     2049.96      2345.7     2.72701     326.992       0.016     5.73044     4.59858     4.35318     4.39114
      19700           0         0.1           0     179.437     413.765     53.1471     60.5222     113.669     2343.43     2426.93    0.785907     51.4563     39.9574     2049.96      2345.7     2.72716      326.68       0.016     5.73044     4.59858     4.35318     4.39114
      19600   0.0414251         0.1   0.0414251     179.437     413.802     62.7691     72.5053     135.274     2343.45     2426.93    0.786079     51.3637     39.9574     2049.96      2345.7     2.72731     326.622       0.016     5.73044     4.59858     4.35318     4.39114
      19500           0         0.1     4.14251     179.504     411.922     64.9267     81.9513     146.878      2345.6     2427.15    0.786241     50.3263     39.9574     2050.06     2345.73     2.72804     325.315       0.016     5.73045     4.59859     4.35349     4.39312
      19400           0         0.1     4.14251     179.584     408.998      76.469     93.8873     170.356     2345.09     2427.11    0.786412     50.3899     39.9574     2050.18     2345.76     2.72878     323.127       0.016     5.73053     4.59868     4.35466     4.39569
      19300           0         0.1     4.14251     179.623     406.338     86.4308     105.815     192.246     2344.73     2427.08    0.786562      50.289     39.9574     2050.23     2345.77     2.72905      321.02       0.016     5.73074     4.59893      4.3559     4.39706
      19200           0         0.1     4.14251     179.642     403.699     87.9313     117.753     205.684     2344.47     2427.05    0.786694     50.0598     39.9574     2050.25     2345.76     2.72924     318.937       0.016     5.73107     4.59933     4.35688     4.39779
      19100 0.000644664         0.1     4.14315     179.652     402.792     87.9392     129.191      217.13     2344.28     2427.04    0.786819     49.7463     39.9574     2050.25     2345.76      2.7294     317.979       0.016     5.73148     4.59982     4.35759     4.39815
      19000           0         0.1     4.20698     179.657     402.925     88.5642     141.434     229.998     2344.17     2427.03    0.786946     49.4276     39.9574     2050.26     2345.75     2.72956     317.894       0.016     5.73191     4.20028     4.35808     4.39833
      18900           0         0.1     4.20698     179.659     401.246     90.2101     154.485     244.696     2344.06     2427.01    0.787079     49.1411     39.9574     2050.26     2345.75     2.72971     316.689       0.016     5.73235      4.2006     4.35842     4.39838
      18800           0         0.1     4.20698     179.658     398.563     99.8876     164.797     264.685     2343.97     2427.01    0.787217     48.7786     39.9574     2050.25     2345.75     2.72985     314.609       0.016     5.73278     4.20083     4.35863     4.39834
      18700           0         0.1     4.20698     179.656     396.709     121.159     176.412      297.57     2343.91        2427    0.787362       48.33     39.9574     2050.25     2345.75     2.72999     312.997       0.016     5.73317       4.201     4.35876     4.39825
      18600           0         0.1     4.20698     179.653     395.258     155.711     190.659      346.37     2343.86     2426.99    0.787513     47.8437     39.9574     2050.25     2345.75     2.73013      311.74       0.016     5.73352     4.20112     4.35881     4.39812
      18500           0         0.1     4.20698     179.649     393.866     197.785      199.13     396.915     2343.82     2426.99     0.78767     47.3355     39.9574     2050.24     2345.75     2.73026      310.54       0.016     5.73383      4.2012     4.35882     4.39797
      18400           0         0.1     4.20698     179.645     392.536       206.6     207.155     413.754     2343.79     2426.99     0.78783      46.809     39.9574     2050.24     2345.75     2.73039     309.382       0.016     5.73409     4.20126     4.35879     4.39782
      18300           0         0.1     4.20698     179.641      389.43     210.299     215.533     425.832     2343.77     2426.99    0.787994     46.2383     39.9574     2050.24     2345.75     2.73052      307.04       0.016     5.73431     4.20129     4.35873     4.39766
      18200           0         0.1     4.20698     179.638     385.226     235.373     223.916     459.289     2343.75     2426.99    0.788161     45.5406     39.9574     2050.23     2345.75     2.73065     303.757       0.016     5.73448     4.20131     4.35866     4.39751
      18100           0         0.1     4.20698     179.634     381.644      284.49     231.775     516.264     2343.74     2426.99    0.788329     44.7016     39.9574     2050.23     2345.75     2.73078     300.771       0.016     5.73463     4.20132     4.35858     4.39736
      18000           0         0.1     4.20698     179.631     378.295     329.054     240.197     569.252     2343.73     2426.99      0.7885     43.7637     39.9574     2050.23     2345.76     2.73091     297.987       0.016     5.73474     4.20132      4.3585     4.39721
      17900           0         0.1     4.20698     179.627     377.339     366.255      250.04     616.295     2343.72     2426.99    0.788671       42.78     39.9574     2050.23     2345.76     2.73104     296.788       0.016     5.73482     4.20131     4.35841     4.39707
      17800           0         0.1     4.20698     179.624     377.858     401.537     260.746     662.283     2343.71     2426.99    0.788843     41.8689     39.9574     2050.23     2345.76     2.73117      296.83       0.016     5.73488      4.2013     4.35832     4.39694
      17700           0         0.1     4.20698     179.621     375.958     436.368     270.845     707.213     2343.71        2427    0.789016     41.0306     39.9574     2050.23     2345.77     2.73129     295.395       0.016     5.73492     4.20128     4.35823     4.39681
      17600           0         0.1     4.20698     179.619      372.74     460.308     284.951     745.259     2343.71        2427    0.789189     40.1397     39.9574     2050.23     2345.77     2.73142     292.816       0.016     5.73494     4.20126     4.35813     4.39668
      17500    0.203074         0.1     4.41005     179.616     372.814     468.214      298.72     766.934     2343.83     2427.02    0.789363     39.1593     39.9574     2050.23     2345.78     2.73155     292.336       0.016     5.73494     4.20123     4.35804     4.39656
      17400    0.324905         0.1     24.8393     182.503     404.701     497.406     307.999     805.405     2349.13     2428.43    0.816947     32.6225     39.0482     2090.72     2390.86     2.64526     339.818       0.016      5.7256     4.59515     4.35879     4.00741
      17300     0.28979         0.1     57.2947     183.944     413.947     526.712     316.779     843.491     2360.24     2431.19    0.848499     25.7279     38.2531     2100.64     2400.92     2.63012     347.942       0.016     5.72269     4.58771     4.35673     4.02164
      17200    0.326542         0.1     86.3104     185.326     419.086     562.869     328.538     891.407     2367.45     2433.82    0.877334      21.361     37.5586     2106.44     2406.07     2.62694      352.39       0.016     5.72714     4.58043     4.35781     4.04034
      17100    0.467729         0.1     119.106     186.897     421.753     617.471     340.271     957.743     2375.47     2436.58    0.902861     17.1266     36.9519     2111.49     2410.06     2.62629     354.819       0.016     5.73733     4.57324     4.36214      4.0621
      17000    0.377383         0.1     165.788     188.873     422.443     667.174     353.498     1020.67     2389.57     2439.95     0.92529     10.6057      36.422     2116.46     2413.44     2.62785     355.688       0.016     5.75163     4.56593     4.37015     4.09279
      16900    0.268482         0.1     203.418     191.184      417.06     707.705     365.939     1073.64      2396.3     2442.54    0.944983     7.32397     35.9588     2121.41     2416.37     2.63092     351.998       0.016     5.76893     4.55874     4.38323     4.12874
      16800    0.243241         0.1     230.241     193.565     407.752     746.126     377.564     1123.69     2396.35      2444.4    0.962126     6.66831     35.5537     2126.06     2418.89     2.63312     344.735       0.016     5.78858     4.55212     4.39811     4.15823
      16700    0.238234         0.1      254.56     195.923     397.281     784.678     389.531     1174.21     2395.55     2446.08    0.976886     6.06523      35.199     2130.34     2421.03     2.63414     336.253       0.016     5.00934     4.54621     4.00925     4.17773
      16600    0.298587         0.1     278.444      198.28     385.736     819.384     404.401     1223.78     2395.14      2447.7    0.989509     4.97019     34.8882     2134.32     2422.86      2.6347     326.842       0.016     5.03009     4.54069     4.01536     4.18906
      16500    0.387481         0.1     308.391     200.722     385.019     857.243     412.032     1269.28      2398.5     2449.61     1.00027     2.14469     34.6155     2138.16     2424.45     2.63558     325.305       0.016     5.05089     4.53511     4.01803      4.1975
      16400    0.473148         0.1     347.225     203.384     391.399     907.952     422.616     1330.57     2406.34     2451.89     1.00945    -2.12107      34.376     2142.03     2425.86     2.63769      330.45       0.016     5.07136     4.52923     4.01992     3.80899
      16300    0.529267         0.1     394.596     206.363     394.401     966.653     428.769     1395.42     2417.61     2454.49     1.01736    -7.21164     34.1655     2146.07     2427.15     2.64145     333.742       0.016     5.09146     4.52328     4.02356     3.82674
      16200     0.45624         0.1      447.45     209.688     395.506     1028.24     438.526     1466.77     2430.03     2457.18      1.0242    -12.4093     33.9801     2150.35     2428.37     2.64663     335.181       0.016     5.11144     4.51782     4.03141     3.85561
      16100    0.337155         0.1     492.954     213.219     384.659     1083.76     449.045      1532.8     2436.58     2459.28     1.03009    -15.1429     33.8167     2154.71     2429.55     2.65194     327.593       0.016     5.13175     4.51361      4.0448     3.88989
      16000    0.301056         0.1     526.634     216.714     365.886     1126.88     456.034     1582.92     2436.15     2460.65     1.03505    -15.5946     33.6725     2158.92     2430.65     2.65563     312.553       0.016     5.15283     4.51131     4.06141     3.91888
      15900     0.28507         0.1     556.723     220.075     355.382     1162.96     459.812     1622.77     2434.55     2461.84     1.03903    -16.1898     33.5449     2162.86     2431.66     2.65749      303.02       0.016     5.17479       4.511     4.07669      3.9386
      15800    0.310478         0.1     585.256     223.325      350.02     1200.24     460.777     1661.01     2433.05     2462.98     1.04211    -16.9322      33.432     2166.57      2432.6     2.65824      298.42       0.016     5.19743     4.51225     4.08852     3.95068
      15700    0.312519         0.1     616.306     226.535     345.951     1236.49     463.802     1700.29     2433.76     2464.28      1.0444    -18.4876     33.3317     2170.15     2433.48     2.65855     295.103       0.016     4.81934     4.51442     4.09679      3.9588
      15600    0.305738         0.1     647.551     229.751     342.965     1272.49     470.793     1743.29     2434.94     2465.58     1.04603    -20.1181     33.2426     2173.67     2434.34     2.65872     292.682       0.016     4.84069     4.51697     4.10276     3.96554
      15500    0.288673         0.1     678.108     232.975     339.292     1306.84     480.238     1787.08     2436.01     2466.82     1.04709     -21.577     33.1631     2177.12     2435.18     2.65859     289.853       0.016     4.86142     4.51959     4.10734     3.97118
      15400    0.337006         0.1     707.023     236.186     335.288     1344.49     492.418     1836.91     2436.48     2467.98     1.04766     -22.726     33.0921     2180.51     2436.01       2.658     286.669       0.016     4.88146     4.52211     4.11082     3.97514
      15300     0.41189         0.1     740.799     239.436     332.868     1388.68     504.538     1893.22     2439.95      2469.4     1.04779    -24.9977     33.0283      2183.9     2436.84     2.65728     284.691       0.016     4.90075     4.52443     4.11355     3.98002
      15200    0.463111         0.1     782.039     242.846     331.432     1432.22      519.31     1951.53     2447.18     2471.18      1.0476     -28.616     32.9709     2187.39     2437.71     2.65718     283.661       0.016     4.91944      4.5266     4.11744      3.9912
      15100    0.571648         0.1     828.458     246.487     336.066     1482.94     537.024     2019.96     2456.21     2473.15     1.04718     -32.658      32.919     2191.06     2438.64     2.65784     287.422       0.016     4.93795     4.52895     4.12505     3.61054
      15000    0.665069         0.1     885.717     250.456     344.826     1545.71     558.178     2103.89     2469.75     2475.59     1.04663    -37.8672     32.8718     2194.99     2439.63      2.6595     295.134       0.016     4.95658     4.53207     4.13796      3.6391
      14900     0.73524         0.1     952.294     254.852     350.889     1617.06     584.383     2201.44     2486.13     2478.35     1.04604    -43.5155     32.8288     2199.28     2440.73     2.66243     301.156       0.016     4.97585     4.53676     4.15921     3.68476
      14800    0.684688         0.1     1025.77     259.706     355.271     1697.27      614.81     2312.08     2503.57     2481.28     1.04546    -49.1006     32.7892     2203.92     2441.95     2.66632     305.594       0.016     4.99644     4.54407      4.1916     3.74838
      14700  0.00251758         0.1     1093.55      264.83     344.297     1768.57     650.646     2419.21     2515.17     2483.66     1.04491     -52.365     32.7525     2208.76     2443.27     2.67061     297.956       0.016     4.61822     4.55521     3.83274     3.42192
      14600  0.00693705         0.1     1093.81     259.502     272.951     1796.48     674.308     2470.79     2490.53     2481.66     1.01108    -41.4483     33.7363     2174.22      2407.4     2.85879     218.894       0.016     5.59263     4.33188     3.60359     3.46042
      14500           0         0.1      1094.5     257.928     245.869      1807.8     692.889     2500.69      2473.2     2479.91    0.970205    -37.3704     34.6823     2168.76     2402.37     2.88295     193.421       0.016     6.08073     4.16729     3.77505     3.50722
      14400           0         0.1      1094.5     258.529      229.74     1811.94     710.064     2522.01     2460.94     2478.55    0.927848    -36.1308     35.5885     2165.77     2398.37     2.88578     178.849       0.016     5.93287     3.92493     3.45405     3.54933
      14300           0         0.1      1094.5     259.903     216.128     1813.79     730.817      2544.6     2452.71     2477.48    0.884622      -36.31     36.4418     2163.54     2394.62     2.88636     167.347       0.016     5.86513     3.61222     3.47205     3.57247
      14200           0         0.1      1094.5     261.452     204.597     1818.05     753.716     2571.76     2447.32     2476.58    0.841939    -37.2164     37.2291     2161.71     2391.19     2.88705     157.699       0.016     5.83702     3.64058     3.45954     3.57608
      14100           0         0.1      1094.5     262.942     198.514     1822.41     778.325     2600.73     2443.91     2475.77    0.801061     -38.408     37.9427     2160.13     2388.12     2.88797       152.3       0.016     5.82969     3.64233     3.43333     3.56487
      14000           0         0.1      1094.5     264.301      195.88     1835.63      805.64     2641.27     2441.85     2475.03    0.762856    -39.5172     38.5803     2158.77     2385.42     2.88904      149.94       0.016     5.83346     3.63034     3.40473     3.54466
      13900           0         0.1      1094.5     265.523     191.296     1853.64     830.593     2684.24     2440.71     2474.32    0.727813     -40.476     39.1438     2157.56     2383.02     2.89019     146.388       0.016     5.84313     3.61444     3.77785     3.52121
      13800           0         0.1      1094.5     266.623     185.773     1862.57     858.701     2721.27     2440.16     2473.62    0.696121    -41.4431     39.6376      2156.5      2380.9     2.89137     141.911       0.016     5.85584     3.60246     3.75103     3.49724
      13700           0         0.1      1094.5     267.617     181.757     1887.13     884.968      2772.1     2439.99     2472.94    0.667766    -42.4516     40.0676     2155.56        2379     2.89259     138.486       0.016        5.87     3.99224     3.72684     3.47435
      13600           0         0.1      1094.5     268.518     178.611     1904.19      912.28     2816.47     2440.05     2472.27    0.642608    -43.4484     40.4403     2154.71      2377.3      2.8938     135.827       0.016     5.88467     3.98182     3.70607     3.45363
      13500           0         0.1      1094.5     269.335     181.836      1921.6     945.786     2867.38     2440.24     2471.61    0.620429    -44.3174     40.7621     2153.95     2375.77     2.89501     137.912       0.016     5.89927     3.97234     3.68879      3.4357
      13400           0         0.1      1094.5     270.078     189.025     1937.67     976.824     2914.49     2440.49     2470.96    0.600972    -44.7554     41.0391     2153.26     2374.39     2.89619     143.546       0.016     5.91348     3.96434     3.67486     3.42076
      13300   0.0473459         0.1     1094.54     270.754     186.299      1954.1     1010.72     2964.82     2440.78     2470.31    0.583966    -44.8942      41.277     2152.63     2373.12     2.89735     142.145       0.016     5.92711     3.95801     3.66417     3.41035
      13200   0.0760057         0.1     1099.31     274.543     207.119     1954.87     1045.35     3000.22      2436.3     2469.93    0.626823    -46.3316     40.2965      2190.9     2414.61      2.7716     172.815       0.016      5.4442     3.97299     3.68255     3.42355
      13100    0.129171         0.1     1106.96     277.076      213.41     1961.33     1086.56     3047.89     2434.23     2470.41     0.66936    -47.1831     39.3976      2200.6     2423.92     2.73716     178.898       0.016     5.69309       3.972      3.6897     3.43084
      13000   0.0411277         0.1     1119.79     279.274     218.899     1963.31     1127.35     3090.65     2435.13     2471.34    0.707753    -48.4822     38.5929      2205.7     2428.16     2.71997      184.34       0.016     5.09232      3.9527     3.68428     3.43423
      12900     0.19929         0.1     1124.06     281.106     224.754     1976.05     1169.74     3145.79     2431.09     2471.83    0.741748    -47.3984     37.8817     2209.43     2431.09     2.70772     189.857       0.016     4.84721     3.92202     3.67194     3.42969
      12800    0.238012         0.1     1144.03     282.665     230.533     1996.44     1211.53     3207.97     2436.15     2473.24    0.771731    -49.5316     37.2566     2212.49     2433.45       2.699     195.297       0.016     4.96662     3.88688     3.65619     3.42296
      12700    0.141432         0.1     1167.73     284.374      232.12     2010.84      1253.3     3264.13     2442.09     2474.77      0.7983    -51.8209      36.708     2215.39     2435.54     2.69243     197.316       0.016     4.65871     3.85105     3.64228     3.42186
      12600           0         0.1     1181.74     286.302     230.768     2015.86     1294.45     3310.31     2441.64      2475.7    0.821676    -51.7114      36.226     2218.29     2437.46     2.68502     196.533       0.016     4.72834     3.81607     3.62953     3.41983
      12500           0         0.1     1181.74     288.111     230.081     2018.91     1335.57     3354.48     2433.91      2475.9    0.842047    -48.9216     35.8017     2220.99     2439.25     2.67603     196.051       0.016     4.78206     4.18279     3.61504     3.40693
      12400           0         0.1     1181.74     289.718     229.694     2024.45     1379.19     3403.64     2427.87     2476.25    0.859642     -46.875     35.4274     2223.46     2440.93     2.66596     195.888       0.016     4.42157     4.14942     3.99596     3.78337
      12300   0.0290026         0.1     1181.76     291.201     228.106     2029.62     1423.61     3453.23     2423.14      2476.7    0.874811    -45.4429     35.0963     2225.76     2442.51     2.65584     194.724       0.016     4.44772     4.11685      3.9704     3.75118
      12200    0.158229         0.1     1184.79     292.638      225.56     2049.04     1466.94     3515.98     2421.02      2477.4    0.887896    -45.2007     34.8029     2227.97     2444.04     2.64607     192.634       0.016     4.46437      4.0857     3.93993     3.71512
      12100    0.142702         0.1      1200.6     294.226     224.339     2077.08     1508.73      3585.8     2426.19     2478.84    0.899241    -47.9754     34.5423     2230.26     2445.54     2.63756     191.496       0.016     4.47409     4.05539     3.90829     3.68414
      12000    0.132283         0.1     1214.86     296.024     223.983     2113.53     1554.65     3668.19     2429.53     2480.11    0.909159     -50.058     34.3104     2232.69     2447.06     2.63008     191.186       0.016      4.4789     4.02575     3.87936     3.66024
      11900    0.123998         0.1     1228.08     297.943     224.544     2154.49     1598.04     3752.53     2431.76     2481.31    0.917797    -51.6668     34.1037     2235.17     2448.58     2.62266     191.657       0.016     4.47992     4.39681     3.85342     3.63943
      11800    0.170645         0.1     1240.53     299.939     225.791     2201.18     1642.94     3844.12      2433.3     2482.46    0.925262    -52.9048     33.9194     2237.69     2450.08     2.61511     192.771       0.016     4.47816     4.36726     3.82963     3.61987
      11700    0.146257         0.1     1257.57     302.049     234.268     2259.69     1688.41      3948.1     2437.17     2483.86    0.931663    -54.7905     33.7547     2240.26     2451.58     2.60776     199.754       0.016     4.47465     4.33841     3.80793     3.60481
      11600   0.0993499         0.1     1272.15     288.642     208.198     2298.78     1719.69     4018.46      2443.9     2484.83    0.901567    -55.3697     34.6333     2198.81     2413.22     2.80728     161.971       0.016     5.11575     4.07826     3.92505     3.60185
      11500  0.00139963         0.1     1281.98     283.584      190.98     2330.32     1737.51     4067.83     2447.01     2485.14    0.866626    -57.1711     35.4829     2192.37     2409.48     2.84017     146.594       0.016     5.59437     3.87881     3.66061      3.6435
      11400           0         0.1     1282.12     282.455     168.098     2351.46     1752.01     4103.47     2445.31        2485     0.83132    -58.4112     36.2999     2189.12     2406.56     2.84785     127.084       0.016     5.42587      3.6056     3.71928     3.69614
      11300           0         0.1     1282.12     282.796     157.346     2366.71     1769.33     4136.03     2444.91     2484.92    0.795328    -60.7456     37.0709      2186.8     2403.63     2.85113     116.836       0.016     6.12692     3.65107     3.72902     3.73737
      11200           0         0.1     1282.12     283.653     153.555     2377.62     1788.13     4165.75     2445.41     2484.82    0.759611    -63.1276     37.7829     2184.94     2400.84     2.85364     113.143       0.016     6.06859     3.65128     3.71425     3.76266
      11100           0         0.1     1282.12     284.639     146.383     2386.43     1807.87      4194.3     2446.45     2484.67    0.725223    -65.2812     38.4281     2183.38      2398.3     2.85585     107.402       0.016     6.03771     3.62686     3.68989     3.77409
      11000           0         0.1     1282.12     285.612     137.476     2403.56     1828.68     4232.24     2447.76     2484.46    0.692941    -67.4167     39.0042     2182.03     2396.02     2.85782      100.01       0.016     6.02347     3.99778     3.66353     3.77572
      10900           0         0.1     1282.12     286.534     132.374     2411.05     1847.61     4258.67     2449.17     2484.19    0.663225    -69.5386     39.5127     2180.85     2393.98     2.85958     95.3801       0.016     6.01949     3.96767     3.63956      3.7715
      10800           0         0.1     1282.12     287.397     129.485     2415.45     1869.46     4284.91     2450.57     2483.86    0.636277    -71.4767     39.9577      2179.8     2392.14     2.86119     92.7541       0.016     6.02189     3.93703     3.62105     3.76499
      10700           0         0.1     1282.12     288.203     125.686     2418.48     1891.44     4309.92     2451.88     2483.47    0.612116    -73.2375     40.3448     2178.85     2390.47     2.86268     89.5648       0.016     6.02823     3.90894     3.60719     3.75859
      10600           0         0.1     1282.12     288.956     121.439     2419.47      1913.5     4332.96     2453.07     2483.03    0.590639    -74.9341     40.6796     2177.99     2388.93     2.86407     85.9273       0.016     6.03698     3.88472     3.99673     3.75345
      10500           0         0.1     1282.12     289.659      118.85     2420.57     1935.65     4356.23     2454.11     2482.54     0.57167    -76.5873     40.9683      2177.2      2387.5     2.86538      83.507       0.016     6.04713     3.86472     3.98833     3.74988
      10400           0         0.1     1282.12     290.317     117.255     2422.21     1959.77     4381.98        2455        2482    0.554999    -78.1371     41.2164     2176.47     2386.19     2.86662     81.9821       0.016     6.05803     3.84876      3.9823     3.74787
      10300           0         0.1     1282.12     290.934     116.217     2427.23     1985.81     4413.04     2455.75     2481.43    0.540405    -79.5734     41.4292     2175.79     2384.97      2.8678     80.9338       0.016     6.06927     3.83649     3.97859     3.74742
      10200           0         0.1     1282.12     291.514     115.093     2431.45     2011.62     4443.07     2456.35     2480.84    0.527664    -80.9013     41.6113     2175.16     2383.83     2.86893     79.9023       0.016     6.08058     3.82748     3.97697     3.74846
      10100           0         0.1     1282.12     292.062     112.948     2443.31     2039.98     4483.29     2456.83     2480.21    0.516561    -82.1861     41.7671     2174.56     2382.75     2.87001     78.0195       0.016      6.0918     3.82257     3.97721     3.75091
      10000           0         0.1     1282.12     292.583     110.478     2448.54     2068.56      4517.1     2457.19     2479.58    0.506898     -83.481     41.9003        2174     2381.74     2.87105     75.8534       0.016     6.10286     3.82072     3.97908     3.75462
       9900           0         0.1     1282.12     293.081     107.838     2454.24     2097.35     4551.59     2457.46     2478.93    0.498492    -84.8071      42.014     2173.47     2380.77     2.87207     73.5302       0.016     6.11377     3.82052     3.98236     3.75947
       9800           0         0.1     1282.12     293.559     105.064     2458.94     2127.16      4586.1     2457.63     2478.26    0.491178    -86.1744     42.1111     2172.95     2379.84     2.87306     71.0866       0.016     6.12485     3.82127     3.98682     3.76532
       9700           0         0.1     1282.12     294.019     102.182     2470.86     2157.99     4628.85     2457.72     2477.59    0.484811    -87.5889     42.1939     2172.46     2378.95     2.87402     68.5408       0.016     6.13602     3.82264     3.99225     3.77201
       9600           0         0.1     1282.12     294.463     99.2098     2483.49     2189.82     4673.31     2457.75     2476.92    0.479263    -89.0541     42.2647     2171.98     2378.09     2.87497     65.9098       0.016     6.14716     3.82445      3.9985     3.77943
       9500           0         0.1     1282.12     294.892     96.1607     2491.84     2222.64     4714.48     2457.71     2476.24     0.47442    -90.5716     42.3252     2171.52     2377.26      2.8759     63.2035       0.016     6.15817     3.82737     3.60503     3.78743
       9400           0         0.1     1282.12     295.309     93.8422     2500.26     2252.75     4753.01     2457.63     2475.56    0.470184    -92.1267     42.3768     2171.07     2376.46     2.87682     61.0329       0.016     6.16905     3.83153     3.61169     3.79581
       9300           0         0.1     1282.12     295.714     91.9573     2507.86     2284.66     4792.52     2457.51     2474.88    0.466472    -93.6768      42.421     2170.64     2375.67     2.87771      59.252       0.016     6.17976     3.83666     3.61861     3.40381
       9200           0         0.1     1282.12     296.109     90.3026     2514.39     2317.07     4831.47     2457.35     2474.21    0.463215    -95.2056     42.4588     2170.21     2374.91     2.87859     57.6693       0.016     6.19032     3.84257      3.6253      3.4095
       9100           0         0.1     1282.12     296.494     88.8047     2515.94     2351.57      4867.5     2457.17     2473.56    0.460355     -96.706     42.4911      2169.8     2374.18     2.87946     56.2231       0.016     5.40066     3.84908      3.6315     3.41395
       9000           0         0.1     1282.12     296.867     87.4329     2519.63     2389.13     4908.76     2456.98     2472.93     0.45784    -98.1743     42.5188     2169.41     2373.47      2.8803     54.8877       0.016     5.40971     3.85602     3.63729     3.41775
       8900           0         0.1     1282.12     297.229     86.1823     2526.62     2425.71     4952.33     2456.78     2472.33    0.455623    -99.6085     42.5426     2169.04      2372.8     2.88112     53.6575       0.016     5.41818     3.86324     3.64282     3.42169
       8800           0         0.1     1282.12     297.576     85.0286     2531.17     2462.76     4993.93     2456.57     2471.75    0.453662    -101.007     42.5629     2168.69     2372.15     2.88191     52.5143       0.016     5.42623     3.87059     3.64842     3.42657
       8700           0         0.1     1282.12     297.911     83.9556     2543.24     2500.28     5043.51     2456.35     2471.18    0.451919    -102.368     42.5804     2168.35     2371.53     2.88268     51.4439       0.016     5.43392     3.87802     3.65424      3.4321
       8600           0         0.1     1282.12     298.235     82.9546     2560.53     2537.96     5098.49     2456.12     2470.63    0.450364    -103.692     42.5954     2168.02     2370.93     2.88343     50.4394       0.016     5.44133     3.88548     3.66029     3.43809
       8500           0         0.1     1282.12     298.548     82.0174     2571.64     2575.81     5147.45     2455.89     2470.08    0.448972    -104.979     42.6083      2167.7     2370.34     2.88416     49.4937       0.016      5.4485     3.89294     3.66651     3.44441
       8400           0         0.1     1282.12     298.852     81.5631     2586.24     2613.36      5199.6     2455.65     2469.54     0.44772     -106.22     42.6195     2167.38     2369.78     2.88487     48.9239       0.016     5.45544      3.9004     3.67287     3.45098
       8300           0         0.1     1282.12     299.147     81.4278      2589.4     2654.21     5243.61      2455.4     2469.01     0.44659    -107.393      42.629     2167.07     2369.22     2.88557     48.6464       0.016     5.46219     3.90783     3.67933     3.45771
       8200           0         0.1     1282.12     299.435     81.5073     2596.97     2694.77     5291.74     2455.15     2468.49    0.445563    -108.488     42.6372     2166.77     2368.68     2.88625     48.5611       0.016     5.46876     3.91524     3.68586     3.46457
       8100           0         0.1     1282.12     299.717     81.7741     2601.41     2735.03     5336.44      2454.9     2467.97    0.444628    -109.501     42.6443     2166.48     2368.15     2.88692     48.6463       0.016     5.47519      3.9226      3.6925     3.47151
       8000           0         0.1     1282.12     299.992     82.1949     2613.75      2775.3     5389.05     2454.65     2467.45    0.443772     -110.43     42.6505     2166.18     2367.62     2.88758     48.8743       0.016     5.48147     3.92992     3.69928     3.47853
       7900           0         0.1     1282.12     300.262     82.8189     2616.84     2815.56     5432.41     2454.39     2466.94    0.442985    -111.271     42.6557     2165.89     2367.11     2.88823     49.2807       0.016     5.48763     3.93719     3.70614     3.48563
       7800           0         0.1     1282.12     300.528     83.6079     2622.16     2856.39     5478.55     2454.13     2466.44    0.442256    -112.022     42.6603     2165.61      2366.6     2.88887     49.8422       0.016     5.49367     3.94442     3.71303     3.49278
       7700           0         0.1     1282.12     300.789     84.5489     2629.65     2896.78     5526.43     2453.87     2465.94     0.44158     -112.68     42.6642     2165.32      2366.1      2.8895     50.5438       0.016     5.49962     3.95161     3.71995     3.49997
       7600           0         0.1     1282.12     301.046     85.6522     2634.92     2937.73     5572.64     2453.61     2465.45    0.440948    -113.244     42.6676     2165.04     2365.61     2.89012     51.3962       0.016     5.50547     3.95875     3.72686     3.50718
       7500           0         0.1     1282.12     301.299     86.8892     2635.09      2979.2     5614.29     2453.35     2464.96    0.440356    -113.712     42.6706     2164.77     2365.12     2.89073     52.3758       0.016     5.51124     3.96584     3.73377     3.51438
       7400           0         0.1     1282.12     301.548     87.2206     2638.58      3021.2     5659.78     2453.09     2464.47    0.439798    -114.104     42.6731     2164.49     2364.64     2.89133     52.6924       0.016     5.51693     3.97289     3.74065     3.52158
       7300           0         0.1     1282.12     301.794     87.0256     2643.49     3061.72     5705.21     2452.83     2463.99    0.439271    -114.475     42.6753     2164.22     2364.16     2.89193     52.5348       0.016     5.52255     3.97988      3.7475     3.52876
       7200           0         0.1     1282.12     302.037     86.5624     2652.14     3100.75     5752.89     2452.57     2463.51    0.438771    -114.848     42.6772     2163.95     2363.69     2.89252     52.1478       0.016      5.5281     3.98681     3.75432      3.5359
       7100           0         0.1     1282.12     302.277     85.9168     2661.52     3140.73     5802.25     2452.31     2463.04    0.438294     -115.23     42.6788     2163.69     2363.23      2.8931     51.6029       0.016     5.53358      3.9937      3.7611     3.54302
       7000           0         0.1     1282.12     302.514     85.1355     2663.28     3185.65     5848.92     2452.05     2462.57    0.437838    -115.629     42.6803     2163.43     2362.77     2.89368      50.939       0.016     5.53899      3.6005     3.76784     3.55009
       6900           0         0.1     1282.12     302.748     84.2602     2665.08     3230.29     5895.37     2451.79     2462.11      0.4374    -116.045     42.6815     2163.17     2362.32     2.89425     50.1904       0.016     5.54434     3.60521     3.77451     3.55711
       6800           0         0.1     1282.12     302.976     83.3106     2665.11     3270.37     5935.48     2451.54     2461.65     0.43698    -116.481     42.6826     2162.91     2361.87     2.89481     49.3744       0.016     5.54959     3.60831     3.78105     3.56407
       6700           0         0.1     1282.12     303.196     82.3109     2665.49     3311.47     5976.96     2451.28     2461.19    0.436576    -116.936     42.6835     2162.66     2361.43     2.89536     48.5094       0.016     5.55471     3.61076     3.78742     3.57094
       6600           0         0.1     1282.12     303.407     81.2894     2665.85     3355.47     6021.33     2451.03     2460.75    0.436188     -117.41     42.6843     2162.41     2361.01     2.89589     47.6211       0.016     5.55967     3.61292      3.7936     3.57768
       6500           0         0.1     1282.12     303.611     80.2363     2668.34     3397.98     6066.32     2450.79     2460.31    0.435814    -117.903      42.685     2162.17      2360.6     2.89641     46.7016       0.016     5.56447     3.61494     3.79962     3.58429
       6400           0         0.1     1282.12     303.808     79.4576     2671.35     3440.59     6111.94     2450.54     2459.87    0.435456    -118.407     42.6856     2161.93      2360.2      2.8969      45.984       0.016     5.56912     3.61687     3.40499     3.59073
       6300           0         0.1     1282.12     303.997     78.8411     2673.51     3481.64     6155.15     2450.31     2459.45    0.435111    -118.908     42.6861     2161.71     2359.81     2.89739     45.4122       0.016     5.57359     3.61872     3.40989     3.59689
       6200           0         0.1     1282.12     304.178     78.3194     2679.38     3522.02      6201.4     2450.07     2459.04    0.434781    -119.398     42.6866     2161.49     2359.44     2.89785     44.9198       0.016      5.5779     3.62051      3.4145      3.2024
       6100           0         0.1     1282.12     304.353     77.8828     2686.14     3561.72     6247.86     2449.85     2458.65    0.434469    -119.875      42.687     2161.28     2359.08      2.8983     44.5006       0.016     5.58204     3.62271     3.41866     3.20619
       6000           0         0.1     1282.12      304.52     77.5034     2690.23     3600.74     6290.97     2449.63     2458.28    0.434177    -120.336     42.6873     2161.08     2358.74     2.89873     44.1311       0.016     5.58603     3.62553     3.42226     3.20899
       5900           0         0.1     1282.12     304.681     77.1693     2692.35     3641.72     6334.08     2449.43     2457.93    0.433904     -120.78     42.6876     2160.89     2358.42     2.89914     43.8017       0.016     5.58986     3.62872     3.42545     3.21123
       5800           0         0.1     1282.12     304.836     76.8721     2696.51     3681.06     6377.57     2449.24      2457.6    0.433651    -121.208     42.6879     2160.71     2358.12     2.89954     43.5052       0.016     5.59354     3.63213     3.42835     3.21315
       5700           0         0.1     1282.12     304.984     76.6062     2702.07     3720.14     6422.21     2449.06      2457.3    0.433417    -121.619     42.6881     2160.55     2357.83     2.89991     43.2369       0.016     5.59708     3.63565     3.43104     3.21484
       5600           0         0.1     1282.12     305.128     76.3682      2709.3     3759.12     6468.41      2448.9     2457.01    0.433199    -122.014     42.6883     2160.39     2357.56     2.90028     42.9939       0.016      5.6005     3.63921     3.43357     3.21638
       5500           0         0.1     1282.12     305.266     76.1548     2712.05     3797.98     6510.04     2448.74     2456.74    0.432997    -122.393     42.6885     2160.24      2357.3     2.90063     42.7736       0.016     5.60378     3.64277     3.43599     3.21782
       5400           0         0.1     1282.12     305.398     75.2525     2714.18     3836.96     6551.14     2448.59     2456.49    0.432809     -122.77     42.6886     2160.11     2357.05     2.90097      42.032       0.016     5.60694     3.64629     3.43833      3.2193
       5300           0         0.1     1282.12     305.526     73.9253     2719.58     3876.03     6595.62     2448.45     2456.25    0.432633    -123.184     42.6887     2159.98     2356.82     2.90129     40.9029       0.016     5.60999     3.64975     3.44068     3.22113
       5200           0         0.1     1282.12      305.65     72.3667     2726.51     3911.88      6638.4     2448.32     2456.02    0.432468    -123.648     42.6888     2159.85      2356.6     2.90161     39.5666       0.016     5.61293     3.65315      3.4431     3.22321
       5100           0         0.1     1282.12      305.77     70.6584     2732.59     3948.45     6681.05     2448.19      2455.8    0.432312    -124.169     42.6889     2159.73     2356.38     2.90192     38.0938       0.016     5.61578     3.65649     3.44559     3.22548
       5000           0         0.1     1282.12     305.887     68.8157     2744.95     3985.74     6730.69     2448.06     2455.59    0.432163    -124.749      42.689     2159.61     2356.17     2.90222     36.4975       0.016     5.61854     3.65976     3.44814     3.22789
       4900           0         0.1     1282.12     306.001     66.8885     2758.74     4021.74     6780.48     2447.94     2455.38    0.432021    -125.388     42.6891     2159.49     2355.96     2.90251     34.8175       0.016     5.62122     3.66297     3.45073      3.2304
       4800           0         0.1     1282.12     306.112     64.8801     2768.34      4057.1     6825.44     2447.82     2455.17    0.431885    -126.084     42.6891     2159.38     2355.75      2.9028     33.0603       0.016     5.62383     3.66612     3.45335     3.23298
       4700           0         0.1     1282.12     306.221     62.8076     2772.02     4091.83     6863.85      2447.7     2454.97    0.431753    -126.838     42.6892     2159.27     2355.55     2.90309     31.2377       0.016     5.62638     3.66921     3.45599     3.23561
       4600           0         0.1     1282.12     306.328     60.7013     2784.55     4128.35      6912.9     2447.59     2454.77    0.431627    -127.647     42.6892     2159.16     2355.36     2.90337     29.3777       0.016     5.62887     3.67225     3.45864     3.23828
       4500           0         0.1     1282.12     306.433     58.5417     2798.87     4165.69     6964.55     2447.48     2454.57    0.431504     -128.51     42.6893     2159.05     2355.16     2.90365     27.4646       0.016     5.63131     3.67524     3.46128     3.24096
       4400           0         0.1     1282.12     306.536     56.6979      2813.8     4201.12     7014.92     2447.36     2454.38    0.431385    -129.418     42.6893     2158.94     2354.97     2.90392     25.7797       0.016     5.63371     3.67818     3.46392     3.24367
       4300           0         0.1     1282.12     306.637     55.0314     2826.34     4236.26      7062.6     2447.25     2454.18     0.43127     -130.35     42.6894     2158.83     2354.78     2.90419     24.2526       0.016     5.63607     3.68107     3.46655     3.24637
       4200           0         0.1     1282.12     306.737     53.4553     2843.33      4270.8     7114.13     2447.14     2453.99    0.431157    -131.299     42.6894     2158.72      2354.6     2.90446     22.7991       0.016     5.63839     3.68392     3.46917     3.24907
       4100           0         0.1     1282.12     306.836      51.952     2864.33     4305.93     7170.26     2447.04      2453.8    0.431047    -132.261     42.6894     2158.62     2354.41     2.90472     21.4059       0.016     5.64067     3.68673     3.47176     3.25177
       4000           0         0.1     1282.12     306.933     50.4913     2885.72     4339.57     7225.29     2446.93     2453.62    0.430941    -133.232     42.6894     2158.52     2354.23     2.90498      20.048       0.016     5.64292     3.68949     3.47433     3.25445
       3900           0         0.1     1282.12     307.029     49.0588     2909.88     4371.69     7281.57     2446.82     2453.43    0.430836    -134.211     42.6894     2158.41     2354.05     2.90524     18.7132       0.016     5.64513     3.69222     3.47688     3.25711
       3800           0         0.1     1282.12     307.123     47.6449     2932.53     4405.37      7337.9     2446.72     2453.25    0.430734    -135.197     42.6895     2158.31     2353.87      2.9055     17.3936       0.016     5.64732     3.69491     3.47941     3.25975
       3700           0         0.1     1282.12     307.216     45.6794     2959.34     4439.26      7398.6     2446.62     2453.07    0.430634    -136.195     42.6895     2158.21      2353.7     2.90575     15.6901       0.016     5.64947     3.69756     3.48191     3.26238
       3600           0         0.1     1282.12     307.308     42.1843     2983.77     4473.37     7457.14     2446.51     2452.89    0.430537    -137.273     42.6895     2158.11     2353.53       2.906     12.6846       0.016     5.65159     3.70017     3.48438     3.26498
       3500           0         0.1     1282.12     307.399     38.0291     3007.46     4505.76     7513.23     2446.41     2452.72    0.430441    -138.489     42.6895     2158.01     2353.35     2.90625     9.09387       0.016     5.65369     3.70275     3.48682     3.26755
       3400           0         0.1     1282.12     307.488     33.6339     3027.24     4539.25     7566.49     2446.31     2452.54    0.430348    -139.855     42.6895     2157.92     2353.19     2.90649     5.25382       0.016     5.65576      3.7053     3.48924      3.2701
       3300           0         0.1     1282.12     307.576      29.002     3037.75     4572.48     7610.23     2446.22     2452.37    0.430257     -141.37     42.6895     2157.82     2353.02     2.90673     1.19785       0.016      5.6578     3.70781     3.49164     3.27262
       3200           0         0.1     1282.12     307.664     24.6916     3049.55     4605.44     7654.99     2446.12      2452.2    0.430168    -143.028     42.6895     2157.73     2352.85     2.90697    -2.69121       0.016     5.65982      3.7103     3.49406     3.27512
       3100           0         0.1     1282.12      307.75     21.6905     3059.79     4638.54     7698.33     2446.02     2452.03     0.43008    -144.758     42.6895     2157.63     2352.69     2.90721     -5.4872       0.016     5.66181     3.71275     3.49647     3.27762
       3000           0         0.1     1282.12     307.835     19.1508     3073.06     4671.78     7744.83     2445.93     2451.87    0.429994    -146.506     42.6895     2157.54     2352.53     2.90744    -7.88881       0.016     5.66378     3.71518     3.49887      3.2801
       2900           0         0.1     1282.12     307.919     16.9352     3086.74      4704.2     7790.94     2445.83      2451.7     0.42991    -148.248     42.6895     2157.45     2352.37     2.90768    -10.0148       0.016     5.66572     3.71758     3.50125     3.28257
       2800           0         0.1     1282.12     308.003     14.9481     3100.77      4736.9     7837.67     2445.74     2451.54    0.429828    -149.974     42.6895     2157.36     2352.21     2.90791    -11.9424       0.016     5.66765     3.71995     3.50362     3.28502
       2700           0         0.1     1282.12     308.086     12.9582     3107.78     4766.09     7873.87     2445.65     2451.38    0.429747    -151.679     42.6895     2157.27     2352.06     2.90814    -13.8423       0.016     5.66956      3.7223     3.50596     3.28746
       2600           0         0.1     1282.12     308.167     10.6341     3109.98     4800.35     7910.34     2445.56     2451.22    0.429667     -153.38     42.6895     2157.18      2351.9     2.90836    -16.0221       0.016     5.67144     3.72463     3.50829     3.28987
       2500           0         0.1     1282.12     308.248     8.21033     3120.12      4830.7     7950.82     2445.46     2451.06    0.429589    -155.093     42.6895     2157.09     2351.75     2.90859    -18.2887       0.016     5.67331     3.72694     3.51059     3.29227
       2400           0         0.1     1282.12     308.328      5.7589     3132.17     4861.43      7993.6     2445.37      2450.9    0.429512    -156.823     42.6895        2157      2351.6     2.90881     -20.584       0.016     5.67516     3.72922     3.51287     3.29465
       2300           0         0.1     1282.12     308.408     3.28224     3142.19     4892.69     8034.87     2445.29     2450.75    0.429437    -158.569     42.6895     2156.92     2351.45     2.90903    -22.9015       0.016     5.67699     3.73147     3.51513     3.29701
       2200           0         0.1     1282.12     308.486    0.937261     3145.62     4924.47     8070.09      2445.2     2450.59    0.429362     -160.33     42.6895     2156.83      2351.3     2.90925    -25.1326       0.016      5.6788     3.73371     3.51736     3.29934
       2100           0         0.1     1282.12     308.564    -1.00225     3156.13     4956.24     8112.37     2445.11     2450.44     0.42929    -162.088     42.6895     2156.74     2351.15     2.90947    -27.0205       0.016     5.68059     3.73592     3.51957     3.30165
       2000           0         0.1     1282.12     308.641    -2.77567     3166.45     4987.98     8154.43     2445.02     2450.29    0.429218    -163.827     42.6896     2156.66        2351     2.90969    -28.7626       0.016     5.68236     3.73811     3.52176     3.30394
       1900           0         0.1     1282.12     308.717    -4.42283     3175.91     5019.16     8195.07     2444.94     2450.14    0.429148    -165.539     42.6896     2156.58     2350.86      2.9099    -30.3935       0.016     5.68412     3.74028     3.52392     3.30621
       1800           0         0.1     1282.12     308.792    -5.97201     3186.31     5050.29     8236.59     2444.85     2449.99    0.429079    -167.223     42.6896     2156.49     2350.72     2.91011    -31.9361       0.016     5.68586     3.74243     3.52607     3.30845
       1700           0         0.1     1282.12     308.867    -7.53547     3197.97     5080.53      8278.5     2444.77     2449.85    0.429011    -168.876     42.6896     2156.41     2350.57     2.91032    -33.4716       0.016     5.68758     3.74455     3.52818     3.31067
       1600           0         0.1     1282.12     308.941    -9.28716      3206.8     5109.18     8315.98     2444.69      2449.7    0.428945    -170.508     42.6896     2156.33     2350.44     2.91053    -35.1625       0.016     5.68928     3.74665     3.53028     3.31287
       1500           0         0.1     1282.12     309.014    -11.0905     3215.15     5139.65      8354.8     2444.61     2449.56     0.42888     -172.13     42.6896     2156.25      2350.3     2.91074    -36.8962       0.016     5.69097     3.74873     3.53235     3.31505
       1400           0         0.1     1282.12     309.086    -12.9318     3223.96     5171.79     8395.75     2444.52     2449.42    0.428816    -173.743     42.6896     2156.17     2350.16     2.91094    -38.6602       0.016     5.69264     3.75079      3.5344      3.3172
       1300           0         0.1     1282.12     309.158    -14.7955     3228.95     5203.21     8432.16     2444.44     2449.28    0.428754    -175.351     42.6896      2156.1     2350.02     2.91115    -40.4426       0.016     5.69429     3.75283     3.53643     3.31933
       1200           0         0.1     1282.12     309.229    -16.3954     3235.78     5233.92     8469.71     2444.37     2449.14    0.428692     -176.95     42.6896     2156.02     2349.89     2.91135    -42.0418       0.016     5.69593     3.75485     3.53843     3.32143
       1100           0         0.1     1282.12     309.299    -17.2471      3239.6     5264.01     8503.61     2444.29        2449    0.428632    -178.508     42.6896     2155.94     2349.76     2.91155    -43.0031       0.016     5.69754     3.75685     3.54042     3.32351
       1000           0         0.1     1282.12     309.368    -17.7755     3241.38     5293.61     8534.99     2444.21     2448.86    0.428573    -179.998     42.6896     2155.87     2349.63     2.91175    -43.6772       0.016     5.69915     3.75882     3.54238     3.32557
        900           0         0.1     1282.12     309.437    -17.9569     3243.64      5323.4     8567.04     2444.13     2448.73    0.428515    -181.406     42.6896     2155.79      2349.5     2.91194    -44.0536       0.016     5.70073     3.76078     3.54432     3.32761
        800           0         0.1     1282.12     309.504     -17.877     3247.23     5349.59     8596.81     2444.06      2448.6    0.428459    -182.723     42.6896     2155.72     2349.37     2.91214     -44.191       0.016      5.7023     3.76271     3.54623     3.32963
        700           0         0.1     1282.12     309.572    -17.4872     3248.69     5375.09     8623.78     2443.98     2448.47    0.428403    -183.942     42.6896     2155.64     2349.24     2.91233    -44.0668       0.016     5.70385     3.76463     3.54813     3.33162
        600           0         0.1     1282.12     309.638    -16.6333     3260.13     5403.55     8663.68     2443.91     2448.34    0.428349     -185.05     42.6896     2155.57     2349.12     2.91252    -43.5331       0.016     5.70538     3.76652        3.55     3.33359
        500           0         0.1     1282.12     309.704    -15.4997     3272.14     5432.61     8704.75     2443.83     2448.21    0.428296    -186.033     42.6896      2155.5     2348.99     2.91271    -42.7428       0.016     5.70693      3.7684     3.55186     3.33554
        400           0         0.1     1282.12     309.769    -14.0618     3296.65     5459.66     8756.31     2443.76     2448.08    0.428244    -186.888     42.6896     2155.43     2348.87      2.9129    -41.6813       0.016     5.70853     3.77026     3.55369     3.33747
        300           0         0.1     1282.12     309.834    -12.3744     3310.56     5491.76     8802.32     2443.69     2447.95    0.428193    -187.608     42.6896     2155.36     2348.75     2.91309     -40.386       0.016     5.71017     3.77211     3.55552     3.33938
        200           0         0.1     1282.12     309.898    -10.2178     3331.38     5524.37     8855.75     2443.62     2447.83    0.428144     -188.19     42.6896     2155.29     2348.63     2.91328    -38.7108       0.016     5.71183     3.77395     3.55734     3.34127
        100           0         0.1     1282.12     309.963     -7.1658     3337.47     5552.88     8890.35     2443.55     2447.71    0.428095      -188.6     42.6896     2155.22     2348.51     2.91346    -36.2535       0.016      5.7135      3.7758     3.55914     3.34315
          0           0         0.1     1282.12     310.027     -3.6313     3344.27     5581.45     8925.71     2443.48     2447.59    0.428047    -188.813     42.6896     2155.15     2348.39     2.91365    -33.3556       0.016     5.71517     3.77764     3.56095     3.34502