      20000           0           1           0     179.437     415.631      17.399     14.2831      31.682     2343.43     2426.93    0.785391     51.8336     39.9574     2049.96      2345.7     2.72671     328.445       0.016     5.73044     4.59858     4.35318     4.39114
      19900           0           1           0     179.437      414.68     28.2793     29.7361     58.0154     2343.43     2426.93    0.785563     51.7019     39.9574     2049.96      2345.7     2.72686     327.608       0.016     5.73044     4.59858     4.35318     4.39114
      19800           0           1           0     179.437     414.027     44.2321     46.3592     90.5912     2343.43     2426.93    0.785735     51.5707     39.9574     2049.96      2345.7     2.72701     326.992       0.016     5.73044     4.59858     4.35318     4.39114
      19700           0           1           0     179.437     413.765     53.1471     60.5222     113.669     2343.43     2426.93    0.785907     51.4563     39.9574     2049.96      2345.7     2.72716      326.68       0.016     5.73044     4.59858     4.35318     4.39114
      19600   0.0414251           1   0.0414251     179.437     413.802     62.7691     72.5053     135.274     2343.45     2426.95    0.786079     51.3637     39.9574     2049.96      2345.7     2.72731     326.622       0.016     5.73044     4.59858     4.35318     4.39114
      19500           0           1     4.14251      179.45     411.941     64.9084     82.0055     146.914     2345.62     2429.12     0.78617     50.3284     39.9574     2050.22        2346     2.72734      325.31       0.016     5.73044     4.59858     4.35317     4.39103
      19400           0           1     4.14251     179.465     409.039     76.4097     94.0602      170.47     2345.18      2428.7     0.78629     50.3978     39.9574     2050.53     2346.35     2.72744     323.115       0.016     5.73045     4.59859      4.3531     4.39087
      19300           0           1     4.14251     179.473     406.395     86.3146     106.138     192.452     2344.87      2428.4    0.786498     50.3003     39.9574     2050.56     2346.37      2.7276     321.009       0.016     5.73046     4.59859     4.35302     4.39075
      19200           0           1     4.14251     179.476     403.769      87.746     118.241     205.987     2344.63     2428.17    0.786701     50.0721     39.9574     2050.53     2346.33     2.72777     318.929       0.016     5.73046     4.59859     4.35295     4.39065
      19100  0.00109471           1      4.1436     179.478      402.87     87.8164     129.853     217.669     2344.45     2427.99    0.786889      49.758     39.9574     2050.49     2346.29     2.72794     317.975       0.016     5.73046     4.59858     4.35288     4.39057
      19000           0           1     4.25198     179.479     403.009     88.5257     142.273     230.799     2344.36      2427.9    0.787064     49.4277     39.9574     2050.46     2346.25      2.7281     317.893       0.016     5.73045     4.59856     4.35283     4.39052
      18900           0           1     4.25198      179.48     401.334     90.2599     155.503     245.763     2344.24     2427.78    0.787234     49.1421     39.9574     2050.44     2346.22     2.72826     316.691       0.016     5.73044     4.59854     4.35279     4.39047
      18800           0           1     4.25198      179.48     398.653     99.8466     165.994      265.84     2344.14     2427.68    0.787401     48.7799     39.9574     2050.41     2346.18     2.72843     314.613       0.016     5.73042     4.59852     4.35275     4.39045
      18700           0           1     4.25198      179.48     396.801     121.025     177.784     298.809     2344.06      2427.6    0.787566     48.3311     39.9574     2050.38     2346.15     2.72859     313.003       0.016      5.7304     4.59849     4.35273     4.39043
      18600           0           1     4.25198     179.479     395.351     155.484     192.205     347.689        2344     2427.53    0.787731     47.8444     39.9574     2050.36     2346.12     2.72875     311.748       0.016     5.73037     4.59846     4.35271     4.39043
      18500           0           1     4.25198     179.479     393.959     197.465     200.846     398.311     2343.95     2427.47    0.787894     47.3358     39.9574     2050.34      2346.1      2.7289      310.55       0.016     5.73035     4.59843     4.35269     4.39043
      18400           0           1     4.25198     179.478     392.629     206.186     209.038     415.224      2343.9     2427.43    0.788058     46.8088     39.9574     2050.32     2346.08     2.72906     309.393       0.016     5.73032      4.5984     4.35269     4.39044
      18300           0           1     4.25198     179.478     389.522     209.978      217.58     427.558     2343.87     2427.39    0.788222     46.2376     39.9574      2050.3     2346.06     2.72921     307.052       0.016     5.73029     4.59837     4.35268     4.39045
      18200           0           1     4.25198     179.477     385.317     234.961     226.123     461.084     2343.84     2427.36    0.788387     45.5395     39.9574     2050.29     2346.04     2.72937      303.77       0.016     5.73027     4.59835     4.35268     4.39046
      18100           0           1     4.25198     179.477     381.733     283.988      234.14     518.127     2343.81     2427.33    0.788552     44.7001     39.9574     2050.28     2346.03     2.72952     300.785       0.016     5.73025     4.59833     4.35268     4.39048
      18000           0           1     4.25198     179.476     378.384     328.464     242.717     571.181     2343.79     2427.31    0.788718     43.7619     39.9574     2050.27     2346.02     2.72967     298.002       0.016     5.73022     4.59831     4.35268     4.39049
      17900           0           1     4.25198     179.476     377.427     365.577     252.711     618.288     2343.78     2427.29    0.788884      42.778     39.9574     2050.26     2346.01     2.72982     296.802       0.016      5.7302     4.59829     4.35268     4.39051
      17800           0           1     4.25198     179.475     377.945     400.772     263.566     664.338     2343.76     2427.28     0.78905     41.8666     39.9574     2050.25        2346     2.72997     296.844       0.016     5.73018     4.59827     4.35269     4.39052
      17700           0           1     4.25198     179.475     376.044     435.518     273.811     709.329     2343.75     2427.26    0.789217     41.0281     39.9574     2050.25        2346     2.73012      295.41       0.016     5.73016     4.59826     4.35269     4.39054
      17600           0           1     4.25198     179.475     372.824     459.374     288.061     747.435     2343.74     2427.25    0.789384     40.1371     39.9574     2050.24     2345.99     2.73027     292.831       0.016     5.73015     4.59825      4.3527     4.39055
      17500    0.203775           1     4.45576     179.475     372.898     467.196     301.971     769.167     2343.85     2427.36    0.789552     39.1564     39.9574     2050.24     2345.98     2.73042     292.351       0.016     5.73014     4.59824      4.3527     4.39057
      17400    0.326757           1     24.9563     182.193     404.835     496.521      311.56     808.081     2349.27     2438.73    0.817069     32.6122     39.0482     2090.68     2391.23     2.64233     339.845       0.016     5.72078     4.59157     4.35194     4.39236
      17300    0.294011           1     57.5992     183.132     414.235     526.116     321.152     847.268     2360.85     2455.63    0.848467     25.7251     38.2531     2100.68     2402.09     2.62168      347.96       0.016     5.71763     4.58341     4.34199     4.38091
      17200    0.333679           1       87.04     183.766     419.636     562.822     334.471     897.293     2369.06     2468.65    0.877128     21.3696     37.5586     2106.85     2408.72     2.61105     352.412       0.016     5.72101     4.57434      4.3259     4.35962
      17100    0.478486           1     120.553     184.433     422.655     618.327     348.668     966.995     2378.51     2482.45    0.902547     17.1371     36.9519     2112.43     2414.59     2.60244     354.876       0.016     5.72863     4.56327     4.30435     4.33129
      17000     0.39288           1     168.316     185.262     423.814     669.401     365.506     1034.91     2394.47     2502.33    0.924894     10.6047      36.422     2118.06     2420.29     2.59433     355.813       0.016     5.73816     4.54837     4.27789     4.29744
      16900    0.288737           1       207.5     186.258     418.958     711.829     382.873      1094.7     2403.54     2514.98    0.944506     7.27649     35.9588     2123.88     2426.01     2.58681     352.227       0.016     5.74781     4.52852      4.2473     4.25958
      16800    0.267829           1     236.352     187.366     410.173     752.672     400.698     1153.37     2406.18     2520.84    0.961662     6.51663     35.5537     2129.53     2431.37     2.58021     345.103       0.016     5.75635     4.50523     4.21332      4.2193
      16700     0.26678           1     263.134     188.557     400.191     794.133      420.03     1214.16     2407.95     2525.44    0.976528     5.74621      35.199     2134.75     2436.09     2.57439     336.781       0.016     5.76295     4.47871     4.57637     4.58124
      16600    0.331403           1     289.877     189.825     389.082     832.185     443.355     1275.54     2409.95     2529.93    0.989274     4.42861     34.8882     2139.56     2440.22     2.56913     327.532       0.016     5.76719     4.44954     4.53776     4.54141
      16500    0.424814           1     323.111     191.177     388.921     873.946     460.532     1334.48      2415.6     2537.74     1.00012     1.34052     34.6155      2144.1     2443.92     2.56419     326.159       0.016     5.76889     4.41869      4.4979     4.49984
      16400    0.515223           1     365.682     192.626     395.936     929.192     481.873     1411.07     2425.77     2549.82      1.0093    -3.19701      34.376     2148.65     2447.53     2.55935     331.482       0.016     5.76804     4.78724     4.45748     4.45712
      16300    0.576948           1     417.266     194.182     399.582     993.074     500.207     1493.28     2439.53      2565.3     1.01707    -8.54532     34.1655     2153.48     2451.32     2.55448     334.978       0.016     5.76483     4.75295     4.41689     4.41384
      16200    0.509735           1     474.894     195.843     401.417     1060.57      523.81     1584.38     2454.76      2582.1     1.02365     -13.998     33.9801     2158.69     2455.48     2.54959     336.648       0.016     5.75946     4.71675     4.77586     4.77426
      16100    0.396013           1     525.754     197.574     391.095     1122.53     549.974      1672.5     2464.41      2593.2     1.02925    -17.0206     33.8167      2164.2      2459.9     2.54489     329.288       0.016     5.75215     4.67945     4.73467     4.73334
      16000    0.365069           1     565.324     199.326     372.698     1172.46     574.351     1746.81     2467.16     2597.25     1.03397    -17.8292     33.6725     2169.61      2464.2      2.5406     314.448       0.016     5.74315      4.6419     4.69363     4.69212
      15900    0.353706           1      601.82     201.077     362.712     1215.87     597.127     1812.99      2468.6     2599.81     1.03783    -18.8452     33.5449     2174.64     2468.07     2.53664     305.092       0.016     5.73263     4.60499     4.65341     4.65145
      15800    0.383164           1      637.22      202.83     357.836     1260.96     616.657     1877.62     2469.89     2602.04     1.04084    -20.0477      33.432     2179.29     2471.48     2.53282     300.665       0.016      5.7208     4.96941     4.61424     4.61204
      15700    0.389571           1     675.542     204.594     354.239      1305.5     635.573     1941.07     2473.12     2606.05     1.04305    -22.0646     33.3317     2183.66     2474.57     2.52901     297.532       0.016     5.70789     4.93262     4.97602     4.97809
      15600    0.386956           1     714.497     206.375     351.739     1350.28     651.958     2002.24     2476.64     2610.21     1.04454    -24.1684     33.2426      2187.9     2477.49     2.52513     295.301       0.016     5.69424     4.89549     4.93892     4.94388
      15500    0.374022           1      753.18      208.17     348.496     1393.84     667.318     2061.15     2479.94     2614.04     1.04544    -26.1068     33.1631     2192.04     2480.31      2.5212     292.657       0.016     5.68027     4.85878     4.90281     4.90984
      15400    0.425676           1     790.633     209.973     344.895     1441.09      681.35     2122.44     2482.53     2617.06     1.04582    -27.7458     33.0921      2196.1     2483.02     2.51722     289.648       0.016     5.66605     4.82227     4.86792     4.87643
      15300    0.503569           1     833.279     211.792      342.92     1495.33     696.875      2192.2     2488.01     2622.89     1.04575    -30.4666     33.0283     2200.11     2485.69      2.5131     287.845       0.016     5.65167     5.18914     4.83435     4.84388
      15200    0.559859           1     883.692     213.644     341.955      1549.4     711.304      2260.7     2497.22      2632.4     1.04528    -34.4695     32.9709     2204.26      2488.5     2.50869     286.999       0.016     5.63728     5.15589     4.80203     4.81239
      15100    0.673444           1     939.792      215.54     347.341     1611.39     724.537     2335.92     2508.42     2643.88     1.04449    -38.8825      32.919     2208.72     2491.65     2.50397     291.002       0.016     5.62296     5.12267      5.1702     5.18563
      15000    0.772349           1     1007.23     217.494     357.033     1686.37     736.345     2422.71     2524.42     2660.14     1.04346    -44.3959     32.8718     2213.61     2495.26     2.49885     299.036       0.016      5.6088     5.08996      5.1399     5.15814
      14900    0.849428           1     1084.55      219.52     364.011     1770.84     745.472     2516.31     2543.65     2679.67     1.04226    -50.2833     32.8288     2219.09     2499.52     2.49329     305.435       0.016     5.59486     5.05803     5.11036      5.1298
      14800    0.804918           1     1169.45     221.618     369.431     1865.21     753.133     2618.34     2564.47     2700.85     1.04099    -56.0774     32.7892     2225.23     2504.51     2.48733     310.307       0.016     5.58117     5.02708     5.08124     5.10085
      14700    0.089368           1     1249.22     223.705     358.777     1950.98     758.422     2709.41     2579.88     2716.65     1.03972     -59.577     32.7525     2231.86     2510.11      2.4817     302.971       0.016     5.56782     5.79955      5.0526     5.07169
      14600   0.0916609           1     1258.16     216.794     286.653      1992.6     777.468     2770.07     2554.66     2685.68    0.993415    -48.9128     33.7363     2232.29     2518.63     2.63706     220.021       0.016     6.43651     5.15411     5.17637     5.07814
      14500   0.0511161           1     1267.29     214.828     258.973     2017.02     801.987     2819.01     2535.71     2661.21    0.959669    -45.2302     34.6823     2220.94     2507.33       2.663     194.094       0.016     6.63107     4.95957     4.90599     5.13686
      14400   0.0164029           1     1272.36     215.179     242.192     2033.62     828.162     2861.78     2519.24     2639.15    0.924588    -43.7739     35.5885     2211.46     2495.58     2.67352     179.213       0.016       6.501     4.68045     4.96868     4.81323
      14300   0.0112854           1        1274     216.319     227.921     2047.26     850.994     2898.25     2504.88     2619.14    0.888056    -43.2041     36.4418     2202.98     2484.12     2.68227     167.563       0.016       6.501     4.72803     4.98763     4.87483
      14200  0.00473465           1     1275.12      217.67     215.843     2054.24     871.876     2926.12     2493.52     2602.19    0.851158    -43.5111     37.2291     2195.35     2473.46      2.6903     157.848       0.016       6.501     4.73054      4.9869     4.92866
      14100   0.0262322           1     1275.62     219.038     209.509     2060.88     891.172     2952.05     2484.32     2587.56    0.815019    -44.1755     37.9427      2188.6     2463.87     2.69762     152.433       0.016       6.501     4.70919     4.98139     4.97402
      14000           0           1     1278.21     220.374     206.705     2063.27     907.783     2971.06     2478.12     2576.21    0.780497    -45.3458     38.5803     2182.81     2455.48     2.70419     150.059       0.016       6.501     4.67866     4.97753       4.611
      13900           0           1     1278.21     221.659     201.825     2070.76     926.694     2997.46     2471.76     2565.04    0.748259    -45.8538     39.1438     2177.76     2448.05     2.71023     146.527       0.016       6.501     4.64757     4.97563      4.6336
      13800           0           1     1278.21     222.889     196.019     2072.08     942.319      3014.4     2466.61     2555.46    0.718639    -46.4944     39.6376     2173.19     2441.27     2.71581     142.092       0.016       6.501     4.62033      4.9767     4.65612
      13700           0           1     1278.21     224.072     191.807      2086.6     959.598     3046.19     2462.35     2547.12    0.691681     -47.264     40.0676     2169.15      2435.2     2.72098     138.708       0.016       6.501     4.60531     4.98229     4.67972
      13600           0           1     1278.21     225.223     188.473     2093.79      975.58     3069.37     2458.76     2539.81    0.667343    -48.0832     40.4403     2165.57     2429.72     2.72584     136.083       0.016       6.501      4.6011     4.99282     4.70479
      13500 0.000413084           1     1278.21     226.351     191.888     2101.14     985.059      3086.2     2455.68     2533.32    0.645504    -48.8171     40.7621     2162.38     2424.74     2.73048     138.259       0.016       6.501     4.60146     4.60686     4.73162
      13400           0           1     1278.25     227.456     199.389     2106.85     996.644     3103.49     2453.01     2527.54     0.62599    -49.1556     41.0391     2159.51     2420.18     2.73494     144.029       0.016       6.501     4.60415     4.62026     4.75949
      13300    0.158016           1     1278.41     228.531     196.356     2113.23     1004.97      3118.2     2450.71     2522.39    0.608609    -49.2273      41.277     2156.92        2416     2.73925     142.706       0.016       6.501     4.60823     4.63485     4.78762
      13200     0.18735           1     1294.24     232.166     217.815     2124.69     1012.72     3137.42     2450.33      2526.9    0.646181    -52.6845     40.2965     2190.93     2452.45     2.62752     176.382       0.016     6.62638     4.60492     4.65987     4.40718
      13100     0.23911           1     1313.03     234.571     224.295     2142.04     1014.02     3156.06     2451.66     2532.76    0.683681     -55.064     39.3976     2200.18     2460.98     2.59737     182.673       0.016     6.28179     4.99906      4.6762      4.4144
      13000    0.154292           1     1336.86     236.592     229.839        2151     1015.91     3166.91     2455.43     2540.63    0.717619    -57.5051     38.5929     2205.52     2465.28      2.5813     188.194       0.016      6.4876     4.98105     4.67707     4.41291
      12900    0.307709           1     1352.44     238.276      235.77     2174.76     1016.34      3191.1     2454.15        2543    0.747748    -57.4133     37.8817     2209.74     2468.61     2.56954     193.747       0.016     5.85469      4.9542     4.66812     4.40549
      12800    0.344617           1     1383.25     239.637      241.63     2206.25     1017.59     3223.84     2461.42     2553.51    0.774361    -60.1717     37.2566     2213.33     2471.52     2.56033     199.205       0.016      5.9845     4.92405     4.65464     4.79355
      12700     0.25031           1     1417.61     240.933      243.13     2231.65     1019.26     3250.91     2469.41     2564.41     0.79791    -62.8947      36.708     2216.95     2474.53     2.55157     201.184       0.016     6.08991     4.89358     4.63821     4.77543
      12600   0.0535662           1     1442.45     242.348     241.641      2237.5     1022.06     3259.56     2471.12     2568.73    0.818624    -63.2011      36.226     2220.75     2477.65     2.54239     200.324       0.016     6.17487     4.86213     4.61934     4.75292
      12500   0.0771155           1     1447.83     243.778     240.931      2245.3     1025.27     3270.57     2462.43     2562.33    0.836745    -59.7143     35.8017     2224.26     2480.41     2.53392     199.826       0.016     5.43997     4.83176      4.9993     4.72835
      12400   0.0380917           1      1455.5     245.198     240.508     2250.58     1026.17     3276.75     2456.81     2558.69    0.852427    -57.6089     35.4274     2227.16     2482.49     2.52607     199.673       0.016     5.48923     4.80405      4.9763     4.70282
      12300    0.139544           1     1459.41     246.617     238.847      2266.5     1026.34     3292.83     2450.24     2553.81    0.865895    -55.3816     35.0963     2229.62     2484.04     2.51859     198.534       0.016     5.52722     5.17686     4.95145     4.67654
      12200    0.304137           1     1473.53     248.055      236.14     2296.49     1027.59     3324.08     2450.37     2555.38    0.877409    -56.0068     34.8029     2231.81     2485.27     2.51121     196.408       0.016      5.5561     5.14977     4.92583     4.64969
      12100    0.404322           1     1504.04     249.555     234.769     2334.96     1030.47     3365.43      2459.3     2565.57    0.887266    -60.1635     34.5423      2234.2     2486.68     2.50356     195.162       0.016     5.57757     5.12314     4.89978     4.62212
      12000    0.501919           1     1544.57     251.141     234.112     2381.55     1031.52     3413.06     2472.13     2579.57    0.895792    -65.6918     34.3104     2237.15      2488.7     2.49555     194.578       0.016       5.593     5.09701     4.87417     4.99716
      11900    0.552507           1     1594.82     252.822     234.177     2432.13     1033.25     3465.38     2488.24     2596.77    0.903245    -72.1721     34.1037     2240.81     2491.46     2.48722     194.546       0.016     5.60353     5.07144     4.85107     4.97271
      11800    0.644404           1     1650.16     254.598     234.733     2487.76     1033.69     3521.45     2504.75     2614.34    0.909816    -78.4227     33.9194     2245.17     2494.96     2.47866     194.942       0.016     5.61014      5.0465      4.8288     4.94688
      11700    0.273311           1     1714.23     256.471     242.747     2554.76      1033.8     3588.56     2523.69     2634.33    0.915615    -85.0273     33.7547     2250.16     2499.14     2.46986     201.166       0.016      5.6136     5.02295     4.80649      4.9202
      11600     0.19308           1     1741.48     244.781     214.952      2600.6     1046.38     3646.98     2521.94     2627.54     0.87979    -82.3217     34.6333     2232.41     2489.23     2.64894     158.518       0.016     5.84668     5.18447     4.92968     4.92394
      11500   0.0913409           1     1760.68     240.914     196.226     2637.39     1071.24     3708.62        2517     2618.11    0.848895    -81.2798     35.4829     2225.18     2484.45     2.67529     142.161       0.016     6.31697     4.99953     4.66426     4.97926
      11400   0.0977079           1     1769.83     240.542     171.821     2662.25     1098.65      3760.9     2508.63     2605.32    0.817487    -80.5095     36.2999     2219.51     2478.13     2.68347     122.004       0.016     6.73768     4.72948     4.72795      4.6442
      11300    0.101062           1      1779.6     241.439     160.265     2680.41     1122.69      3803.1     2503.07      2595.3    0.784914    -81.5512     37.0709      2214.3      2471.1     2.68985     111.292       0.016      6.6332     4.79191     4.74754     4.70191
      11200    0.040331           1     1789.64     242.754      155.85     2693.62     1144.78     3838.41     2499.31      2587.1    0.751922    -83.0682     37.7829     2209.83     2464.54     2.69576     107.223       0.016     6.57684     4.40538     4.74776     4.75084
      11100           0           1     1793.64     244.154     147.999     2700.82     1165.53     3866.35     2493.48     2576.93    0.719699    -83.4493     38.4281      2205.6     2458.22     2.70137     101.257       0.016     6.55033     4.79535     4.74248     4.79061
      11000           0           1     1793.64      245.52     138.587     2716.83     1184.81     3901.64     2486.97     2566.24    0.689086    -83.4976     39.0042     2201.21     2451.74     2.70672     93.8004       0.016     6.54294     4.77548     4.73763     4.41802
      10900           0           1     1793.64     246.831     133.273     2723.43     1205.58     3929.01     2481.91     2557.24    0.660471    -84.0408     39.5127     2196.93     2445.48     2.71169     89.2022       0.016     6.54805     4.75284     4.73367     4.43554
      10800  0.00947896           1     1793.65     248.087      130.26      2728.6     1223.04     3951.65     2477.88     2549.52    0.634061     -84.774     39.9577     2193.08     2439.78     2.71625     86.6463       0.016     6.56138     4.73216     4.73281     4.45328
      10700           0           1     1794.59     249.298     126.292     2732.24     1239.97     3972.21     2475.07     2543.32    0.609963    -85.7821     40.3448     2189.72     2434.72     2.72044     83.5252       0.016     6.58011      4.7157     4.73612     4.47175
      10600           0           1     1794.59     250.468       121.9     2732.76      1256.4     3989.16     2472.22     2537.33      0.5882    -86.7045     40.6796     2186.75     2430.16     2.72437     79.9672       0.016     6.60242     4.70436      4.7436     4.49144
      10500           0           1     1794.59       251.6     119.263     2733.45      1272.3     4005.75      2469.8     2532.04     0.56869    -87.7456     40.9683     2184.04     2425.95     2.72808     77.6454       0.016     6.62707     4.69827     4.75495     4.51268
      10400           0           1     1794.59     252.703     117.648      2734.7      1285.8      4020.5      2467.7      2527.3     0.55127     -88.804     41.2164     2181.58     2422.08     2.73162     76.2247       0.016     6.65327     4.69718     4.76976      4.5356
      10300   0.0760235           1     1794.66     253.779     116.612     2740.12     1296.92     4037.04     2465.87     2523.05    0.535768    -89.8558     41.4292     2179.34     2418.49     2.73502     75.2885       0.016     6.68051     4.70063     4.78761     4.56019
      10200    0.073814           1     1802.26     254.855     115.353      2744.6     1307.76     4052.36     2468.19     2523.14    0.521922     -92.318     41.6113     2177.77      2415.7     2.73808     74.2475       0.016     6.70845     4.70815     4.40712     4.58618
      10100   0.0507414           1     1809.62     255.933     112.971     2756.43     1315.53     4071.96      2469.7     2522.63    0.509639    -94.3985     41.7671     2176.89     2413.74     2.74092      72.274       0.016     6.73685     4.71916     4.42339     4.21022
      10000   0.0452217           1     1814.69     256.989     110.269     2761.87     1322.54     4084.41     2469.57     2520.67    0.498883    -95.8504     41.9003     2176.05     2411.83     2.74374     70.0278       0.016     6.76537     4.73296     4.43776     4.22516
       9900     0.03993           1     1819.21     258.013     107.414     2767.15     1328.83     4095.98     2469.09     2518.53    0.489452    -97.1856      42.014     2175.06      2409.8     2.74652     67.6436       0.016     6.79378     4.74896     4.45408     4.24134
       9800   0.0284146           1     1823.19     259.009     104.442     2771.22     1333.56     4104.78     2468.32     2516.22    0.481123    -98.4524     42.1111     2174.03     2407.73     2.74924     65.1547       0.016     6.22023     4.76681     4.47262     4.25998
       9700   0.0171059           1     1826.02     259.979      101.39     2782.35     1336.77     4119.12     2466.97     2513.44    0.473736    -99.5637     42.1939     2172.91     2405.59     2.75192     62.5906       0.016     6.24556     4.78625     4.49299     4.28069
       9600  0.00601157           1     1827.72     260.923     98.2846     2794.06     1338.48     4132.54     2465.15     2510.29     0.46715    -100.572     42.2647     2171.66     2403.34      2.7546     59.9747       0.016     6.27044     4.40604     4.51489     4.30315
       9500           0           1     1828.31     261.841     95.1403     2801.39     1338.71      4140.1     2462.97     2506.84    0.461241    -101.518     42.3252     2170.29     2400.97     2.75728     57.3181       0.016     6.29493     4.41947     4.53799     4.32709
       9400   0.0121688           1     1828.32     262.726     92.7935     2810.86     1341.19     4152.05     2460.75     2503.41    0.455902    -102.509     42.3768     2168.83     2398.53     2.75993     55.2327       0.016       6.319     4.43027     4.56185     4.35222
       9300           0           1     1829.53     263.585     90.8888     2819.52      1341.4     4160.93     2459.41     2500.91    0.451036    -103.834      42.421     2167.46     2396.21     2.76248     53.5351       0.016     6.34259     4.44375     4.58627     4.37822
       9200           0           1     1829.53     264.423     89.2409     2827.12     1342.13     4169.24     2457.51      2497.9    0.446603    -104.937     42.4588     2166.16        2394     2.76497     52.0519       0.016     6.36579     4.46005     4.20982     4.00436
       9100           0           1     1829.53      265.24     87.7698     2827.63     1345.37     4172.99     2455.81     2495.15    0.442571    -106.087     42.4911     2164.85     2391.81     2.76741     50.7193       0.016     6.38859     4.47828     4.22713     4.02148
       9000           0           1     1829.53     266.032     86.4363     2830.32      1352.1     4182.42     2454.29     2492.64      0.4389     -107.26     42.5188     2163.62     2389.73     2.76977     49.5028       0.016     6.41096     4.49764     4.24223     4.03656
       8900           0           1     1829.53     266.799     85.2323     2838.26     1358.25     4196.51     2452.91     2490.33    0.435548    -108.438     42.5426     2162.48     2387.77     2.77205      48.394       0.016     6.43285     4.51767     4.25934     4.05306
       8800           0           1     1829.53     267.548     84.1295     2841.91     1365.27     4207.18     2451.64     2488.17    0.432478    -109.611     42.5629      2161.4     2385.91     2.77425     47.3731       0.016     6.45429     4.53822     4.27783     4.07092
       8700           0           1     1829.53     268.282     83.1099     2853.14     1373.15     4226.29     2450.46     2486.15    0.429653     -110.77     42.5804     2160.37     2384.12     2.77639     46.4254       0.016     6.47536      4.5592     4.29731     4.08994
       8600           0           1     1829.53     269.006     82.1638     2869.64     1381.61     4251.24     2449.35     2484.23    0.427043     -111.91     42.5954     2159.38     2382.39     2.77848     45.5433       0.016     6.49611     4.58054     4.31756     4.10992
       8500           0           1     1829.53     269.721     81.2821     2880.02     1390.63     4270.65     2448.29     2482.39    0.424619    -113.024     42.6083     2158.42     2380.71     2.78055     44.7196       0.016     6.51661     4.20202     4.33841     4.13069
       8400           0           1     1829.53     270.427     80.9001     2893.95     1399.76      4293.7     2447.28     2480.62    0.422357    -114.104     42.6195     2157.49     2379.07     2.78258     44.2763       0.016     6.53722     4.21752     4.35973      4.1521
       8300           0           1     1829.53     271.119     80.8442     2896.53     1412.57     4309.11     2446.31      2478.9    0.420237    -115.122      42.629     2156.58     2377.46     2.78458     44.1283       0.016     6.55793     4.22874     4.38123       4.174
       8200           0           1     1829.53     271.794     81.0106      2903.6     1425.49      4329.1     2445.37     2477.22    0.418243    -116.068     42.6372     2155.69      2375.9     2.78654     44.1758       0.016     6.57852      4.2408     4.00259     4.19623
       8100           0           1     1829.53     272.456       81.37     2907.63      1438.5     4346.13     2444.45      2475.6    0.416363    -116.936     42.6443     2154.83     2374.38     2.78846     44.3966       0.016     6.59891      4.2553     4.01942      3.8139
       8000           0           1     1829.53     273.102     81.8888     2919.67     1451.88     4371.54     2443.58     2474.05    0.414605    -117.722     42.6505        2154     2372.91     2.79031     44.7627       0.016     5.81709     4.27129      4.0323     3.82529
       7900           0           1     1829.53     273.727     82.6184     2922.57      1465.6     4388.17     2442.76     2472.59    0.412961    -118.421     42.6557     2153.22     2371.53      2.7921     45.3104       0.016      5.8342     4.28804     4.04486     3.83725
       7800           0           1     1829.53     274.333     83.5184     2927.79     1480.24     4408.03     2441.97      2471.2    0.411419     -119.03     42.6603     2152.49      2370.2     2.79383     46.0153       0.016     5.85055     4.30518     4.05889     3.85025
       7700           0           1     1829.53     274.923     84.5752      2935.3     1494.76     4430.06     2441.22     2469.86    0.409964    -119.547     42.6642     2151.77     2368.92      2.7955     46.8625       0.016     5.86632     4.32255      4.0738     3.86421
       7600           0           1     1829.53     275.501     85.7981     2940.72     1510.16     4450.88     2440.49     2468.56    0.408584    -119.969     42.6676     2151.08     2367.68     2.79713     47.8624       0.016     5.88164     4.34004     4.08932     3.87899
       7500           0           1     1829.53     276.069     87.1575     2940.82      1526.4     4467.22     2439.78      2467.3     0.40727    -120.297     42.6706      2150.4     2366.46     2.79873      48.991       0.016     5.89659      4.3576     4.10528     3.89443
       7400           0           1     1829.53     276.629     87.5787     2943.95     1543.48     4487.43     2439.08     2466.07    0.406012    -120.549     42.6731     2149.74     2365.26      2.8003     49.4466       0.016     5.91126     4.37517     4.12157     3.91041
       7300           0           1     1829.53     277.181     87.4633     2948.43     1559.39     4507.82      2438.4     2464.86    0.404803    -120.782     42.6753     2149.08     2364.08     2.80184     49.4224       0.016     5.92568     4.39273     4.13812      3.9268
       7200           0           1     1829.53     277.727     87.0699     2956.56     1574.12     4530.68     2437.73     2463.66    0.403636    -121.016     42.6772     2148.43     2362.91     2.80337     49.1626       0.016     5.93991     4.00853     4.15487     3.94352
       7100           0           1     1829.53     278.264     86.4878     2965.37     1590.08     4555.45     2437.07     2462.49    0.402506    -121.262     42.6788     2147.78     2361.76     2.80487     48.7403       0.016     5.95393     4.01936     4.17168      3.9605
       7000           0           1     1829.53     278.787     85.7673      2966.5     1611.27     4577.77     2436.42     2461.32    0.401411    -121.525     42.6803     2147.14     2360.62     2.80635     48.1961       0.016     5.96768     4.02809     4.18835     3.97763
       6900           0           1     1829.53     279.295     84.9518     2967.61     1632.46     4600.07     2435.77     2460.17    0.400348    -121.808     42.6815     2146.51     2359.52      2.8078     47.5649       0.016     5.98112     4.03633     3.80443     3.99478
       6800           0           1     1829.53     279.787     84.0617     2968.33     1649.35     4617.68     2435.14     2459.03    0.399318     -122.11     42.6826      2145.9     2358.43      2.8092     46.8648       0.016     5.99422     4.04617     3.81724     3.60922
       6700           0           1     1829.53     280.264     83.1222     2969.52     1667.51     4637.03     2434.52     2457.95    0.398334    -122.432     42.6835     2145.31      2357.4     2.81055     46.1147       0.016     6.00697     4.05723     3.82747     3.61795
       6600           0           1     1829.53     280.724     82.1625     2970.03     1688.84     4658.87     2433.94     2456.92    0.397402    -122.772     42.6843     2144.75     2356.41     2.81185     45.3408       0.016     6.01933     4.06894     3.83608     3.62527
       6500           0           1     1829.53     281.166      81.173     2973.45      1708.9     4682.36     2433.39     2455.94    0.396518     -123.13      42.685     2144.23     2355.48     2.81309     44.5355       0.016     6.03128     4.08094     3.84445     3.63336
       6400           0           1     1829.53     281.593     80.4685     2977.47      1729.3     4706.77     2432.86     2455.01    0.395676      -123.5     42.6856     2143.73     2354.59     2.81428     43.9349       0.016     6.04283     4.09306      3.8538     3.64207
       6300           0           1     1829.53     282.008     79.9301     2980.72     1748.35     4729.08     2432.35     2454.12    0.394871    -123.866     42.6861     2143.25     2353.73     2.81544     43.4816       0.016     6.05404     4.10522     3.86385     3.65142
       6200           0           1     1829.53     282.415     79.4902     2985.42     1766.97     4752.39     2431.85     2453.25    0.394099    -124.223     42.6866     2142.79      2352.9     2.81656     43.1092       0.016     6.06494      4.1174     3.87434     3.66133
       6100           0           1     1829.53     282.814      79.138     2990.93     1785.13     4776.06     2431.37     2452.41    0.393353    -124.567      42.687     2142.33     2352.08     2.81766      42.811       0.016     6.07559     4.12956     3.88514     3.67169
       6000           0           1     1829.53     283.207     78.8445     2996.36     1802.84      4799.2      2430.9     2451.58    0.392631    -124.895     42.6873     2141.88     2351.27     2.81874     42.5634       0.016     6.08603     4.14168     3.89618     3.68241
       5900           0           1     1829.53     283.595     78.5973     2999.91     1822.73     4822.65     2430.44     2450.77    0.391929    -125.208     42.6876     2141.44     2350.47      2.8198     42.3562       0.016      6.0963     4.15376     3.90739     3.69343
       5800           0           1     1829.53     283.978     78.3874     3002.55     1841.21     4843.77     2429.99     2449.96    0.391244    -125.505     42.6879        2141     2349.69     2.82085      42.182       0.016     6.10641     4.16577     3.91872     3.70466
       5700           0           1     1829.53     284.357     78.2089     3009.71     1859.67     4869.38     2429.54     2449.17    0.390573    -125.787     42.6881     2140.56     2348.91     2.82189     42.0359       0.016      6.1165     4.17771     3.93015     3.71608
       5600           0           1     1829.53     284.733     78.0577     3018.63     1878.25     4896.88     2429.09     2448.39    0.389916    -126.053     42.6883     2140.13     2348.14     2.82292     41.9148       0.016     6.12688     4.18961     3.94166     3.72762
       5500           0           1     1829.53     285.108     77.9305     3019.61     1896.96     4916.57     2428.65     2447.61     0.38927    -126.304     42.6885      2139.7     2347.37     2.82394     41.8158       0.016     6.13741     3.80139     3.95327     3.73928
       5400           0           1     1829.53     285.481     77.0939      3019.9     1916.01     4935.91     2428.22     2446.83    0.388633    -126.554     42.6886     2139.27     2346.61     2.82495     41.1876       0.016     6.14804     3.81054     3.96494     3.75104
       5300           0           1     1829.53      285.85      75.825      3027.2     1935.41     4962.62     2427.78     2446.07    0.388004    -126.842     42.6887     2138.84     2345.85     2.82595      40.167       0.016     6.15867     3.81777     3.97659     3.76287
       5200           0           1     1829.53     286.214     74.3188     3032.18     1951.83     4984.01     2427.35      2445.3    0.387383    -127.182     42.6888     2138.42      2345.1     2.82695     38.9346       0.016     6.16924     3.82421     3.98815     3.77472
       5100           0           1     1829.53      286.57     72.6589     3040.26      1969.2     5009.46     2426.92     2444.54    0.386771     -127.58     42.6889        2138     2344.36     2.82792     37.5622       0.016     6.17971     3.83038     3.99961     3.78656
       5000           0           1     1829.53     286.921     70.8618     3054.66     1987.52     5042.18      2426.5     2443.79    0.386168    -128.037      42.689     2137.59     2343.64     2.82888     36.0633       0.016     6.19004      3.8365     3.60961     3.79826
       4900           0           1     1829.53     287.263     68.9794     3070.54     2004.78     5075.32     2426.08     2443.05    0.385575    -128.555     42.6891     2137.18     2342.93     2.82982     34.4789       0.016     5.40019     3.84263     3.61831     3.40752
       4800           0           1     1829.53     287.597     67.0156     3082.27     2021.63      5103.9     2425.68     2442.34    0.385003    -129.132     42.6891     2136.79     2342.24     2.83073     32.8159       0.016     5.40905      3.8489     3.62573     3.41353
       4700           0           1     1829.53     287.918      64.989     3088.14     2038.05     5126.19     2425.29     2441.66    0.384459    -129.765     42.6892     2136.42     2341.59     2.83161     31.0865       0.016     5.41729     3.85593     3.63209     3.41796
       4600           0           1     1829.53     288.227     62.9302      3102.9     2056.47     5159.37     2424.93     2441.02    0.383942    -130.455     42.6892     2136.07     2340.97     2.83246     29.3192       0.016     5.42506     3.86343     3.63781     3.42218
       4500           0           1     1829.53     288.523     60.8198      3119.5      2075.9     5195.39     2424.58     2440.42    0.383449    -131.198     42.6893     2135.74     2340.38     2.83327     27.4984       0.016     5.43245     3.87116     3.64342     3.42711
       4400           0           1     1829.53     288.808     59.0358     3136.77      2093.6     5230.37     2424.25     2439.84    0.382978    -131.987     42.6893     2135.43     2339.82     2.83405      25.909       0.016     5.43951     3.87897     3.64912     3.43249
       4300           0           1     1829.53     289.084     57.4337     3151.71     2111.19      5262.9     2423.93     2439.28    0.382526    -132.801     42.6894     2135.13     2339.28      2.8348     24.4793       0.016     5.44629     3.88677     3.65496      3.4382
       4200           0           1     1829.53     289.351     55.9262     3171.17     2128.34     5299.51     2423.62     2438.75    0.382091    -133.633     42.6894     2134.84     2338.75     2.83553     23.1248       0.016     5.45282     3.89452     3.66093     3.44413
       4100           0           1     1829.53     289.611      54.495     3194.71     2146.25     5340.96     2423.32     2438.22    0.381673    -134.478     42.6894     2134.56     2338.24     2.83624      21.832       0.016     5.45915     3.90219     3.66701     3.45024
       4000           0           1     1829.53     289.865     53.1086     3218.72     2162.81     5381.54     2423.02     2437.71    0.381268    -135.333     42.6894     2134.28     2337.75     2.83693     20.5752       0.016     5.46529     3.90977     3.67318     3.45648
       3900           0           1     1829.53     290.113     51.7522     3245.57     2178.03      5423.6     2422.74     2437.21    0.380876    -136.197     42.6894     2134.01     2337.26     2.83762      19.342       0.016     5.47127     3.91724     3.67956     3.46284
       3800           0           1     1829.53     290.356     50.4153     3270.99     2194.93     5465.93     2422.46     2436.72    0.380496    -137.068     42.6895     2133.74     2336.78     2.83828      18.124       0.016     5.47711     3.92462     3.68615     3.46934
       3700           0           1     1829.53     290.596     48.5114     3300.64      2212.2     5512.84     2422.18     2436.24    0.380125    -137.952     42.6895     2133.47     2336.31     2.83894     16.5158       0.016     5.48283     3.93191     3.69286     3.47597
       3600           0           1     1829.53     290.832     45.0517     3327.93     2229.84     5557.77     2421.91     2435.76    0.379763    -138.919     42.6895     2133.21     2335.84     2.83959     13.5913       0.016     5.48845     3.93911     3.69963     3.48271
       3500           0           1     1829.53     291.064      40.918     3354.51      2245.9     5600.41     2421.64     2435.29    0.379409    -140.024     42.6895     2132.95     2335.38     2.84023     10.0718       0.016     5.49399     3.94624     3.70644     3.48953
       3400           0           1     1829.53     291.295     36.5384      3377.2     2263.19     5640.39     2421.38     2434.82    0.379061    -141.284     42.6895     2132.69     2334.92     2.84087     6.29658       0.016     5.49945     3.95329     3.71327     3.49641
       3300           0           1     1829.53     291.522     31.9154     3390.61     2280.37     5670.98     2421.11     2434.36     0.37872    -142.694     42.6895     2132.43     2334.47      2.8415     2.29958       0.016     5.50483     3.96027      3.7201     3.50333
       3200           0           1     1829.53     291.747     27.6247     3405.35     2297.41     5702.77     2420.85      2433.9    0.378383     -144.25     42.6895     2132.18     2334.02     2.84212     -1.5291       0.016     5.51016     3.96718     3.72694     3.51027
       3100           0           1     1829.53      291.97     24.6648     3418.57     2314.73      5733.3     2420.59     2433.44    0.378052     -145.88     42.6895     2131.93     2333.57     2.84273    -4.25489       0.016     5.51543     3.97402     3.73375     3.51722
       3000           0           1     1829.53     292.191     22.1768     3434.86     2332.32     5767.18     2420.34     2432.99    0.377725    -147.528     42.6895     2131.67     2333.13     2.84334    -6.58064       0.016     5.52065      3.9808     3.74056     3.52418
       2900           0           1     1829.53     292.409     20.0219     3451.63     2349.23     5800.87     2420.08     2432.54    0.377403    -149.173     42.6895     2131.42     2332.69     2.84395    -8.62551       0.016     5.52581     3.98752     3.74733     3.53113
       2800           0           1     1829.53     292.626     18.1017     3468.82     2366.56     5835.38     2419.83      2432.1    0.377085    -150.801     42.6895     2131.18     2332.26     2.84455    -10.4681       0.016     5.53093     3.99418     3.75409     3.53806
       2700           0           1     1829.53     292.841     16.1789     3479.05      2380.5     5859.55     2419.58     2431.65     0.37677    -152.409     42.6895     2130.93     2331.83     2.84514     -12.282       0.016     5.53601     3.60075     3.76081     3.54497
       2600           0           1     1829.53     293.054     13.9176     3480.13     2399.66     5879.79     2419.33     2431.21    0.376459    -154.014     42.6895     2130.69      2331.4     2.84573     -14.378       0.016     5.54104     3.60607     3.76749     3.55186
       2500           0           1     1829.53     293.264      11.555     3493.61     2415.02     5908.63     2419.08     2430.78    0.376152    -155.632     42.6895     2130.44     2330.98     2.84631    -16.5621       0.016     5.54601     3.61047     3.77409     3.55872
       2400           0           1     1829.53     293.469     9.16427     3509.07     2430.89     5939.95     2418.83     2430.34    0.375849    -157.267     42.6895      2130.2     2330.56     2.84689     -18.776       0.016     5.55089     3.61443     3.78059     3.56552
       2300           0           1     1829.53     293.669     6.74752     3522.55     2447.41     5969.96     2418.59     2429.92    0.375551     -158.92     42.6895     2129.97     2330.15     2.84745    -21.0133       0.016     5.55569     3.61818     3.78698     3.57225
       2200           0           1     1829.53     293.865     4.46586     3529.51     2464.57     5994.08     2418.35     2429.49    0.375258    -160.589     42.6895     2129.73     2329.75     2.84801    -23.1637       0.016     5.56038     3.62186     3.79326      3.5789
       2100           0           1     1829.53     294.056     2.59589     3543.62     2481.83     6025.45     2418.11     2429.07     0.37497    -162.255     42.6895      2129.5     2329.36     2.84855     -24.968       0.016     5.56498     3.62552     3.79943     3.58546
       2000           0           1     1829.53     294.243    0.895198     3557.61     2499.17     6056.78     2417.88     2428.66    0.374687    -163.903     42.6896     2129.28     2328.97     2.84908    -26.6249       0.016     5.56949      3.6292     3.40504      3.5919
       1900           0           1     1829.53     294.427   -0.676498     3570.81     2516.06     6086.88     2417.65     2428.26     0.37441    -165.525     42.6896     2129.06     2328.59      2.8496    -28.1692       0.016     5.57389     3.63289     3.41021     3.59812
       1800           0           1     1829.53     294.605    -2.14821     3585.04        2533     6118.04     2417.42     2427.86    0.374141    -167.119     42.6896     2128.84     2328.22     2.85011    -29.6243       0.016      5.5782      3.6366      3.4151     3.20344
       1700           0           1     1829.53      294.78    -3.63495      3600.6     2549.16     6149.76      2417.2     2427.48    0.373882    -168.682     42.6896     2128.64     2327.86     2.85061    -31.0727       0.016      5.5824     3.64033     3.41949     3.20711
       1600           0           1     1829.53     294.949    -5.31263      3613.4     2563.82     6177.22     2416.99     2427.11    0.373637    -170.225     42.6896     2128.44     2327.52     2.85109    -32.6782       0.016      5.5865     3.64405     3.42335      3.2099
       1500           0           1     1829.53     295.112    -7.04311      3625.8     2580.38     6206.19     2416.79     2426.77    0.373407    -171.758     42.6896     2128.25     2327.19     2.85156    -34.3278       0.016     5.59047     3.64775     3.42678      3.2122
       1400           0           1     1829.53     295.269    -8.81254     3638.74      2598.7     6237.44     2416.61     2426.45    0.373191    -173.283     42.6896     2128.07     2326.88     2.85201     -36.009       0.016     5.59431     3.65142     3.42992     3.21419
       1300           0           1     1829.53      295.42    -10.6052     3647.91     2616.39      6264.3     2416.43     2426.14    0.372989    -174.802     42.6896      2127.9     2326.59     2.85244    -37.7099       0.016     5.59802     3.65507     3.43283     3.21597
       1200           0           1     1829.53     295.565     -12.128     3650.48     2633.44     6283.92     2416.26     2425.86    0.372801    -176.315     42.6896     2127.74     2326.31     2.85286    -39.2256       0.016     5.60159     3.65868     3.43558      3.2176
       1100           0           1     1829.53     295.704    -12.8915     3651.02     2649.93     6300.95     2416.11     2425.59    0.372626    -177.786     42.6896      2127.6     2326.04     2.85326    -40.0976       0.016     5.60503     3.66225      3.4382     3.21922
       1000           0           1     1829.53     295.838    -13.3256     3653.69     2666.01      6319.7     2415.96     2425.33    0.372462    -179.188     42.6896     2127.45     2325.79     2.85365     -40.679       0.016     5.60834     3.66579     3.44082     3.22122
        900           0           1     1829.53     295.968    -13.4059     3655.98     2682.32     6338.31     2415.81     2425.09    0.372308    -180.509     42.6896     2127.32     2325.55     2.85403    -40.9585       0.016     5.61153     3.66929     3.44351     3.22352
        800           0           1     1829.53     296.093    -13.2202     3657.05      2695.1     6352.14     2415.68     2424.85    0.372161    -181.739     42.6896     2127.19     2325.31      2.8544    -40.9961       0.016     5.61461     3.67277     3.44629     3.22602
        700           0           1     1829.53     296.215    -12.7186     3660.35     2707.24      6367.6     2415.54     2424.62    0.372021    -182.871     42.6896     2127.06     2325.08     2.85475    -40.7684       0.016      5.6176     3.67623     3.44914     3.22869
        600           0           1     1829.53     296.334    -11.7457      3666.9      2722.4      6389.3     2415.41     2424.39    0.371888    -183.891     42.6896     2126.94     2324.86      2.8551    -40.1268       0.016     5.62049     3.67967     3.45205     3.23147
        500           0           1     1829.53      296.45    -10.4887     3673.89     2738.21      6412.1     2415.28     2424.17     0.37176    -184.787     42.6896     2126.81     2324.64     2.85545    -39.2255       0.016     5.62332      3.6831     3.45501     3.23434
        400           0           1     1829.53     296.564    -8.92245     3693.27     2752.05     6445.32     2415.16     2423.95    0.371636    -185.553     42.6896     2126.69     2324.43     2.85579    -38.0496       0.016     5.62608     3.68651       3.458     3.23728
        300           0           1     1829.53     296.676    -7.10318     3701.91        2771      6472.9     2415.03     2423.74    0.371516    -186.184     42.6896     2126.57     2324.21     2.85613    -36.6373       0.016     5.62878      3.6899     3.46101     3.24027
        200           0           1     1829.53     296.787    -4.80597     3717.31     2790.49     6507.81     2414.91     2423.52      0.3714    -186.676     42.6896     2126.45        2324     2.85646    -34.8404       0.016     5.63144     3.69327     3.46404     3.24329
        100           0           1     1829.53     296.896    -1.60068     3717.84     2805.93     6523.77     2414.79     2423.31    0.371288    -186.995     42.6896     2126.34     2323.79     2.85679    -32.2532       0.016     5.63405     3.69663     3.46707     3.24634
          0           0           1     1829.53     297.004      2.0948     3730.36     2821.48     6551.84     2414.67      2423.1    0.371178    -187.116     42.6896     2126.22     2323.59     2.85711    -29.2199       0.016     5.63663     3.69996     3.47011     3.24941