      20000           0         0.6           0     179.437     415.631      17.399     14.2831      31.682     2343.43     2426.93    0.785391     51.8336     39.9574     2049.96      2345.7     2.72671     328.445       0.016     5.73044     4.59858     4.35318     4.39114
      19900           0         0.6           0     179.437      414.68     28.2793     29.7361     58.0154     2343.43     2426.93    0.785563     51.7019     39.9574     2049.96      2345.7     2.72686     327.608       0.016     5.73044     4.59858     4.35318     4.39114
      19800           0         0.6           0     179.437     414.027     44.2321     46.3592     90.5912     2343.43     2426.93    0.785735     51.5707     39.9574     2049.96      2345.7     2.72701     326.992       0.016     5.73044     4.59858     4.35318     4.39114
      19700           0         0.6           0     179.437     413.765     53.1471     60.5222     113.669     2343.43     2426.93    0.785907     51.4563     39.9574     2049.96      2345.7     2.72716      326.68       0.016     5.73044     4.59858     4.35318     4.39114
      19600   0.0414251         0.6   0.0414251     179.437     413.802     62.7691     72.5053     135.274     2343.45     2426.94    0.786079     51.3637     39.9574     2049.96      2345.7     2.72731     326.622       0.016     5.73044     4.59858     4.35318     4.39114
      19500           0         0.6     4.14251     179.474     411.933     64.9165     81.9814     146.898     2345.61     2428.25    0.786201     50.3275     39.9574     2050.15     2345.88     2.72765     325.312       0.016     5.73045     4.59859     4.35331     4.39196
      19400           0         0.6     4.14251     179.518      409.02     76.4361     93.9834     170.419     2345.14     2427.99    0.786344     50.3943     39.9574     2050.37     2346.09     2.72804      323.12       0.016     5.73049     4.59863     4.35379     4.39301
      19300           0         0.6     4.14251     179.539      406.37     86.3662     105.994      192.36     2344.81     2427.81    0.786526     50.2953     39.9574     2050.41      2346.1     2.72825     321.014       0.016     5.73059     4.59874      4.3543     4.39355
      19200           0         0.6     4.14251      179.55     403.738     87.8284     118.024     205.853     2344.56     2427.67    0.786698     50.0666     39.9574      2050.4     2346.08     2.72842     318.932       0.016     5.73073     4.59892     4.35469     4.39382
      19100 0.000894696         0.6      4.1434     179.555     402.836      87.864     129.559     217.423     2344.37     2427.57    0.786858     49.7528     39.9574     2050.39     2346.05     2.72859     317.976       0.016     5.73091     4.59913     4.35497     4.39394
      19000           0         0.6     4.23198     179.558     402.972     88.5358       141.9     230.436     2344.28     2427.51    0.787012     49.4276     39.9574     2050.37     2346.03     2.72875     317.894       0.016      5.7311     4.59935     4.35516     4.39399
      18900           0         0.6     4.23198      179.56     401.295     90.2306     155.051     245.281     2344.16     2427.43    0.787165     49.1416     39.9574     2050.36     2346.01     2.72891      316.69       0.016     5.73129     4.59957     4.35529       4.394
      18800           0         0.6     4.23198      179.56     398.613     99.8579     165.461     265.319     2344.07     2427.38     0.78732     48.7793     39.9574     2050.34     2345.99     2.72906     314.611       0.016     5.73147     4.59977     4.35538     4.39397
      18700           0         0.6     4.23198     179.558      396.76     121.078     177.173     298.251     2343.99     2427.33    0.787476     48.3306     39.9574     2050.32     2345.97     2.72922     313.001       0.016     5.73164     4.59994     4.35543     4.39393
      18600           0         0.6     4.23198     179.557     395.309     155.578     191.516     347.094     2343.93     2427.29    0.787634     47.8441     39.9574     2050.31     2345.95     2.72936     311.745       0.016     5.73179     4.20008     4.35546     4.39388
      18500           0         0.6     4.23198     179.555     393.917     197.601     200.081     397.682     2343.89     2427.26    0.787794     47.3356     39.9574     2050.29     2345.94     2.72951     310.546       0.016     5.73193     4.20016     4.35548     4.39382
      18400           0         0.6     4.23198     179.553     392.587     206.364     208.197     414.561     2343.85     2427.23    0.787956     46.8088     39.9574     2050.28     2345.93     2.72966     309.388       0.016     5.73205      4.2002     4.35548     4.39377
      18300           0         0.6     4.23198     179.552      389.48     210.115     216.666      426.78     2343.82     2427.21     0.78812     46.2379     39.9574     2050.27     2345.92      2.7298     307.047       0.016     5.73215     4.20023     4.35547     4.39372
      18200           0         0.6     4.23198      179.55     385.276     235.139     225.136     460.275      2343.8     2427.19    0.788285     45.5399     39.9574     2050.26     2345.91     2.72995     303.764       0.016     5.73223     4.20024     4.35546     4.39367
      18100           0         0.6     4.23198     179.548     381.693     284.206     233.081     517.287     2343.78     2427.18    0.788451     44.7007     39.9574     2050.26      2345.9     2.73009     300.779       0.016      5.7323     4.20025     4.35544     4.39363
      18000           0         0.6     4.23198     179.546     378.343     328.722     241.588      570.31     2343.76     2427.16    0.788618     43.7626     39.9574     2050.25      2345.9     2.73023     297.995       0.016     5.73236     4.20026     4.35542     4.39358
      17900           0         0.6     4.23198     179.545     377.387     365.875     251.513     617.388     2343.75     2427.15    0.788786     42.7788     39.9574     2050.24     2345.89     2.73037     296.796       0.016      5.7324     4.20026     4.35539     4.39354
      17800           0         0.6     4.23198     179.544     377.906      401.11     262.299     663.409     2343.74     2427.15    0.788955     41.8676     39.9574     2050.24     2345.89     2.73052     296.838       0.016     5.73243     4.20025     4.35537     4.39351
      17700           0         0.6     4.23198     179.542     376.005     435.895     272.477     708.372     2343.73     2427.14    0.789123     41.0291     39.9574     2050.24     2345.89     2.73066     295.403       0.016     5.73245     4.20025     4.35534     4.39347
      17600           0         0.6     4.23198     179.541     372.785      459.79     286.661      746.45     2343.72     2427.13    0.789293     40.1381     39.9574     2050.23     2345.89      2.7308     292.824       0.016     5.73247     4.20024     4.35532     4.39344
      17500    0.203452         0.6     4.43543      179.54     372.859      467.65     300.506     768.156     2343.84      2427.2    0.789462     39.1576     39.9574     2050.23     2345.88     2.73094     292.344       0.016     5.73247     4.20024     4.35529     4.39341
      17400     0.32592         0.6     24.9031     182.334     404.774     496.914     309.954     806.869      2349.2     2434.14    0.817009     32.6169     39.0482     2090.69     2391.05     2.64365     339.833       0.016     5.72314     4.59371     4.35526     4.39979
      17300    0.292115         0.6     57.4613     183.496     414.105     526.379     319.182     845.561     2360.57     2444.73    0.848473     25.7263     38.2531     2100.66     2401.56     2.62545     347.952       0.016     5.72011      4.5858     4.34917     4.00157
      17200    0.330472         0.6     86.7111     184.464     419.389     562.838     331.803     894.641     2368.33     2453.07    0.877206     21.3651     37.5586     2106.66     2407.52     2.61815     352.403       0.016     5.72399      4.5775      4.3414     4.00018
      17100    0.473644         0.6     119.901     185.534     422.249     617.938     344.899     962.836     2377.13     2461.86    0.902666     17.1308     36.9519        2112     2412.55     2.61311     354.851       0.016      5.7328      4.5682      4.3322     4.39607
      17000    0.385889         0.6     167.178     186.876     423.197     668.394     360.122     1028.52     2392.24     2474.27    0.925045     10.6027      36.422     2117.33      2417.2     2.60935     355.759       0.016     5.74453     4.55723      4.3218     4.39242
      16900    0.279573         0.6     205.661      188.46     418.102     709.966     375.287     1085.25     2400.24     2482.26    0.944693     7.29456     35.9588     2122.76     2421.64     2.60664     352.128       0.016     5.75772     4.54436     4.31101     4.38839
      16800    0.256669         0.6     233.595      190.14     409.077     749.713     390.337     1140.05      2401.7     2486.13    0.961847     6.58114     35.5537     2127.96      2425.7     2.60409     344.942       0.016      5.7714     4.52974     4.29886     4.37966
      16700     0.25378         0.6     259.259     191.859      398.87     789.853     406.367     1196.22     2402.29     2489.19    0.976676     5.88618      35.199     2132.74     2429.23     2.60149     336.549       0.016     5.78484      4.5128     4.28413     4.36546
      16600    0.316412         0.6       284.7     193.623     387.557      826.38     425.894     1252.27     2403.18     2492.16    0.989385     4.66999     34.8882     2137.17     2432.28     2.59903     327.228       0.016     5.79746     4.49258     4.26657     4.34724
      16500    0.407707         0.6     316.432     195.474     387.136     866.357     438.774     1305.13     2407.77     2497.08     1.00021     1.70201     34.6155     2141.38     2434.98     2.59691     325.782       0.016     5.00821     4.47136     4.24669     4.32755
      16400    0.495886         0.6     357.291     197.476     393.854     919.521     455.265     1374.79     2416.86     2504.52     1.00942    -2.71069      34.376     2145.61     2437.53      2.5954     331.027       0.016     5.01726     4.44942     4.22591     4.30953
      16300    0.554976         0.6     406.939     199.679     397.198     981.018     468.102     1449.12     2429.46     2513.96     1.01727    -7.94012     34.1655     2150.07     2440.14     2.59464     334.432       0.016     5.02483     4.42754     4.20595     4.29539
      16200    0.485014         0.6     462.366     202.092     398.688     1045.79     485.455     1531.24     2443.37     2524.15     1.02401    -13.2741     33.9801     2154.85     2442.91     2.59452         336       0.016     5.03121     4.40739     4.58757     4.28583
      16100     0.36873         0.6     510.752     204.636     388.114     1104.76     504.556     1609.32     2451.58     2530.89     1.02978    -16.1609     33.8167     2159.84      2445.8     2.59461     328.537       0.016      5.0368      4.7884     4.57144     4.27834
      16000     0.33531         0.6     547.591     207.179     369.532     1151.53     521.081     1672.61     2452.85     2533.36     1.03466    -16.8016     33.6725      2164.7     2448.58     2.59426     313.606       0.016     5.04198     4.76914     4.55668     4.26875
      15900    0.321702         0.6     581.109     209.666     359.293     1191.52     535.267     1726.78     2452.86     2534.91     1.03863    -17.6203     33.5449     2169.23     2451.08      2.5933     304.169       0.016     5.04687     4.75018     4.54157     4.25572
      15800    0.349163         0.6     613.306      212.11     354.178     1232.95     545.517     1778.47     2452.82     2536.25     1.04171     -18.607      33.432     2173.44     2453.28     2.59194     299.664       0.016     5.05146     4.73158     4.52534     4.24015
      15700    0.353413         0.6     648.227     214.546     350.345      1273.6     554.481     1828.08     2454.84     2538.65       1.044    -20.4066     33.3317     2177.44     2455.27     2.59039     296.446       0.016     5.05566     4.71326     4.50808     4.22366
      15600    0.348721         0.6     683.563     216.997     347.602     1314.24     560.244     1874.48     2457.23     2541.14      1.0456    -22.2863     33.2426     2181.33     2457.16     2.58874     294.128       0.016     5.05938       4.695     4.49058     4.20851
      15500    0.333713         0.6     718.421     219.462      344.14     1353.44     564.313     1917.75     2459.44      2543.4     1.04662    -23.9975     33.1631     2185.14     2458.98     2.58695     291.398       0.016     5.06261      4.6755     4.47422     4.59671
      15400    0.383653         0.6     751.842     221.928     340.331     1396.13      566.39     1962.52     2460.98     2545.16     1.04711    -25.4047     33.0921     2188.88     2460.73     2.58493     288.306       0.016     5.06536     4.65581     4.45894      4.5844
      15300    0.459964         0.6     790.283     224.423     338.127     1445.58     569.284     2014.86     2465.43     2548.58     1.04715    -27.9121     33.0283     2192.58     2462.44     2.58277      286.42       0.016     5.06765     4.63737     4.44422     4.57247
      15200    0.513708         0.6     836.333     227.008      336.92     1494.61     570.349     2064.96     2473.62     2554.21     1.04682    -31.7306     32.9709     2196.39     2464.24     2.58072     285.487       0.016     5.06959     4.62081     4.43063     4.56331
      15100    0.624739         0.6     887.815     229.719     341.928     1551.19     571.295     2122.48     2483.72     2560.99     1.04622    -35.9638      32.919     2200.46     2466.24     2.57884     289.378       0.016     5.07135     4.60638     4.41916     4.55821
      15000    0.720861         0.6     950.385     232.606     351.154     1620.29     574.599     2194.89     2498.48     2570.63     1.04544    -41.3263     32.8718     2204.89     2468.52     2.57719     297.265       0.016     5.07319     4.99371      4.4107      4.5587
      14900     0.79448         0.6     1022.55     235.717     357.671     1698.42     581.669     2280.09      2516.3      2582.2     1.04456    -47.0908     32.8288     2209.81     2471.21     2.57588     303.488       0.016     5.07541     4.98168      4.4063     4.56622
      14800    0.746884         0.6     1101.95     239.064     362.569     1785.93     591.454     2377.38     2535.46     2594.71     1.04366    -52.7736     32.7892     2215.27     2474.34     2.57481     308.159       0.016     5.07837     4.97106     4.40664     4.58091
      14700   0.0472261         0.6     1175.93     242.517     351.735     1864.66     604.977     2469.64     2549.02     2603.98     1.04279     -56.147     32.7525     2221.08     2477.84     2.57414     300.676       0.016     5.08246     4.96256     4.41174      4.2001
      14600   0.0503744         0.6     1180.66     236.299     279.903     1899.53     605.436     2504.96     2524.04     2586.07     1.00232    -45.3484     33.7363     2204.71      2464.7     2.74688     219.604       0.016     5.99902     4.72883     4.55793     4.22121
      14500   0.0107281         0.6     1185.66     234.522     252.484     1917.46     610.261     2527.72      2505.8     2571.87    0.965245    -41.4616     34.6823     2195.95     2456.12     2.77274      193.88       0.016     6.43873     4.54648     4.30426     4.27064
      14400           0         0.6     1186.72     235.001     236.026     1927.89     616.615     2544.51     2490.49     2559.12    0.926687    -39.7919     35.5885     2189.34     2447.82     2.77991     179.157       0.016     6.25606     4.28385     4.37332     4.32841
      14300           0         0.6     1186.72     236.248     222.093      1935.7     619.517     2555.22     2478.76      2548.3     0.88683    -39.4785     36.4418     2183.69     2439.91     2.78474     167.592       0.016     6.76072     4.34873     4.39239     4.37604
      14200           0         0.6     1186.72     237.687     210.296     1937.14     620.382     2557.53     2470.17     2539.25    0.846943    -40.0453     37.2291     2178.77     2432.69     2.78911     157.917       0.016     6.71145     4.36775     4.38706     4.00791
      14100           0         0.6     1186.72     239.116     204.094     1938.36     621.165     2559.53     2463.84      2531.6    0.808292    -41.0027     37.9427     2174.51     2426.28     2.79321     152.514       0.016     6.69109      4.3606     4.37133     4.02008
      14000           0         0.6     1186.72     240.466     201.399     1946.06     624.646     2570.71     2459.15     2525.07    0.771804     -41.949     38.5803     2170.82     2420.62     2.79703     150.169       0.016     6.68813     4.34117     4.35246     4.02424
      13900           0         0.6     1186.72     241.725     196.677      1958.7     625.801      2584.5     2455.63     2519.44    0.738026    -42.7933     39.1438     2167.61     2415.64     2.80057     146.634       0.016     6.69579     4.31791     4.33519     4.02528
      13800           0         0.6     1186.72     242.897     191.012     1962.39     630.183     2592.57     2452.96     2514.53    0.707218    -43.6789     39.6376     2164.81     2411.25     2.80388     142.174       0.016     6.70992     4.29548     4.32142     4.02534
      13700           0         0.6     1186.72     243.991       186.9     1981.81     632.824     2614.63     2450.89     2510.22    0.679431    -44.6285     40.0676     2162.36     2407.34     2.80698     138.764       0.016     6.72799     4.27624     4.31174     4.02594
      13600           0         0.6     1186.72     245.018     183.663     1993.82     636.636     2630.45     2449.24     2506.39    0.654581    -45.5815     40.4403     2160.19     2403.84     2.80991     136.117       0.016     6.74838     4.26114     4.30615     4.02802
      13500           0         0.6     1186.72     245.987     186.995     2006.06     646.793     2652.85     2447.89     2502.95    0.632496    -46.4161     40.7621     2158.26     2400.67      2.8127      138.25       0.016     6.77011     4.25041     4.30442     4.03207
      13400           0         0.6     1186.72     246.905     194.356      2016.8     654.658     2671.46     2446.75     2499.85     0.61296    -46.8245     41.0391     2156.52     2397.78     2.81537     143.956       0.016     6.79254     4.24389     4.30621     4.03831
      13300     0.10565         0.6     1186.83     247.781     191.478     2028.06     665.579     2693.64     2445.82     2497.05    0.595734    -46.9495      41.277     2154.93     2395.13     2.81795     142.587       0.016     6.21409     4.24122     4.31115     4.04674
      13200    0.134672         0.6     1197.42     251.498     212.663     2034.37     677.162     2711.53     2443.61     2498.25    0.635973    -49.4725     40.2965     2191.05      2434.1     2.69932     174.805       0.016     6.52455     4.24813     4.33355     4.06682
      13100    0.187028         0.6     1210.94     253.999     219.053     2046.47     695.296     2741.77     2443.37     2500.75    0.676008    -51.1512     39.3976     2200.52     2442.99      2.6674     180.999       0.016     5.97611     4.24466     4.34686      4.0806
      13000    0.100582         0.6     1229.56     256.159     224.566     2050.16     712.969     2763.13     2445.77     2504.72    0.712187    -53.0725     38.5929     2205.73      2447.2     2.65116     186.483       0.016     6.17966     4.22685      4.3472     4.08789
      12900    0.256032         0.6     1239.77     257.982      230.45      2068.6     732.244     2800.84     2443.14     2505.48    0.744263    -52.5292     37.8817     2209.68     2450.23     2.63957     192.018       0.016     5.53509     4.20219     4.33959     4.08704
      12800    0.293558         0.6     1265.41     259.514     236.254     2094.71     750.877     2845.59     2449.29     2511.33    0.772575    -55.0049     37.2566     2212.97     2452.76     2.63096     197.464       0.016      5.6585      4.5737     4.32796     4.08121
      12700    0.197938         0.6     1294.67     261.079     237.775     2114.76     769.353     2884.12     2456.21     2517.53     0.79765    -57.5302      36.708     2216.21     2455.21     2.62353     199.453       0.016     5.75756      4.5437     4.31511     4.07455
      12600           0         0.6     1314.27     262.808     236.329      2115.3     787.012     2902.31     2456.79     2519.83    0.819714    -57.6364      36.226     2219.55     2457.64     2.61548      198.62       0.016     5.03557      4.5122     4.30016     4.06499
      12500   0.0227154         0.6     1314.29     264.468     235.643     2117.81     804.492      2922.3        2447     2515.75    0.838973    -53.9123     35.8017     2222.62     2459.83     2.60695     198.149       0.016     5.09549     4.48042     4.28255     4.04748
      12400           0         0.6     1316.54     266.008     235.267     2117.85       824.4     2942.25     2440.47     2513.38      0.8556    -51.5915     35.4274     2225.23     2461.58     2.59811     198.026       0.016     5.14255     4.44928     4.26142     4.02249
      12300   0.0874667         0.6     1316.63     267.475     233.679      2128.6     845.089     2973.68     2434.08     2510.86    0.869885    -49.4952     35.0963      2227.5     2463.02     2.58938     196.915       0.016       5.179     4.42033     4.23865     4.39599
      12200    0.254938         0.6     1325.54     268.947     231.068     2153.52     864.733     3018.25     2433.63     2511.71    0.882134    -49.9451     34.8029     2229.61     2464.27     2.58095     194.829       0.016     4.80637     4.79464     4.21562     4.36936
      12100    0.356628         0.6     1351.13     270.574     229.738     2186.96     882.865     3069.82     2442.21     2517.87    0.892699    -54.0571     34.5423     2231.89     2465.59     2.57324     193.616       0.016     4.82499     4.76887     4.59283     4.34623
      12000    0.389354         0.6     1386.83     272.452     229.085     2228.52      905.22     3133.74     2454.64     2526.37    0.901938    -59.5942     34.3104     2234.62     2467.25     2.56631     193.053       0.016     4.83735     4.74317      4.5709     4.32973
      11900    0.373768         0.6     1425.75     274.573     229.171      2274.1     925.239     3199.34     2466.68     2534.72    0.910104    -64.8018     34.1037     2237.85      2469.3     2.55983     193.086       0.016     4.84519     4.71806     4.55204     4.31906
      11800    0.406846         0.6     1463.16     276.871      229.84     2324.83      947.07      3271.9     2476.04     2541.53    0.917324     -68.766     33.9194     2241.45     2471.66     2.55344     193.658       0.016     4.84985     4.69442     4.53644     4.31186
      11700    0.247747         0.6     1503.69     279.317     237.885     2386.97     969.805     3356.77     2485.79     2548.63    0.923646    -72.5276     33.7547     2245.28     2474.19     2.54701     200.126       0.016     4.85157     4.67334     4.52347     4.30706
      11600    0.169344         0.6     1528.38     267.318     210.589     2428.44      979.76      3408.2     2488.76     2547.87    0.891369    -71.6878     34.6333     2214.08     2447.55     2.73983     159.785       0.016     5.48921      4.4304     4.25601     4.31728
      11500   0.0695824         0.6     1545.22     263.229     192.419     2461.43     982.298     3443.72     2487.53     2544.69    0.858271    -71.9604     35.4829     2207.65     2443.46     2.76985     143.778       0.016     5.97327     4.24153     4.00052     4.37527
      11400   0.0778187         0.6     1552.18     262.773     168.644     2483.12     987.477     3470.59     2482.35      2539.1     0.82462    -72.1357     36.2999     2203.63     2439.16     2.77771     123.826       0.016      5.8092     4.37532     4.06479     4.03907
      11300   0.0780744         0.6     1559.97     263.663     157.348     2498.36     989.292     3487.65     2479.66     2534.89    0.790009    -73.8989     37.0709     2200.28      2434.5     2.78248      113.24       0.016     6.51375     4.03273     4.08236     4.08921
      11200   0.0224982         0.6     1567.72     265.006      153.11     2508.83     989.447     3498.28     2478.25     2531.37    0.755326    -75.8823     37.7829     2197.51     2430.13     2.78669     109.258       0.016     6.46236     4.04054     4.07784     4.12675
      11100           0         0.6     1569.94     266.398     145.538     2518.49     990.945     3509.43      2474.8      2526.6    0.721705    -76.6883     38.4281     2194.93     2425.97     2.79036     103.349       0.016     6.43881     4.02501     4.06524     4.15153
      11000           0         0.6     1569.94      267.69     136.365     2536.72     993.835     3530.55     2471.35     2521.86    0.689917     -77.385     39.0042     2192.32     2421.86     2.79345     95.9035       0.016     6.43224     4.00445     4.05099     4.16601
      10900           0         0.6     1569.94     268.881     131.152     2545.44     995.115     3540.55     2468.93     2517.81     0.66039    -78.4198     39.5127     2189.85     2418.02     2.79616     91.2823       0.016     6.43611     4.38664     4.03807     4.17403
      10800           0         0.6     1569.94     269.995     128.203     2548.56     999.561     3548.12     2467.19     2514.27    0.633368    -79.5282     39.9577     2187.64     2414.53     2.79867     88.6902       0.016     6.44646     4.36782     4.02807     4.17888
      10700           0         0.6     1569.94     271.045     124.338     2550.24     1004.38     3554.62     2465.92     2511.15    0.608938    -80.6491     40.3448     2185.65     2411.38     2.80102     85.5442       0.016      6.4608     4.35086     4.02285     4.18306
      10600           0         0.6     1569.94     272.039     120.038     2552.62     1009.52     3562.14     2464.96     2508.35    0.587058    -81.8468     40.6796     2183.87     2408.52     2.80327     81.9542       0.016     6.47756     4.33721     4.02105      4.1881
      10500           0         0.6     1569.94     272.984     117.436     2555.14        1015     3570.14      2464.2     2505.81    0.567595    -83.1066     40.9683     2182.26      2405.9     2.80542     79.5874       0.016     6.49575     4.32731     4.02177     4.19451
      10400           0         0.6     1569.94     273.886     115.839      2558.2     1022.69     3580.89     2463.55     2503.47    0.550371    -84.3423     41.2164      2180.8     2403.48     2.80749      78.117       0.016     6.51473     4.32112     4.02458     3.80213
      10300           0         0.6     1569.94     274.748     114.808     2561.81     1032.54     3594.35     2462.98     2501.32    0.535191    -85.5239     41.4292     2179.46     2401.25     2.80949     77.1253       0.016     6.53436     4.31834     4.02878      3.8083
      10200           0         0.6     1569.94     275.574     113.687     2564.62     1042.41     3607.03     2462.46     2499.32    0.521852     -86.642     41.6113     2178.23     2399.18     2.81143     76.1489       0.016     6.55446      4.3186     4.03373     3.81354
      10100           0         0.6     1569.94     276.367     111.531      2577.9     1055.08     3632.98     2461.98     2497.47    0.510157    -87.7509     41.7671      2177.1     2397.26      2.8133     74.3168       0.016      6.5747     4.32148     4.03929     3.81844
      10000           0         0.6     1569.94     277.128     109.046     2584.56     1068.21     3652.77     2461.51     2495.75    0.499915    -88.8959     41.9003     2176.06     2395.46      2.8151     72.1975       0.016     6.59486     4.32659     4.04555     3.82442
       9900           0         0.6     1569.94      277.86     106.388     2588.81     1081.77     3670.58     2461.04     2494.14    0.490944    -90.0921      42.014      2175.1     2393.78     2.81685     69.9177       0.016     5.81337     4.33357      4.0531     3.83245
       9800           0         0.6     1569.94     278.565     103.597     2592.04     1096.59     3688.63     2460.58      2492.6    0.483081    -91.3451     42.1111     2174.19      2392.2     2.81855     67.5152       0.016     5.83053     4.34211     4.06253     3.84218
       9700           0         0.6     1569.94     279.246     100.696     2602.48     1112.64     3715.12      2460.1     2491.14    0.476182    -92.6577     42.1939     2173.34     2390.69     2.82021     65.0089       0.016       5.847     4.35193     4.07343      3.8534
       9600           0         0.6     1569.94     279.905     97.7064      2613.6     1129.92     3743.52     2459.62     2489.73    0.470115    -94.0305     42.2647     2172.52     2389.24     2.82183     62.4164       0.016     5.86294     4.36283      4.0855     3.86586
       9500           0         0.6     1569.94     280.545      94.641     2620.43     1148.39     3768.82     2459.12     2488.37    0.464769    -95.4631     42.3252     2171.73     2387.85     2.82341     59.7482       0.016     5.87845     4.37462     4.09852     3.87936
       9400           0         0.6     1569.94     281.168     92.3221     2630.38     1164.36     3794.73     2458.61     2487.05    0.460043    -96.9392     42.3768     2170.97      2386.5     2.82497     57.6195       0.016     5.89361     4.38715     4.11233     3.89372
       9300           0         0.6     1569.94     281.777     90.4425     2639.49     1182.33     3821.82     2458.09     2485.76    0.455853    -98.4148      42.421     2170.23     2385.18     2.82649     55.8826       0.016     5.90847      4.0003     4.12678     3.90877
       9200           0         0.6     1569.94     282.373     88.7988     2647.52     1201.01     3848.53     2457.55     2484.49    0.452122    -99.8729     42.4588     2169.51      2383.9       2.828     54.3466       0.016     5.92308     4.01111     4.14175     3.92439
       9100           0         0.6     1569.94     282.954     87.3168     2647.58     1221.96     3869.54     2457.01     2483.25    0.448789    -101.306     42.4911      2168.8     2382.65     2.82948     52.9494       0.016     5.93742     4.01973     4.15703     3.94046
       9000           0         0.6     1569.94     283.518      85.965     2649.81     1246.18     3895.98     2456.46     2482.02    0.445798    -102.709     42.5188     2168.11     2381.44     2.83093      51.665       0.016     5.95146     4.02755     4.17247     3.95684
       8900           0         0.6     1569.94     284.065      84.738     2658.24     1269.59     3927.83     2455.89     2480.82    0.443104     -104.08     42.5426     2167.43     2380.25     2.83235     50.4873       0.016     5.96518     4.03515     4.18799     3.97343
       8800           0         0.6     1569.94     284.596       83.61     2661.37     1293.66     3955.03     2455.33     2479.64    0.440668    -105.416     42.5629     2166.77     2379.09     2.83374     49.3979       0.016      5.9786     4.04278     3.80328     3.99011
       8700           0         0.6     1569.94     285.113     82.5647     2672.05     1318.38     3990.42     2454.76     2478.47    0.438454    -106.717     42.5804     2166.13     2377.97     2.83509     48.3824       0.016      5.9917     4.05135     3.81596     3.60561
       8600           0         0.6     1569.94     285.613     81.5936     2687.98     1343.44     4031.42      2454.2     2477.35    0.436446     -107.98     42.5954     2165.51     2376.89      2.8364     47.4336       0.016     6.00447     4.06125     3.82649     3.61539
       8500           0         0.6     1569.94     286.096     80.6885     2697.76     1368.84      4066.6     2453.66     2476.29    0.434631    -109.205     42.6083     2164.92     2375.86     2.83766     46.5445       0.016     6.01689     4.07193     3.83529     3.62248
       8400           0         0.6     1569.94     286.561     80.2755     2711.07      1394.1     4105.17     2453.14     2475.28    0.432985    -110.384     42.6195     2164.37     2374.88     2.83887     46.0341       0.016     6.02893     4.08303     3.84344     3.63027
       8300           0         0.6     1569.94      287.01     80.1857        2713     1422.81      4135.8     2452.65     2474.33    0.431486    -111.494      42.629     2163.85     2373.96     2.84003     45.8177       0.016     6.04059     4.09433     3.85193      3.6387
       8200           0         0.6     1569.94     287.443     80.3144     2719.37     1451.38     4170.75     2452.16     2473.41    0.430114    -112.526     42.6372     2163.35     2373.07     2.84115     45.7953       0.016     6.05188     4.10574     3.86137     3.64773
       8100           0         0.6     1569.94     287.866     80.6333     2722.66     1479.79     4202.46     2451.69     2472.53    0.428851    -113.476     42.6443     2162.87     2372.21     2.84224     45.9447       0.016     6.06287     4.11723     3.87141     3.65735
       8000           0         0.6     1569.94      288.28     81.1081     2733.92     1508.35     4242.26     2451.23     2471.67    0.427684     -114.34     42.6505      2162.4     2371.37      2.8433     46.2379       0.016     6.07359     4.12877     3.88186     3.66745
       7900           0         0.6     1569.94     288.687     81.7882     2735.99     1537.03     4273.02     2450.78     2470.83    0.426597    -115.118     42.6557     2161.94     2370.55     2.84435     46.7106       0.016     6.08409     4.14033     3.89259     3.67797
       7800           0         0.6     1569.94     289.087     82.6346     2740.33     1566.42     4306.75     2450.34     2470.01     0.42558    -115.805     42.6603     2161.49     2369.74     2.84537      47.339       0.016     6.09439     4.15191     3.90354      3.6888
       7700           0         0.6     1569.94     289.482      83.634      2746.9      1595.5      4342.4     2449.89      2469.2    0.424623      -116.4     42.6642     2161.04     2368.94     2.84639     48.1081       0.016     6.10454     4.16348     3.91466     3.69988
       7600           0         0.6     1569.94     289.872     84.7964     2751.32     1625.27     4376.59     2449.46      2468.4    0.423718      -116.9     42.6676     2160.59     2368.15     2.84739     49.0285       0.016     6.11461     4.17503      3.9259     3.71116
       7500           0         0.6     1569.94     290.258     86.0929     2752.28     1655.71     4407.99     2449.02      2467.6    0.422858    -117.305     42.6706     2160.16     2367.37     2.84837     50.0762       0.016     6.12493     4.18657     3.93723     3.72259
       7400           0         0.6     1569.94     290.642      86.469     2756.52      1686.8     4443.32     2448.59     2466.82    0.422037    -117.633     42.6731     2159.72      2366.6     2.84935     50.4564       0.016     6.13544     4.19812     3.94868     3.73415
       7300           0         0.6     1569.94     291.024     86.3135     2762.15     1716.55      4478.7     2448.16     2466.04    0.421248    -117.942     42.6753     2159.29     2365.83     2.85033     50.3596       0.016     6.14605     3.80797     3.96022     3.74581
       7200           0         0.6     1569.94     291.403     85.8854     2771.47     1744.95     4516.42     2447.73     2465.27    0.420489    -118.252     42.6772     2158.86     2365.07     2.85129     50.0308       0.016     6.15668     3.81539     3.97178     3.75756
       7100           0         0.6     1569.94     291.776     85.2721      2781.5     1774.43     4555.92     2447.31      2464.5    0.419755    -118.573     42.6788     2158.43     2364.31     2.85225     49.5421       0.016     6.16726     3.82182     3.98327     3.76935
       7000           0         0.6     1569.94     292.143     84.5216     2783.87     1808.97     4592.84     2446.89     2463.74    0.419044     -118.91     42.6803     2158.01     2363.57     2.85319      48.933       0.016     6.17775      3.8279     3.99467     3.78114
       6900           0         0.6     1569.94     292.503      83.676     2786.25     1843.37     4629.63     2446.46     2462.98    0.418354    -119.266     42.6815     2157.59     2362.83     2.85412      48.238       0.016     6.18811     3.83389     3.60542     3.79287
       6800           0         0.6     1569.94     292.855     82.7553     2786.84     1873.33     4660.17     2446.05     2462.24    0.417685    -119.641     42.6826     2157.18     2362.11     2.85502     47.4747       0.016     6.19832     3.83991     3.61456     3.40373
       6700           0         0.6     1569.94     293.199     81.7842     2786.99     1904.43     4691.42     2445.64     2461.51    0.417041    -120.036     42.6835     2156.78     2361.41     2.85591     46.6617       0.016     5.40747     3.84596     3.62252     3.41092
       6600           0         0.6     1569.94     293.532     80.7917     2787.85     1938.56     4726.41     2445.25     2460.81    0.416431     -120.45     42.6843      2156.4     2360.74     2.85676     45.8252       0.016     5.41584     3.85262     3.62928     3.41594
       6500           0         0.6     1569.94     293.852     79.7683     2789.87     1971.31     4761.18     2444.88     2460.16    0.415855    -120.881      42.685     2156.04      2360.1     2.85759     44.9574       0.016     5.42372      3.8599     3.63519     3.41998
       6400           0         0.6     1569.94     294.159     79.0241     2792.44     2004.27     4796.71     2444.52     2459.54    0.415311    -121.324     42.6856      2155.7      2359.5     2.85838     44.2927       0.016     5.43122     3.86748     3.64075     3.42456
       6300           0         0.6     1569.94     294.454     78.4441     2794.21     2035.77     4829.98     2444.19     2458.95    0.414794    -121.763     42.6861     2155.38     2358.93     2.85913     43.7744       0.016     5.43838     3.87519     3.64635     3.42971
       6200           0         0.6     1569.94     294.738     77.9608     2800.43     2066.71     4867.15     2443.86     2458.39    0.414303    -122.192     42.6866     2155.07     2358.38     2.85986     43.3362       0.016     5.44524     3.88292     3.65208     3.43523
       6100           0         0.6     1569.94     295.014     77.5639     2807.52     2097.08     4904.59     2443.55     2457.84    0.413833    -122.607      42.687     2154.77     2357.85     2.86056     42.9715       0.016     5.45185     3.89062     3.65795     3.44102
       6000           0         0.6     1569.94     295.282     77.2249     2811.33     2126.86     4938.18     2443.25     2457.31    0.413383    -123.007     42.6873     2154.49     2357.33     2.86125     42.6571       0.016     5.45824     3.89826     3.66394     3.44702
       5900           0         0.6     1569.94     295.542     76.9319     2813.21      2158.7     4971.91     2442.95     2456.79    0.412951    -123.392     42.6876      2154.2     2356.83     2.86192     42.3828       0.016     5.46443     3.90581     3.67002     3.45316
       5800           0         0.6     1569.94     295.797      76.676     2817.57        2189     5006.56     2442.66     2456.29    0.412534     -123.76     42.6879     2153.93     2356.34     2.86257     42.1415       0.016     5.47046     3.91326      3.6762     3.45942
       5700           0         0.6     1569.94     296.047     76.4515     2822.97     2219.14     5042.11     2442.38     2455.79    0.412132    -124.113     42.6881     2153.66     2355.86     2.86322     41.9284       0.016     5.47634     3.92061     3.68262     3.46579
       5600           0         0.6     1569.94     296.292     76.2546     2830.08     2249.29     5079.37      2442.1     2455.31    0.411742    -124.449     42.6883     2153.39     2355.38     2.86385     41.7404       0.016     5.48209     3.92787      3.6892      3.4723
       5500           0         0.6     1569.94     296.533      76.082     2832.91     2279.42     5112.33     2441.83     2454.83    0.411362     -124.77     42.6885     2153.13     2354.91     2.86447     41.5748       0.016     5.48773     3.93505     3.69587     3.47893
       5400           0         0.6     1569.94     296.771     75.2119     2835.08     2309.77     5144.84     2441.56     2454.36    0.410993     -125.09     42.6886     2152.87     2354.45     2.86508     40.8848       0.016     5.49328     3.94214      3.7026     3.48565
       5300           0         0.6     1569.94     297.006     73.9136     2840.47     2340.32     5180.79      2441.3     2453.89    0.410631    -125.447     42.6887     2152.61     2353.99     2.86569     39.8051       0.016     5.49875     3.94917     3.70936     3.49244
       5200           0         0.6     1569.94     297.238     72.3809     2847.39     2367.76     5215.14     2441.03     2453.42    0.410277    -125.856     42.6888     2152.35     2353.54     2.86629     38.5162       0.016     5.50414     3.95612     3.71614     3.49928
       5100           0         0.6     1569.94     297.467     70.6966      2853.5     2396.03     5249.53     2440.77     2452.96    0.409929    -126.322     42.6889     2152.09     2353.09     2.86688     37.0892       0.016     5.50947       3.963     3.72291     3.50615
       5000           0         0.6     1569.94     297.695      68.876     2865.92     2425.12     5291.04     2440.51     2452.51    0.409587    -126.847      42.689     2151.84     2352.64     2.86747     35.5373       0.016     5.51474     3.96981     3.72968     3.51304
       4900           0         0.6     1569.94      297.92     66.9702     2879.79     2453.04     5332.83     2440.25     2452.06    0.409251    -127.432     42.6891     2151.59      2352.2     2.86805     33.9009       0.016     5.51996     3.97657     3.73643     3.51993
       4800           0         0.6     1569.94     298.143     64.9824     2889.49     2480.43     5369.93        2440     2451.61     0.40892    -128.075     42.6891     2151.34     2351.76     2.86863     32.1865       0.016     5.52512     3.98326     3.74317     3.52683
       4700           0         0.6     1569.94     298.363     62.9303      2893.3      2507.3      5400.6     2439.75     2451.16    0.408593    -128.776     42.6892     2151.09     2351.33      2.8692      30.406       0.016     5.53024      3.9899     3.74988     3.53371
       4600           0         0.6     1569.94     298.582      60.844     2905.97     2536.08     5442.05     2439.49     2450.72     0.40827    -129.532     42.6892     2150.84     2350.89     2.86977     28.5877       0.016     5.53531     3.99648     3.75656     3.54057
       4500           0         0.6     1569.94       298.8     58.7044     2920.45     2565.78     5486.23     2439.24     2450.28    0.407952    -130.342     42.6893     2150.59     2350.47     2.87033     26.7158       0.016     5.54034     3.60269     3.76321     3.54742
       4400           0         0.6     1569.94     299.014     56.8844     2935.57     2593.69     5529.27        2439     2449.84    0.407637    -131.198     42.6893     2150.35     2350.04     2.87088     25.0734       0.016     5.54532     3.60757     3.76982     3.55424
       4300           0         0.6     1569.94     299.225     55.2434     2948.32     2621.42     5569.74     2438.75     2449.41    0.407327    -132.079     42.6894     2150.11     2349.62     2.87144     23.5895       0.016     5.55023     3.61175     3.77633     3.56101
       4200           0         0.6     1569.94     299.431     53.6945     2965.55     2648.65      5614.2     2438.51     2448.98    0.407021    -132.977     42.6894     2149.87     2349.21     2.87198     22.1799       0.016     5.55505     3.61559     3.78273     3.56773
       4100           0         0.6     1569.94     299.632       52.22     2986.82     2676.58      5663.4     2438.26     2448.55     0.40672    -133.888     42.6894     2149.64      2348.8     2.87251     20.8312       0.016     5.55978     3.61928     3.78902     3.57437
       4000           0         0.6     1569.94     299.829     50.7893     3008.51     2703.11     5711.62     2438.03     2448.13    0.406424    -134.808     42.6894      2149.4     2348.41     2.87303     19.5181       0.016     5.56442     3.62291     3.79521     3.58093
       3900           0         0.6     1569.94     300.022     49.3877        3033     2728.23     5761.23     2437.79     2447.72    0.406133    -135.736     42.6894     2149.18     2348.02     2.87354     18.2286       0.016     5.56895     3.62655     3.40123      3.5874
       3800           0         0.6     1569.94      300.21     48.0055     3056.01     2754.99        5811     2437.56     2447.31    0.405848    -136.672     42.6895     2148.95     2347.63     2.87404     16.9543       0.016      5.5734      3.6302     3.40661     3.59373
       3700           0         0.6     1569.94     300.395     46.0658      3083.2     2782.06     5865.27     2437.33     2446.91    0.405568    -137.619     42.6895     2148.74     2347.26     2.87453     15.2938       0.016     5.57775     3.63387     3.41165     3.59982
       3600           0         0.6     1569.94     300.574     42.5867     3108.04     2809.44     5917.47      2437.1     2446.52    0.405297    -138.648     42.6895     2148.52      2346.9     2.87501     12.3257       0.016     5.58199     3.63756     3.41639     3.20454
       3500           0         0.6     1569.94      300.75     38.4427     3132.14     2835.19     5967.33     2436.89     2446.14    0.405037    -139.814     42.6895     2148.32     2346.54     2.87547     8.76893       0.016     5.58614     3.64126     3.42059     3.20788
       3400           0         0.6     1569.94     300.919     34.0573     3152.34     2862.11     6014.45     2436.68     2445.79    0.404791    -141.132     42.6895     2148.12     2346.21     2.87593     4.96052       0.016     5.59017     3.64495     3.42429     3.21049
       3300           0         0.6     1569.94     301.083     29.4333     3163.28     2888.84     6052.12     2436.49     2445.45     0.40456    -142.598     42.6895     2147.94     2345.88     2.87636    0.934184       0.016     5.59408     3.64862     3.42761     3.21268
       3200           0         0.6     1569.94      301.24     25.1361     3175.53     2915.38     6090.91      2436.3     2445.13    0.404342    -144.208     42.6895     2147.76     2345.58     2.87678    -2.92438       0.016     5.59787     3.65227     3.43066     3.21459
       3100           0         0.6     1569.94     301.392     22.1575     3186.24     2942.12     6128.36     2436.13     2444.84    0.404139    -145.891     42.6895      2147.6     2345.29     2.87719    -5.68569       0.016     5.60152     3.65588      3.4335     3.21631
       3000           0         0.6     1569.94     301.537     19.6452        3200     2969.06     6169.06     2435.96     2444.56    0.403948    -147.591     42.6895     2147.44     2345.01     2.87758    -8.05015       0.016     5.60503     3.65946     3.43619      3.2179
       2900           0         0.6     1569.94     301.677     17.4612     3214.21     2995.24     6209.45     2435.81     2444.29    0.403769    -149.287     42.6895     2147.29     2344.75     2.87795    -10.1367       0.016     5.60842       3.663     3.43878     3.21956
       2800           0         0.6     1569.94     301.812     15.5088      3228.8     3021.75     6250.55     2435.66     2444.04    0.403601    -150.966     42.6895     2147.16      2344.5     2.87831    -12.0232       0.016     5.61168      3.6665     3.44138      3.2216
       2700           0         0.6     1569.94     301.942     13.5542     3236.41     3044.79      6281.2     2435.52      2443.8    0.403442    -152.624     42.6895     2147.02     2344.27     2.87866    -13.8815       0.016     5.61482     3.66998     3.44406     3.22392
       2600           0         0.6     1569.94     302.068     11.2639     3237.98     3072.96     6310.93     2435.38     2443.56     0.40329    -154.279     42.6895     2146.89     2344.03     2.87901    -16.0205       0.016     5.61785     3.67343     3.44683     3.22643
       2500           0         0.6     1569.94     302.191     8.87368     3248.77     3097.25     6346.02     2435.25     2443.34    0.403145    -155.946     42.6895     2146.77     2343.81     2.87934    -18.2467       0.016     5.62079     3.67686     3.44967     3.22909
       2400           0         0.6     1569.94      302.31     6.45554     3261.52     3121.96     6383.48     2435.12     2443.11    0.403006    -157.629     42.6895     2146.64     2343.59     2.87967    -20.5022       0.016     5.62365     3.68027     3.45256     3.23186
       2300           0         0.6     1569.94     302.428      4.0118     3272.27     3147.24      6419.5        2435     2442.89    0.402871     -159.33     42.6895     2146.52     2343.37     2.87999    -22.7804       0.016     5.62644     3.68366      3.4555     3.23471
       2200           0         0.6     1569.94     302.543     1.70095     3276.46     3173.08     6449.54     2434.87     2442.67    0.402741    -161.048     42.6895      2146.4     2343.15     2.88031    -24.9722       0.016     5.62917       3.687     3.45846     3.23763
       2100           0         0.6     1569.94     302.656   -0.202111     3287.77     3198.93     6486.71     2434.75     2442.46    0.402614    -162.762     42.6895     2146.28     2342.94     2.88062    -26.8196       0.016     5.63185     3.69031     3.46145      3.2406
       2000           0         0.6     1569.94     302.768    -1.93801     3298.94      3224.8     6523.74     2434.62     2442.25    0.402491    -164.457     42.6896     2146.16     2342.73     2.88093    -28.5208       0.016     5.63447     3.69361     3.46444      3.2436
       1900           0         0.6     1569.94     302.878    -3.54682     3309.27     3250.15     6559.41      2434.5     2442.04    0.402371    -166.126     42.6896     2146.04     2342.53     2.88124    -30.1104       0.016     5.63706     3.69691     3.46744     3.24662
       1800           0         0.6     1569.94     302.987    -5.05714     3320.58     3275.47     6596.05     2434.38     2441.83    0.402254    -167.767     42.6896     2145.93     2342.32     2.88154    -31.6114       0.016     5.63961      3.7002     3.47045     3.24966
       1700           0         0.6     1569.94     303.094    -6.58237      3333.2     3299.93     6633.13     2434.27     2441.62    0.402139    -169.377     42.6896     2145.81     2342.12     2.88184    -33.1058       0.016     5.64213     3.70347     3.47345     3.25271
       1600           0         0.6     1569.94     303.201    -8.29729     3343.01     3322.85     6665.86     2434.15     2441.42    0.402027    -170.968     42.6896      2145.7     2341.92     2.88214    -34.7564       0.016     5.64461     3.70671     3.47645     3.25576
       1500           0         0.6     1569.94     303.306    -10.0647     3352.39     3347.61        6700     2434.03     2441.21    0.401916    -172.548     42.6896     2145.58     2341.72     2.88244    -36.4506       0.016     5.64708     3.70993     3.47943     3.25881
       1400           0         0.6     1569.94     303.411    -11.8709     3362.27     3374.07     6736.34     2433.92     2441.01    0.401807     -174.12     42.6896     2145.47     2341.52     2.88273    -38.1756       0.016     5.64952     3.71313     3.48241     3.26185
       1300           0         0.6     1569.94     303.515    -13.7004     3368.35     3399.85      6768.2      2433.8     2440.81      0.4017    -175.687     42.6896     2145.36     2341.32     2.88302    -39.9199       0.016     5.65193     3.71629     3.48537     3.26489
       1200           0         0.6     1569.94     303.617    -15.2639     3374.05     3424.95        6799     2433.69     2440.61    0.401595    -177.246     42.6896     2145.25     2341.13     2.88331    -41.4803       0.016     5.65432     3.71942     3.48832     3.26792
       1100           0         0.6     1569.94     303.719    -16.0753      3376.7     3449.46     6826.16     2433.58     2440.41    0.401491    -178.765     42.6896     2145.13     2340.93      2.8836    -42.4008       0.016      5.6567     3.72252     3.49125     3.27093
       1000           0         0.6     1569.94      303.82    -16.5613     3377.26     3473.52     6850.77     2433.46     2440.22    0.401389    -180.214     42.6896     2145.02     2340.74     2.88389    -43.0328       0.016     5.65905     3.72558     3.49416     3.27393
        900           0         0.6     1569.94      303.92    -16.6981     3378.26     3497.79     6876.05     2433.35     2440.02    0.401288    -181.583     42.6896     2144.92     2340.55     2.88417    -43.3656       0.016     5.66139     3.72861     3.49705     3.27692
        800           0         0.6     1569.94      304.02    -16.5719     3380.55     3518.49     6899.03     2433.24     2439.83    0.401189     -182.86     42.6896     2144.81     2340.36     2.88445    -43.4585       0.016      5.6637     3.73159     3.49993     3.27988
        700           0         0.6     1569.94     304.118    -16.1338     3380.66     3538.54      6919.2     2433.13     2439.63    0.401091     -184.04     42.6896      2144.7     2340.17     2.88473    -43.2885       0.016     5.66599     3.73454     3.50277     3.28283
        600           0         0.6     1569.94     304.216    -15.2289     3390.69     3561.58     6952.27     2433.02     2439.44    0.400994    -185.108     42.6896     2144.59     2339.98     2.88501    -42.7073       0.016     5.66827     3.73745      3.5056     3.28576
        500           0         0.6     1569.94     304.313    -14.0429     3401.24     3585.25     6986.49     2432.92     2439.25    0.400899    -186.052     42.6896     2144.49      2339.8     2.88529    -41.8685       0.016     5.67052     3.74031      3.5084     3.28867
        400           0         0.6     1569.94     304.409    -12.5508     3424.24     3606.93     7031.18     2432.81     2439.07    0.400805    -186.867     42.6896     2144.38     2339.62     2.88556    -40.7572       0.016     5.67276     3.74314     3.51117     3.29155
        300           0         0.6     1569.94     304.503    -10.8079     3436.59     3633.71     7070.29      2432.7     2438.88    0.400712    -187.547     42.6896     2144.28     2339.44     2.88583    -39.4112       0.016     5.67498     3.74592     3.51392     3.29441
        200           0         0.6     1569.94     304.598    -8.59243     3455.78     3661.01     7116.79      2432.6     2438.69    0.400621    -188.088     42.6896     2144.17     2339.26      2.8861    -37.6835       0.016     5.67717     3.74866     3.51664     3.29725
        100           0         0.6     1569.94     304.691    -5.47668     3460.18     3684.25     7144.43     2432.49     2438.51    0.400531    -188.458     42.6896     2144.07     2339.08     2.88637    -35.1705       0.016     5.67934     3.75136     3.51934     3.30006
          0           0         0.6     1569.94     304.783    -1.87544     3468.73     3707.58     7176.31     2432.39     2438.33    0.400442     -188.63     42.6896     2143.97      2338.9     2.88663    -32.2147       0.016      5.6815     3.75402     3.52201     3.30284