      20000           0         0.7           0     179.437     415.631      17.399     14.2831      31.682     2343.43     2426.93    0.785391     51.8336     39.9574     2049.96      2345.7     2.72671     328.445       0.016     5.73044     4.59858     4.35318     4.39114
      19900           0         0.7           0     179.437      414.68     28.2793     29.7361     58.0154     2343.43     2426.93    0.785563     51.7019     39.9574     2049.96      2345.7     2.72686     327.608       0.016     5.73044     4.59858     4.35318     4.39114
      19800           0         0.7           0     179.437     414.027     44.2321     46.3592     90.5912     2343.43     2426.93    0.785735     51.5707     39.9574     2049.96      2345.7     2.72701     326.992       0.016     5.73044     4.59858     4.35318     4.39114
      19700           0         0.7           0     179.437     413.765     53.1471     60.5222     113.669     2343.43     2426.93    0.785907     51.4563     39.9574     2049.96      2345.7     2.72716      326.68       0.016     5.73044     4.59858     4.35318     4.39114
      19600   0.0414251         0.7   0.0414251     179.437     413.802     62.7691     72.5053     135.274     2343.45     2426.95    0.786079     51.3637     39.9574     2049.96      2345.7     2.72731     326.622       0.016     5.73044     4.59858     4.35318     4.39114
      19500           0         0.7     4.14251     179.468     411.935     64.9145     81.9874     146.902     2345.61     2428.46    0.786194     50.3277     39.9574     2050.17     2345.91     2.72757     325.312       0.016     5.73045     4.59858     4.35327     4.39173
      19400           0         0.7     4.14251     179.505     409.025     76.4295     94.0026     170.432     2345.15     2428.17    0.786331     50.3952     39.9574     2050.41     2346.15     2.72789     323.119       0.016     5.73048     4.59862     4.35362     4.39248
      19300           0         0.7     4.14251     179.523     406.376     86.3533      106.03     192.383     2344.82     2427.96    0.786519     50.2966     39.9574     2050.45     2346.17     2.72809     321.013       0.016     5.73055      4.5987     4.35398     4.39285
      19200           0         0.7     4.14251     179.532     403.746     87.8078     118.078     205.886     2344.58      2427.8    0.786698      50.068     39.9574     2050.43     2346.14     2.72826     318.931       0.016     5.73067     4.59884     4.35426     4.39303
      19100 0.000944702         0.7     4.14345     179.536     402.844     87.8521     129.632     217.484     2344.39     2427.67    0.786866     49.7541     39.9574     2050.41     2346.11     2.72842     317.976       0.016      5.7308     4.59899     4.35445      4.3931
      19000           0         0.7     4.23698     179.539     402.981     88.5333     141.994     230.527      2344.3     2427.61    0.787025     49.4276     39.9574     2050.39     2346.08     2.72859     317.894       0.016     5.73094     4.59915     4.35458     4.39312
      18900           0         0.7     4.23698      179.54     401.305     90.2379     155.164     245.402     2344.18     2427.52    0.787182     49.1418     39.9574     2050.38     2346.06     2.72875      316.69       0.016     5.73108     4.59931     4.35467     4.39312
      18800           0         0.7     4.23698      179.54     398.623     99.8551     165.594     265.449     2344.08     2427.45     0.78734     48.7794     39.9574     2050.35     2346.04      2.7289     314.612       0.016     5.73121     4.59945     4.35472     4.39309
      18700           0         0.7     4.23698     179.539      396.77     121.065     177.325      298.39     2344.01     2427.39    0.787498     48.3307     39.9574     2050.34     2346.01     2.72906     313.001       0.016     5.73133     4.59958     4.35476     4.39306
      18600           0         0.7     4.23698     179.538      395.32     155.555     191.688     347.243     2343.95     2427.35    0.787658     47.8442     39.9574     2050.32     2345.99     2.72921     311.746       0.016     5.73144     4.59969     4.35478     4.39302
      18500           0         0.7     4.23698     179.536     393.928     197.567     200.272     397.839      2343.9     2427.31    0.787819     47.3356     39.9574      2050.3     2345.98     2.72936     310.547       0.016     5.73154     4.59977     4.35479     4.39298
      18400           0         0.7     4.23698     179.535     392.598      206.32     208.407     414.727     2343.86     2427.28    0.787981     46.8088     39.9574     2050.29     2345.96     2.72951     309.389       0.016     5.73162     4.59985     4.35479     4.39294
      18300           0         0.7     4.23698     179.533     389.491      210.08     216.894     426.974     2343.83     2427.25    0.788145     46.2378     39.9574     2050.28     2345.95     2.72966     307.048       0.016     5.73169     4.59991     4.35478     4.39291
      18200           0         0.7     4.23698     179.532     385.286     235.095     225.382     460.477     2343.81     2427.23     0.78831     45.5398     39.9574     2050.27     2345.94      2.7298     303.766       0.016     5.73175     4.59995     4.35478     4.39288
      18100           0         0.7     4.23698      179.53     381.703     284.152     233.345     517.497     2343.79     2427.22    0.788476     44.7005     39.9574     2050.26     2345.94     2.72995      300.78       0.016      5.7318     4.59999     4.35477     4.39285
      18000           0         0.7     4.23698     179.529     378.353     328.658     241.869     570.527     2343.77      2427.2    0.788643     43.7624     39.9574     2050.25     2345.93     2.73009     297.997       0.016     5.73184     4.20001     4.35476     4.39283
      17900           0         0.7     4.23698     179.528     377.397     365.801     251.811     617.612     2343.76     2427.19     0.78881     42.7786     39.9574     2050.25     2345.92     2.73024     296.797       0.016     5.73188     4.20002     4.35476     4.39281
      17800           0         0.7     4.23698     179.527     377.915     401.026     262.614      663.64     2343.74     2427.18    0.788978     41.8673     39.9574     2050.24     2345.92     2.73038     296.839       0.016     5.73191     4.20003     4.35475     4.39279
      17700           0         0.7     4.23698     179.526     376.014     435.802     272.808      708.61     2343.73     2427.17    0.789146     41.0289     39.9574     2050.24     2345.91     2.73053     295.405       0.016     5.73193     4.20003     4.35474     4.39277
      17600           0         0.7     4.23698     179.525     372.795     459.687     287.008     746.695     2343.73     2427.16    0.789315     40.1378     39.9574     2050.23     2345.91     2.73067     292.826       0.016     5.73194     4.20003     4.35473     4.39276
      17500     0.20353         0.7     4.44051     179.524     372.868     467.539     300.868     768.407     2343.84     2427.24    0.789483     39.1572     39.9574     2050.23     2345.91     2.73081     292.346       0.016     5.73195     4.20002     4.35472     4.39274
      17400    0.326126         0.7     24.9161       182.3     404.789     496.817     310.351     807.169     2349.22     2435.28    0.817023     32.6158     39.0482     2090.69     2391.09     2.64332     339.836       0.016     5.72262     4.59341      4.3545     4.39799
      17300    0.292584         0.7     57.4951     183.406     414.137     526.315     319.669     845.983     2360.63     2447.45     0.84847      25.726     38.2531     2100.66     2401.69     2.62452     347.954       0.016     5.71956     4.58539     4.34748     4.39674
      17200    0.331266         0.7     86.7922      184.29      419.45     562.834     332.463     895.298     2368.51     2456.95    0.877184     21.3662     37.5586     2106.71     2407.82     2.61639     352.405       0.016     5.72333     4.57688     4.33773     4.39053
      17100    0.474844         0.7     120.062      185.26      422.35     618.034     345.833     963.867     2377.47     2466.98    0.902634     17.1324     36.9519     2112.11     2413.05     2.61046     354.857       0.016     5.73184     4.56713     4.32549     4.38022
      17000     0.38762         0.7      167.46     186.474      423.35     668.644     361.459      1030.1     2392.79     2481.23    0.925006     10.6032      36.422     2117.51     2417.96     2.60562     355.773       0.016     5.74303     4.55536     4.31102     4.36888
      16900    0.281839         0.7     206.116     187.912     418.314     710.428     377.172      1087.6     2401.06     2490.37    0.944647     7.29027     35.9588     2123.04     2422.72     2.60172     352.153       0.016     5.75536     4.54126     4.29513     4.35619
      16800    0.259426         0.7     234.277      189.45     409.348     750.446     392.912     1143.36     2402.81      2494.7    0.961804     6.56552     35.5537     2128.35      2427.1     2.59817     344.983       0.016     5.76777     4.52344     4.27749     4.33936
      16700    0.256991         0.7     260.217     191.037     399.196     790.912     409.765     1200.68     2403.69     2498.12    0.976647     5.85218      35.199     2133.24     2430.92      2.5948     336.608       0.016      5.7795     4.50273     4.25729     4.31812
      16600    0.320112         0.7      285.98     192.678     387.934     827.815     430.237     1258.05     2404.86     2501.44    0.989374     4.61148     34.8882     2137.76     2434.24     2.59166     327.305       0.016     5.78998     4.48054     4.23447      4.2937
      16500    0.411927         0.7     318.083     194.404     387.577     868.232     444.186     1312.42     2409.72     2507.06     1.00021     1.61451     34.6155     2142.06     2437.18     2.58887     325.878       0.016     5.79885     4.45709     4.20966     4.26808
      16400    0.500652         0.7     359.364     196.269     394.367     921.909     461.885     1383.79     2419.08     2515.63     1.00943    -2.82826      34.376     2146.37        2440     2.58656     331.142       0.016     5.00556      4.4326     4.58324     4.24361
      16300    0.560386         0.7     409.489      198.31     397.785     983.994     476.091     1460.08     2431.97     2526.56     1.01727    -8.08617     34.1655     2150.93     2442.91      2.5848      334.57       0.016     5.01053      4.4092     4.55663     4.22185
      16200    0.491091         0.7     465.458     200.535     399.359     1049.43     495.001     1544.43     2446.21     2538.37     1.02398    -13.4484     33.9801     2155.83     2446.02     2.58352     336.164       0.016      5.0141     4.78663     4.53177     4.20525
      16100    0.375422         0.7     514.452     202.876     388.845     1109.14     515.863        1625     2454.78     2546.14     1.02972    -16.3683     33.8167     2160.95      2449.3     2.58246     328.727       0.016     5.01667     4.76299     4.50998     4.59265
      16000    0.342593         0.7     551.961     205.222     370.307     1156.68     534.345     1691.03      2456.4     2548.93     1.03456    -17.0509     33.6725     2165.95     2452.45     2.58118     313.818       0.016     5.01856     4.73899     4.48999     4.57753
      15900    0.329518         0.7     586.207     207.527     360.128      1197.5      550.67     1748.17     2456.75     2550.65     1.03849    -17.9192     33.5449     2170.61     2455.27     2.57954     304.402       0.016     5.01994     4.71307     4.47019     4.55939
      15800    0.357448         0.7     619.187     209.802     355.069     1239.83     563.228     1803.06     2457.02     2552.12     1.04156    -18.9603      33.432     2174.92     2457.75     2.57764     299.916       0.016      5.0208     4.68759     4.44976     4.53927
      15700    0.362207         0.7     654.937     212.073     351.292     1281.42     574.665     1856.09     2459.31     2554.82     1.04382    -20.8145     33.3317     2178.99     2459.99      2.5756     296.719       0.016     5.02108     4.66306     4.42873     4.51852
      15600       0.358         0.7     691.153      214.36     348.605     1323.07     583.065     1906.13     2461.96     2557.64      1.0454    -22.7501     33.2426     2182.95      2462.1     2.57348     294.423       0.016      5.0208     4.63931     4.40762     4.49805
      15500     0.34347         0.7     726.939     216.662     345.194     1363.32     589.933     1953.25     2464.42     2560.22     1.04639    -24.5169     33.1631     2186.83     2464.13     2.57123     291.714       0.016     5.01999     4.61763     4.78614     4.47804
      15400    0.393792         0.7     761.336     218.968     341.432     1407.11      594.97     2002.08      2466.2     2562.23     1.04687    -25.9795     33.0921     2190.63     2466.09     2.56879     288.642       0.016     5.01875     4.99863     4.76459     4.45835
      15300    0.470447         0.7     800.792     221.301     339.279     1457.71     600.987      2058.7      2470.9      2566.2     1.04689    -28.5369     33.0283     2194.41     2468.02     2.56622     286.776       0.016     5.01717     4.97959     4.74366     4.43973
      15200    0.524772         0.7     847.891      223.71     338.126     1507.95      605.35      2113.3     2479.34     2572.75     1.04654    -32.3974     32.9709     2198.31     2470.06     2.56365     285.863       0.016     5.01534     4.96029     4.72398     4.42369
      15100     0.63639         0.7      900.48     226.225      343.22     1565.82     607.898     2173.72     2489.71     2580.67     1.04591    -36.6708      32.919     2202.49     2472.33     2.56113     289.781       0.016     5.01337     4.94118     4.70632     4.41182
      15000    0.733159         0.7     964.215     228.883     352.554     1636.32     608.317     2244.64     2504.77     2591.91     1.04509    -42.0662     32.8718     2207.04     2474.94     2.55869     297.704       0.016     5.01143     4.92228      4.6919     4.40637
      14900    0.807597         0.7     1037.61     231.724     359.178     1715.96     611.395     2327.35     2522.94     2605.41     1.04415    -47.8571     32.8288     2212.12     2478.01     2.55639      303.97       0.016     5.00971     4.90251     4.68145      4.4062
      14800    0.760731         0.7     1118.32     234.757     364.198      1805.1     616.873     2421.97      2542.5     2620.02     1.04317    -53.5638     32.7892     2217.76      2481.6     2.55417     308.691       0.016     5.00838     4.88436      4.6748     4.41003
      14700   0.0572947         0.7     1193.69     237.862     353.406      1885.5      625.74     2511.24     2556.51     2630.85     1.04222    -56.9646     32.7525     2223.78     2485.62     2.55235     301.245       0.016     5.00763     4.86882     4.67146     4.41544
      14600   0.0602444         0.7     1199.42     231.448     281.499     1921.96     630.132      2552.1     2531.49     2609.74     1.00035    -46.1958     33.7363     2211.43     2477.62     2.72116     219.729       0.016     5.91168      4.6334     4.41269     4.43127
      14500   0.0203774         0.7     1205.41     229.611     254.017     1941.43     639.868      2581.3      2513.1     2593.02    0.964103    -42.3568     34.6823     2202.04     2468.39      2.7471     193.954       0.016     6.33959     4.44858     4.55387     4.48427
      14400           0         0.7     1207.42     230.055     237.481     1953.32     651.167     2604.48      2497.5        2578    0.926388    -40.7371     35.5885     2194.73     2459.26      2.7551     179.191       0.016     6.74921     4.58558     4.22079     4.54839
      14300           0         0.7     1207.42     231.273     223.474     1962.51     659.044     2621.55     2484.94     2564.87    0.887317    -40.2829     36.4418     2188.38     2450.49     2.76086      167.61       0.016     6.64454     4.24234      4.2342     4.20219
      14200           0         0.7     1207.42     232.674     211.623     1965.27     664.923      2630.2     2475.59     2553.93    0.848134    -40.7499     37.2291     2182.81     2442.46     2.76605     157.934       0.016     6.59118     4.25121     4.22663     4.23134
      14100           0         0.7     1207.42     234.057     205.404      1967.8     669.199        2637      2468.6     2544.71     0.81008    -41.6363     37.9427     2177.97     2435.34     2.77081     152.534       0.016     6.56767     4.23618      4.2118     4.24891
      14000           0         0.7     1207.42     235.369     202.706      1974.2     670.815     2645.01     2463.31     2536.87     0.77407    -42.5326     38.5803     2173.78     2429.08     2.77516     150.196       0.016     6.56223     4.21211     4.20057      4.2611
      13900           0         0.7     1207.42     236.609      197.96     1985.55     674.776     2660.33     2459.25      2530.1     0.74066    -43.3419     39.1438     2170.13     2423.54     2.77918     146.669       0.016      6.5681     4.59519      4.5912     4.27105
      13800           0         0.7     1207.42      237.79     192.265     1987.99     675.501     2663.49     2456.08     2524.21    0.710117    -44.2033     39.6376     2166.93     2418.61     2.78294     142.215       0.016     6.58126     4.57936     4.58425     4.28015
      13700           0         0.7     1207.42     238.917     188.127     2006.18     677.934     2684.11     2453.55     2519.01    0.682503    -45.1361     40.0676     2164.11     2414.19     2.78651      138.81       0.016     6.59914     4.56533     4.58111     4.28957
      13600           0         0.7     1207.42     239.993     184.861     2016.99     679.146     2696.14     2451.49      2514.4    0.657746    -46.0777     40.4403      2161.6      2410.2     2.78993     136.165       0.016     6.62002     4.55468     4.58195     4.30016
      13500           0         0.7     1207.42     241.023     188.208     2028.02     684.339     2712.36     2449.75     2510.25    0.635686    -46.9045     40.7621     2159.35     2406.57     2.79321     138.306       0.016     6.64282     4.54801     4.58658     4.31242
      13400           0         0.7     1207.42     242.013     195.595     2037.52     687.311     2724.83     2448.24      2506.5    0.616117    -47.3072     41.0391     2157.31     2403.24     2.79637     144.025       0.016     6.66679      4.5454     4.59467     4.32658
      13300    0.118598         0.7     1207.54     242.966      192.67     2047.59     693.418     2741.01     2446.98     2503.11     0.59881    -47.4307      41.277     2155.45     2400.16     2.79943     142.662       0.016     6.69148     4.54664     4.20517     4.34265
      13200    0.147612         0.7     1219.43      246.68      213.92     2055.16     700.183     2755.34     2445.22      2504.9    0.638379     -50.195     40.2965     2191.04     2438.48      2.6825     175.227       0.016     6.40243     4.55076     4.22629     4.36451
      13100    0.199736         0.7     1234.24     249.183     220.324     2068.53     713.501     2782.03     2445.34     2508.03    0.677776    -52.0547     39.3976     2200.44     2447.25     2.65109     181.441       0.016     5.85909     4.54632     4.23785     4.37852
      13000    0.113601         0.7     1254.13     251.335     225.837     2073.49      726.35     2799.84     2448.06     2512.79     0.71339      -54.11     38.5929     2205.66     2451.44     2.63498      186.93       0.016     6.06015     4.52726     4.23756     4.38476
      12900    0.268474         0.7     1265.65     253.149     231.724      2093.2     740.791     2833.99     2445.71     2513.78    0.744976    -53.6816     37.8817     2209.67     2454.51     2.62345     192.466       0.016     5.42332     4.49888     4.23034     4.38261
      12800     0.30577         0.7     1292.53     254.663     237.533      2120.6     754.572     2875.17      2452.1     2520.66    0.772865    -56.2291     37.2566     2213.02     2457.08     2.61479     197.911       0.016     5.54703     4.46721     4.22005     4.37517
      12700    0.210385         0.7     1323.01     256.182     239.041     2141.91     768.152     2910.07     2459.25     2527.91    0.797566     -58.804      36.708     2216.33     2459.62     2.60712     199.894       0.016     5.64607     4.43599     4.20868     4.36616
      12600   0.0114683         0.7     1343.85     257.856     237.577      2143.7     780.857     2924.55     2460.06     2530.59    0.819302    -58.9585      36.226     2219.75     2462.17     2.59888     199.051       0.016     5.72428     4.40685     4.59495     4.35437
      12500   0.0355044         0.7     1345.02     259.482     236.879     2147.45     793.351      2940.8     2450.43     2525.76    0.838285    -55.2666     35.8017      2222.9     2464.43     2.59045     198.571       0.016     5.78704     4.77806     4.57731     4.33617
      12400           0         0.7     1348.54     261.018     236.485      2148.7      808.27     2956.97     2444.08     2522.96    0.854677    -52.9991     35.4274     2225.54      2466.2     2.58194     198.438       0.016     5.03489      4.7489     4.55587     4.31186
      12300   0.0997496         0.7     1348.64     262.497     234.883     2160.65     823.981     2984.63     2437.14     2519.49    0.868757     -50.691     35.0963     2227.82     2467.61     2.57357     197.325       0.016      5.0712     4.72016     4.53134     4.28362
      12200    0.266514         0.7     1358.78     263.979     232.251     2186.76     838.657     3025.42     2436.91     2520.51    0.880822    -51.2236     34.8029     2229.92     2468.79     2.56544     195.235       0.016     5.09867     4.69193     4.50466      4.2541
      12100    0.367836         0.7     1385.53     265.589      230.91     2221.37     851.804     3073.17     2445.62     2527.68    0.891216    -55.3777     34.5423      2232.2     2470.11     2.55779     194.016       0.016      5.1189     4.66426      4.4787     4.22745
      12000    0.445512         0.7     1422.39     267.404     230.255      2264.1     869.111     3133.21     2458.22     2537.59    0.900293    -60.9427     34.3104     2234.99     2471.84     2.55063     193.448       0.016     5.13331     4.63809     4.45538     4.20729
      11900    0.429364         0.7     1466.93     269.441     230.297     2310.81     883.998      3194.8     2472.84     2548.98    0.908304    -67.0664     34.1037     2238.36     2474.09     2.54379     193.433       0.016     5.14322     4.61425     4.43616     4.59579
      11800    0.461429         0.7      1509.9      271.66     230.887     2362.59     900.619     3263.21     2484.33     2558.25    0.915406     -71.733     33.9194     2242.22     2476.76     2.53707     193.918       0.016      5.1498     4.99292     4.42085     4.58732
      11700    0.252535         0.7     1555.83     274.028     238.884     2425.72     918.065     3343.79     2495.83     2567.57    0.921658    -76.0125     33.7547     2246.39      2479.7     2.53033     200.298       0.016     5.15403     4.97246     4.40818     4.58072
      11600    0.173583         0.7        1581     262.163      211.42     2468.03     922.864     3390.89     2497.32     2565.49    0.888594    -74.5915     34.6333     2218.26     2456.78     2.72049     159.409       0.016     6.19248     4.72913     4.53902     4.59328
      11500   0.0732907         0.7     1598.26     258.156     193.108      2501.7     930.475     3432.18     2494.94     2560.89    0.856002    -74.4467     35.4829     2211.64      2452.5      2.7497     143.315       0.016     5.87324     4.54146     4.28016     4.24497
      11400   0.0810864         0.7      1605.6     257.737     169.186     2523.93      940.69     3464.62     2488.82     2553.66    0.822853    -74.3158     36.2999     2207.25     2447.74     2.75758     123.312       0.016     6.50281     4.27372     4.34767       4.308
      11300   0.0854075         0.7     1613.71     258.641     157.831     2539.66     947.526     3487.19     2485.31     2548.11     0.78867    -75.8461     37.0709     2203.47     2442.52     2.76266     112.699       0.016     6.40606       4.333     4.36863     4.36468
      11200   0.0252193         0.7     1622.19     259.993     153.548     2550.57     952.383     3502.95      2483.4     2543.61    0.754311    -77.7355     37.7829     2200.31     2437.65     2.76723     108.696       0.016     6.35545     4.34727     4.36758     4.00791
      11100           0         0.7     1624.69     261.414      145.91     2559.85     955.869     3515.72     2479.26     2537.55    0.720953    -78.3877     38.4281     2197.35     2432.97     2.77133     102.773       0.016     6.33268     4.33645     4.35729     4.02962
      11000  0.00619549         0.7      1624.7      262.75     136.681     2577.77      957.92     3535.69     2475.09     2531.54     0.68939    -78.9186     39.0042     2194.32     2428.31     2.77493     95.3241       0.016     6.32701     4.31443     4.34405     4.04277
      10900   0.0184344         0.7     1625.33      263.99     131.434     2586.21     961.529     3547.74     2472.38     2526.66    0.660022    -79.9495     39.5127     2191.49     2423.95     2.77815     90.6984       0.016     6.33187     4.28945     4.33197     4.05129
      10800           0         0.7     1627.15     265.161     128.434     2589.56     961.919     3551.47     2471.01     2522.87    0.633088    -81.2874     39.9577     2189.04     2420.12     2.78113     88.0795       0.016     6.34321     4.26594     4.32273     4.05783
      10700           0         0.7     1627.15     266.259     124.532     2591.43     961.953     3553.39     2469.03     2518.84    0.608719    -82.2286     40.3448     2186.87     2416.67     2.78388      84.923       0.016     6.35853     4.24603     4.31695     4.06384
      10600           0         0.7     1627.15     267.287     120.212     2593.64      962.34     3555.98     2467.49     2515.28    0.586874    -83.2904     40.6796     2184.84     2413.47     2.78643      81.338       0.016     6.37619     4.23054     4.31455     4.07021
      10500           0         0.7     1627.15     268.259     117.607     2595.99     963.099     3559.09     2466.25     2512.11    0.567408    -84.4454     40.9683     2183.01     2410.55     2.78883     78.9817       0.016     6.39519     4.22232     4.31533     4.07766
      10400           0         0.7     1627.15     269.188     116.012     2598.87     966.087     3564.96     2465.21     2509.25    0.550152     -85.599     41.2164     2181.36     2407.86     2.79111     77.5246       0.016     6.41495     4.21997     4.31913     4.08656
      10300           0         0.7     1627.15     270.083     114.987     2602.66      971.27     3573.93      2464.3     2506.64    0.534911    -86.7155     41.4292     2179.85     2405.39     2.79332      76.548       0.016     6.43512     4.22083     4.32569     4.09707
      10200           0         0.7     1627.15     270.947     113.869     2605.66     976.517     3582.17     2463.48     2504.23    0.521484    -87.7814     41.6113     2178.46     2403.08     2.79547     75.5867       0.016     6.45547     4.22373     4.33466     4.10923
      10100           0         0.7     1627.15     271.783     111.712     2618.76     984.601     3603.36     2462.72     2501.99    0.509672    -88.8482     41.7671     2177.17     2400.91     2.79756     73.7687       0.016     6.47584      4.2281     4.34569     4.12293
      10000           0         0.7     1627.15     272.593     109.223     2625.24     993.193     3618.43     2461.99     2499.88    0.499286    -89.9588     41.9003     2175.96     2398.87      2.7996     71.6622       0.016     6.49612     4.23363     4.35845     4.13804
       9900           0         0.7     1627.15     273.377     106.559     2629.66     1002.27     3631.93     2461.28     2497.88    0.490153    -91.1266      42.014     2174.82     2396.93      2.8016     69.3939       0.016     6.51624     4.24013     4.37267     4.15439
       9800           0         0.7     1627.15     274.139      103.76     2633.05     1012.67     3645.72     2460.58     2495.98    0.482114    -92.3555     42.1111     2173.75     2395.08     2.80356     67.0017       0.016     6.53646     4.24748     4.38812     4.17182
       9700           0         0.7     1627.15     274.881      100.85     2643.64     1024.36        3668     2459.89     2494.16    0.475026    -93.6472     42.1939     2172.72     2393.31     2.80547     64.5048       0.016     6.55681     4.25653     4.00424     4.19014
       9600           0         0.7     1627.15     275.606     97.8508     2654.91     1037.33     3692.25     2459.19     2492.41    0.468764    -95.0015     42.2647     2171.74     2391.61     2.80735      61.921       0.016     6.57714     4.26759     4.01828     3.80741
       9500           0         0.7     1627.15     276.314     94.7749     2661.88     1051.57     3713.45      2458.5     2490.74    0.463231    -96.4165     42.3252      2170.8     2389.98     2.80919     59.2611       0.016     6.59735     4.28015     4.03043     3.81828
       9400           0         0.7     1627.15     277.001     92.4508     2671.69     1063.37     3735.07     2457.84     2489.17    0.458343    -97.8749     42.3768     2169.92     2388.43     2.81097     57.1417       0.016     5.81562     4.29376     4.04119     3.82787
       9300           0         0.7     1627.15     277.666     90.5691     2680.68     1077.24     3757.92     2457.19     2487.69     0.45401    -99.3327      42.421      2169.1     2386.96      2.8127      55.415       0.016     5.83272     4.30806     4.05205     3.83889
       9200           0         0.7     1627.15     278.309     88.9265     2688.59     1091.85     3780.44     2456.56     2486.27    0.450156    -100.773     42.4588     2168.31     2385.56     2.81438     53.8901       0.016     5.84911      4.3228     4.06446     3.85104
       9100           0         0.7     1627.15     278.934     87.4472     2688.77     1108.78     3797.56     2455.93     2484.91    0.446716    -102.188     42.4911     2167.56     2384.22     2.81601     52.5048       0.016     5.86495     4.33791     4.07805     3.86426
       9000           0         0.7     1627.15     279.543     86.0988     2691.13     1129.03     3820.16     2455.32      2483.6     0.44363    -103.573     42.5188     2166.83     2382.91      2.8176     51.2325       0.016     5.88034     4.35331     4.09245     3.87842
       8900           0         0.7     1627.15     280.138     84.8752     2699.43     1148.51     3847.94      2454.7     2482.32    0.440849    -104.926     42.5426     2166.12     2381.64     2.81916     50.0672       0.016     5.89538     4.36896     4.10746     3.89334
       8800           0         0.7     1627.15     280.723     83.7503      2702.7     1168.71     3871.41     2454.09     2481.07     0.43833    -106.245     42.5629     2165.43      2380.4     2.82069     48.9901       0.016     5.91012     4.38481     4.12295     3.90888
       8700           0         0.7     1627.15     281.298     82.7076     2713.52     1189.61     3903.13     2453.48     2479.84    0.436036    -107.529     42.5804     2164.74     2379.18      2.8222     47.9868       0.016     5.92462     4.00077     4.13882     3.92491
       8600           0         0.7     1627.15     281.864      81.738     2729.59     1210.92     3940.52     2452.87     2478.63    0.433936    -108.776     42.5954     2164.07     2377.98     2.82369     47.0501       0.016     5.93891     4.01281     4.15497     3.94134
       8500           0         0.7     1627.15     282.417     80.8339     2739.53     1232.64     3972.17     2452.26     2477.44    0.432004    -109.987     42.6083     2163.41      2376.8     2.82516     46.1731       0.016     5.95294     4.02165     4.17118     3.95805
       8400           0         0.7     1627.15     282.953     80.4239     2752.98     1254.29     4007.28     2451.65     2476.26    0.430218    -111.152     42.6195     2162.75     2375.64     2.82659     45.6755       0.016     5.96667     4.02934     4.18733     3.97493
       8300           0         0.7     1627.15     283.472     80.3381     2755.06     1279.47     4034.53     2451.05      2475.1    0.428562    -112.249      42.629     2162.11     2374.52     2.82799     45.4725       0.016     5.98007     4.03717     3.80311     3.99186
       8200           0         0.7     1627.15     283.977     80.4718     2761.59     1304.57     4066.16     2450.44     2473.96    0.427019    -113.269     42.6372     2161.48     2373.42     2.82935      45.464       0.016     5.99314     4.04675     3.81597     3.60706
       8100           0         0.7     1627.15     284.467     80.7973     2765.05     1329.58     4094.63     2449.85     2472.86     0.42559    -114.206     42.6443     2160.88     2372.37     2.83066     45.6283       0.016     6.00587     4.05751     3.82639     3.61642
       8000           0         0.7     1627.15     284.939     81.2808     2776.47      1354.8     4131.27     2449.29     2471.82    0.424274    -115.056     42.6505     2160.31     2371.36     2.83193     45.9372       0.016     6.01824     4.06891     3.83508     3.62354
       7900           0         0.7     1627.15     285.395     81.9725     2778.73     1380.19     4158.92     2448.76     2470.83    0.423058    -115.819     42.6557     2159.78     2370.41     2.83314     46.4265       0.016     6.03022     4.08062     3.84324     3.63142
       7800           0         0.7     1627.15     285.834     82.8327     2783.27     1406.33      4189.6     2448.24     2469.89     0.42193     -116.49     42.6603     2159.27     2369.51      2.8343     47.0724       0.016     6.04181     4.09244     3.85218     3.63992
       7700           0         0.7     1627.15      286.26      83.848     2790.05     1432.19     4222.24     2447.75     2468.99    0.420877    -117.067     42.6642     2158.78     2368.64     2.83542     47.8597       0.016     6.05305     4.10431     3.86194     3.64907
       7600           0         0.7     1627.15     286.676     85.0279      2794.7     1458.76     4253.46     2447.26     2468.12    0.419891     -117.55     42.6676     2158.31     2367.79     2.83652     48.7989       0.016     6.06399     4.11621      3.8722     3.65879
       7500           0         0.7     1627.15     287.084     86.3431     2795.42     1486.02     4281.44     2446.79     2467.27     0.41896    -117.937     42.6706     2157.85     2366.96     2.83758      49.866       0.016     6.07467     4.12811     3.88282       3.669
       7400           0         0.7     1627.15     287.486     86.7347     2799.39     1513.96     4313.35     2446.33     2466.44    0.418078    -118.248     42.6731      2157.4     2366.15     2.83863     50.2646       0.016     6.08513     4.13999      3.8937     3.67959
       7300           0         0.7     1627.15     287.881     86.5944     2804.74     1540.57      4345.3     2445.88     2465.62    0.417238    -118.539     42.6753     2156.95     2365.35     2.83967     50.1858       0.016     6.09541     4.15185     3.90476     3.69048
       7200           0         0.7     1627.15     288.272     86.1804     2813.76     1565.84      4379.6     2445.43     2464.82    0.416434    -118.831     42.6772      2156.5     2364.56     2.84069     49.8741       0.016     6.10553     4.16366     3.91597     3.70162
       7100           0         0.7     1627.15     288.658     85.5799     2823.48     1592.19     4415.68     2444.99     2464.02    0.415661    -119.134     42.6788     2156.06     2363.77     2.84169     49.4018       0.016      6.1156     4.17542     3.92729     3.71294
       7000           0         0.7     1627.15     289.041     84.8406     2825.54     1623.64     4449.17     2444.55     2463.24    0.414915    -119.454     42.6803     2155.63        2363     2.84269     48.8084       0.016     6.12595     4.18715      3.9387      3.7244
       6900           0         0.7     1627.15     289.422     84.0049     2827.59     1654.96     4482.55     2444.11     2462.46    0.414191    -119.792     42.6815      2155.2     2362.23     2.84368     48.1283       0.016     6.13647     4.19887     3.95021     3.73599
       6800           0         0.7     1627.15     289.802     83.0922     2827.85     1681.86      4509.7     2443.68     2461.68    0.413488     -120.15     42.6826     2154.77     2361.46     2.84466     47.3792       0.016     6.14708     3.80864     3.96181     3.74768
       6700           0         0.7     1627.15     290.178     82.1278     2828.04     1709.94     4537.98     2443.25     2460.91    0.412802    -120.529     42.6835     2154.34      2360.7     2.84563     46.5798       0.016     6.15772     3.81608     3.97341     3.75944
       6600           0         0.7     1627.15     290.548     81.1408     2828.55     1741.09     4569.64     2442.82     2460.15    0.412131    -120.927     42.6843     2153.91     2359.95      2.8466     45.7563       0.016      6.1683     3.82258     3.98493     3.77125
       6500           0         0.7     1627.15     290.912     80.1215     2830.92      1770.9     4601.82      2442.4     2459.39    0.411476    -121.344      42.685     2153.49     2359.21     2.84755     44.9011       0.016     6.17878     3.82873     3.99636     3.78305
       6400           0         0.7     1627.15     291.269     79.3811     2833.86     1800.97     4634.82     2441.97     2458.63    0.410834    -121.773     42.6856     2153.07     2358.48     2.84848     44.2488       0.016     6.18913      3.8348     3.60689     3.79478
       6300           0         0.7     1627.15     291.619     78.8045     2835.98     1829.64     4665.62     2441.55     2457.89    0.410207    -122.199     42.6861     2152.67     2357.76     2.84939     43.7428       0.016     6.19933     3.84089     3.61589     3.40516
       6200           0         0.7     1627.15     291.961     78.3246     2841.84      1857.8     4699.64     2441.15     2457.16    0.409601    -122.615     42.6866     2152.27     2357.07     2.85028     43.3171       0.016     5.40833     3.84701     3.62366     3.41188
       6100           0         0.7     1627.15      292.29     77.9321     2848.56     1885.44     4733.99     2440.76     2456.48    0.409025    -123.017      42.687     2151.89      2356.4     2.85114     42.9653       0.016     5.41665     3.85377     3.63027     3.41667
       6000           0         0.7     1627.15     292.607     77.5987     2852.74     1912.54     4765.29     2440.39     2455.83    0.408479    -123.403     42.6873     2151.54     2355.77     2.85197      42.664       0.016     5.42449     3.86111      3.6361     3.42073
       5900           0         0.7     1627.15      292.91     77.3126     2855.01     1941.75     4796.76     2440.04     2455.22    0.407962    -123.772     42.6876      2151.2     2355.17     2.85276     42.4033       0.016     5.43194     3.86872     3.64167     3.42544
       5800           0         0.7     1627.15     293.202     77.0649     2858.97     1969.46     4828.43      2439.7     2454.63    0.407469    -124.125     42.6879     2150.88     2354.61     2.85352      42.176       0.016     5.43906     3.87646     3.64731     3.43067
       5700           0         0.7     1627.15     293.484     76.8496     2864.77     1997.04     4861.81     2439.38     2454.07    0.406997    -124.461     42.6881     2150.58     2354.06     2.85425     41.9771       0.016      5.4459     3.88421     3.65307     3.43626
       5600           0         0.7     1627.15     293.757     76.6631      2872.3     2024.65     4896.94     2439.07     2453.52    0.406545    -124.782     42.6883     2150.28     2353.53     2.85496     41.8038       0.016     5.45248     3.89192     3.65898      3.4421
       5500           0         0.7     1627.15     294.022     76.5018     2874.71     2052.27     4926.97     2438.76        2453    0.406111    -125.087     42.6885        2150     2353.02     2.85565     41.6532       0.016     5.45884     3.89956     3.66499     3.44813
       5400           0         0.7     1627.15     294.281     75.6412     2876.44     2080.13     4956.57     2438.47     2452.48    0.405692     -125.39     42.6886     2149.72     2352.52     2.85632     40.9773       0.016     5.46501     3.90711     3.67111      3.4543
       5300           0         0.7     1627.15     294.534     74.3521     2882.28     2108.21     4990.49     2438.18     2451.98    0.405288    -125.731     42.6887     2149.45     2352.03     2.85698     39.9114       0.016     5.47101     3.91457     3.67733     3.46059
       5200           0         0.7     1627.15     294.782     72.8284     2888.74     2133.19     5021.93      2437.9     2451.49    0.404896    -126.123     42.6888     2149.18     2351.55     2.85763     38.6358       0.016     5.47688     3.92193     3.68381       3.467
       5100           0         0.7     1627.15     295.025     71.1528     2895.32     2159.02     5054.33     2437.62        2451    0.404515    -126.573     42.6889     2148.91     2351.08     2.85827     37.2218       0.016     5.48261     3.92919     3.69043     3.47354
       5000           0         0.7     1627.15     295.265     69.3408      2908.2     2185.68     5093.88     2437.35     2450.52    0.404144    -127.082      42.689     2148.64     2350.61     2.85889     35.6827       0.016     5.48825     3.93638     3.69713      3.4802
       4900           0         0.7     1627.15     295.502     67.4435     2922.54     2211.18     5133.73     2437.08     2450.05    0.403781    -127.651     42.6891     2148.38     2350.14     2.85951     34.0587       0.016     5.49379     3.94348     3.70388     3.48695
       4800           0         0.7     1627.15     295.735     65.4641     2932.72     2236.17     5168.89     2436.81     2449.58    0.403426    -128.278     42.6891     2148.12     2349.69     2.86012     32.3565       0.016     5.49925     3.95051     3.71066     3.49376
       4700           0         0.7     1627.15     295.966     63.4202     2937.02     2260.63     5197.66     2436.55     2449.12    0.403077    -128.964     42.6892     2147.87     2349.23     2.86073     30.5881       0.016     5.50464     3.95746     3.71745     3.50062
       4600           0         0.7     1627.15     296.194     61.3423     2950.19     2287.03     5237.22     2436.29     2448.66    0.402735    -129.705     42.6892     2147.61     2348.78     2.86133     28.7817       0.016     5.50996     3.96435     3.72424     3.50751
       4500           0         0.7     1627.15      296.42      59.211     2965.18     2314.35     5279.53     2436.03      2448.2    0.402397      -130.5     42.6893     2147.36     2348.34     2.86192     26.9216       0.016     5.51523     3.97117     3.73102     3.51441
       4400           0         0.7     1627.15     296.644     57.4002     2980.82     2339.89     5320.71     2435.77     2447.75    0.402065    -131.342     42.6893     2147.11      2347.9     2.86251     25.2912       0.016     5.52044     3.97792     3.73778     3.52132
       4300           0         0.7     1627.15     296.866     55.7684     2994.09     2365.26     5359.35     2435.52      2447.3    0.401737    -132.208     42.6894     2146.86     2347.46     2.86309     23.8193       0.016      5.5256     3.98462     3.74453     3.52823
       4200           0         0.7     1627.15     297.086     54.2286     3011.86     2390.14        5402     2435.26     2446.86    0.401414    -133.092     42.6894     2146.61     2347.02     2.86367     22.4217       0.016     5.53071     3.99126     3.75124     3.53512
       4100           0         0.7     1627.15     297.304     52.7628     3033.67     2415.75     5449.41     2435.01     2446.41    0.401095    -133.988     42.6894     2146.36     2346.59     2.86424     21.0849       0.016     5.53578     3.99785     3.75793       3.542
       4000           0         0.7     1627.15      297.52     51.3405     3055.91     2439.97     5495.88     2434.76     2445.97    0.400779    -134.894     42.6894     2146.12     2346.16     2.86481     19.7835       0.016     5.54081     3.60381     3.76459     3.54885
       3900           0         0.7     1627.15     297.733     49.9471     3080.95      2462.8     5543.75     2434.52     2445.54    0.400467    -135.809     42.6894     2145.87     2345.74     2.86537     18.5056       0.016     5.54578     3.60851     3.77119     3.55568
       3800           0         0.7     1627.15     297.942      48.573     3104.53     2487.29     5591.83     2434.27     2445.11    0.400159    -136.731     42.6895     2145.63     2345.32     2.86593     17.2429       0.016     5.55068      3.6126     3.77769     3.56245
       3700           0         0.7     1627.15     298.147     46.6393      3132.3     2512.12     5644.42     2434.03     2444.68    0.399856    -137.665     42.6895     2145.39     2344.91     2.86647     15.5931       0.016     5.55549      3.6164     3.78409     3.56917
       3600           0         0.7     1627.15     298.347     43.1627     3157.71     2537.26     5694.97     2433.78     2444.25    0.399557    -138.681     42.6895     2145.16     2344.51     2.86701     12.6338       0.016     5.56021     3.62008     3.79037     3.57581
       3500           0         0.7     1627.15     298.542     39.0191     3182.39      2560.8     5743.19     2433.55     2443.83    0.399264    -139.834     42.6895     2144.93     2344.11     2.86753     9.08433       0.016     5.56483     3.62373     3.79655     3.58236
       3400           0         0.7     1627.15     298.733     34.6331     3203.17     2585.54     5788.71     2433.31     2443.42    0.398975     -141.14     42.6895      2144.7     2343.72     2.86805     5.28238       0.016     5.56936     3.62737     3.40246     3.58882
       3300           0         0.7     1627.15      298.92     30.0074     3214.68     2610.11     5824.79     2433.08     2443.01    0.398693    -142.596     42.6895     2144.48     2343.34     2.86855     1.26163       0.016     5.57379     3.63103     3.40775     3.59511
       3200           0         0.7     1627.15     299.103     25.7096      3227.5     2634.51     5862.01     2432.85     2442.61    0.398416    -144.195     42.6895     2144.26     2342.97     2.86905    -2.59116       0.016     5.57812     3.63472     3.41275     3.20107
       3100           0         0.7     1627.15     299.281     22.7332     3238.79     2659.14     5897.93     2432.63     2442.22    0.398148    -145.868     42.6895     2144.05     2342.61     2.86953     -5.3454       0.016     5.58235     3.63841     3.41739      3.2054
       3000           0         0.7     1627.15     299.455     20.2243     3253.12        2684     5937.12     2432.41     2441.85    0.397893    -147.558     42.6895     2143.85     2342.26        2.87    -7.70202       0.016     5.58648     3.64212     3.42148     3.20854
       2900           0         0.7     1627.15     299.623     18.0449     3267.92     2708.12     5976.04     2432.21      2441.5    0.397652    -149.243     42.6895     2143.65     2341.92     2.87045       -9.78       0.016     5.59049     3.64581     3.42508     3.21104
       2800           0         0.7     1627.15     299.784     16.0982      3283.1      2732.6     6015.71     2432.02     2441.17    0.397425    -150.912     42.6895     2143.47      2341.6     2.87089    -11.6573       0.016     5.59438     3.64949     3.42834     3.21315
       2700           0         0.7     1627.15      299.94     14.1495      3291.3     2753.64     6044.95     2431.83     2440.86    0.397212    -152.559     42.6895      2143.3      2341.3     2.87132    -13.5062       0.016     5.59814     3.65313     3.43134     3.21502
       2600           0         0.7     1627.15      300.09      11.865     3292.27     2779.83      6072.1     2431.66     2440.56    0.397013    -154.203     42.6895     2143.14     2341.01     2.87172    -15.6359       0.016     5.60176     3.65674     3.43415     3.21671
       2500           0         0.7     1627.15     300.233     9.48064     3303.67     2802.17     6105.84      2431.5     2440.29    0.396826    -155.859     42.6895     2142.98     2340.74     2.87211    -17.8529       0.016     5.60525     3.66031     3.43681     3.21828
       2400           0         0.7     1627.15     300.372     7.06871     3317.04     2824.94     6141.98     2431.35     2440.03    0.396652    -157.532     42.6895     2142.84     2340.49     2.87249    -20.0993       0.016     5.60861     3.66385     3.43939     3.22004
       2300           0         0.7     1627.15     300.505     4.63147      3328.4     2848.29      6176.7      2431.2     2439.78    0.396488    -159.221     42.6895      2142.7     2340.24     2.87285    -22.3683       0.016     5.61185     3.66735     3.44202     3.22216
       2200           0         0.7     1627.15     300.633      2.3279     3333.22     2872.23     6205.45     2431.06     2439.54    0.396332    -160.927     42.6895     2142.57        2340     2.87321    -24.5507       0.016     5.61497     3.67082     3.44473     3.22453
       2100           0         0.7     1627.15     300.758    0.433195     3345.17     2896.18     6241.36     2430.93      2439.3    0.396183     -162.63     42.6895     2142.44     2339.77     2.87355    -26.3883       0.016     5.61798     3.67428     3.44752     3.22709
       2000           0         0.7     1627.15      300.88     -1.2937     3356.98     2920.16     6277.14     2430.79     2439.07    0.396041    -164.314     42.6896     2142.31     2339.55     2.87389    -28.0793       0.016     5.62091     3.67771     3.45038     3.22979
       1900           0         0.7     1627.15     300.999    -2.89298     3367.96     2943.63     6311.59     2430.67     2438.85    0.395905    -165.972     42.6896     2142.19     2339.32     2.87422    -29.6585       0.016     5.62376     3.68112     3.45329     3.23259
       1800           0         0.7     1627.15     301.115    -4.39337     3379.94     2967.08     6347.02     2430.54     2438.63    0.395773    -167.602     42.6896     2142.07     2339.11     2.87455     -31.149       0.016     5.62653     3.68452     3.45624     3.23547
       1700           0         0.7     1627.15     301.229     -5.9087     3393.23     2989.68     6382.91     2430.41     2438.41    0.395645    -169.201     42.6896     2141.95     2338.89     2.87487    -32.6328       0.016     5.62925      3.6879     3.45922     3.23841
       1600           0         0.7     1627.15     301.342    -7.61404     3403.73     3010.74     6414.47     2430.29      2438.2    0.395521    -170.781     42.6896     2141.83     2338.68     2.87518    -34.2731       0.016     5.63192     3.69126     3.46222     3.24139
       1500           0         0.7     1627.15     301.453    -9.37208      3413.8     3033.64     6447.45     2430.17     2437.99    0.395401     -172.35     42.6896     2141.71     2338.47      2.8755    -35.9571       0.016     5.63454     3.69461     3.46522     3.24441
       1400           0         0.7     1627.15     301.563     -11.169     3424.38     3058.26     6482.63     2430.05     2437.78    0.395283    -173.912     42.6896     2141.59     2338.27     2.87581    -37.6722       0.016     5.63713     3.69793     3.46824     3.24744
       1300           0         0.7     1627.15     301.671    -12.9894     3431.17     3082.19     6513.36     2429.93     2437.57    0.395168    -175.468     42.6896     2141.48     2338.06     2.87612    -39.4066       0.016     5.63968     3.70123     3.47125     3.25049
       1200           0         0.7     1627.15     301.778    -14.5431     3436.15     3105.46     6541.61     2429.81     2437.36    0.395056    -177.017     42.6896     2141.36     2337.86     2.87642    -40.9569       0.016      5.6422     3.70451     3.47427     3.25355
       1100           0         0.7     1627.15     301.885    -15.3432     3438.07     3128.13      6566.2     2429.69     2437.16    0.394945    -178.525     42.6896     2141.24     2337.66     2.87673    -41.8666       0.016     5.64469     3.70776     3.47727     3.25661
       1000           0         0.7     1627.15      301.99    -15.8173     3438.25     3150.36     6588.61     2429.58     2436.95    0.394837    -179.964     42.6896     2141.13     2337.46     2.87703    -42.4873       0.016     5.64715     3.71099     3.48027     3.25967
        900           0         0.7     1627.15     302.094    -15.9412      3438.5      3172.8      6611.3     2429.46     2436.75     0.39473    -181.322     42.6896     2141.02     2337.26     2.87733    -42.8083       0.016     5.64959     3.71418     3.48325     3.26273
        800           0         0.7     1627.15     302.197    -15.8016     3440.01     3191.68     6631.69     2429.35     2436.55    0.394626    -182.589     42.6896      2140.9     2337.06     2.87762     -42.889       0.016     5.65201     3.71734     3.48622     3.26577
        700           0         0.7     1627.15       302.3    -15.3492     3440.68     3209.91      6650.6     2429.23     2436.35    0.394522    -183.759     42.6896     2140.79     2336.86     2.87792    -42.7063       0.016      5.6544     3.72047     3.48918     3.26881
        600           0         0.7     1627.15     302.401    -14.4292     3449.91     3231.14     6681.05     2429.12     2436.15    0.394421    -184.817     42.6896     2140.68     2336.67     2.87821    -42.1119       0.016     5.65678     3.72356     3.49211     3.27183
        500           0         0.7     1627.15     302.502    -13.2275     3459.65        3253     6712.65     2429.01     2435.96     0.39432     -185.75     42.6896     2140.57     2336.48      2.8785    -41.2593       0.016     5.65914     3.72662     3.49503     3.27484
        400           0         0.7     1627.15     302.602    -11.7191     3481.82     3272.87     6754.69      2428.9     2435.76    0.394222    -186.555     42.6896     2140.46     2336.29     2.87879    -40.1338       0.016     5.66147     3.72964     3.49793     3.27783
        300           0         0.7     1627.15     302.701    -9.95935     3493.32     3297.84     6791.16     2428.79     2435.57    0.394124    -187.224     42.6896     2140.35      2336.1     2.87907    -38.7733       0.016     5.66379     3.73262      3.5008      3.2808
        200           0         0.7     1627.15     302.799    -7.72593     3511.64     3323.35        6835     2428.68     2435.37    0.394028    -187.755     42.6896     2140.25     2335.91     2.87936    -37.0305       0.016     5.66608     3.73556     3.50365     3.28376
        100           0         0.7     1627.15     302.896    -4.59051     3515.16     3344.79     6859.95     2428.57     2435.18    0.393934    -188.113     42.6896     2140.14     2335.72     2.87964    -34.5013       0.016     5.66836     3.73846     3.50648     3.28669
          0           0         0.7     1627.15     302.993   -0.968578     3524.62     3366.33     6890.95     2428.46     2434.99     0.39384    -188.274     42.6896     2140.03     2335.54     2.87992    -31.5285       0.016     5.67062     3.74132     3.50929      3.2896