     20000          0        1.6          0    179.437    415.631     17.399    14.2831     31.682    2343.43    2426.93   0.785391    51.8336    39.9574    2049.96     2345.7    2.72671    328.445      0.016    5.73044    4.59858    4.35318    4.39114
     19900          0        1.6          0    179.437     414.68    28.2793    29.7361    58.0154    2343.43    2426.93   0.785563    51.7019    39.9574    2049.96     2345.7    2.72686    327.608      0.016    5.73044    4.59858    4.35318    4.39114
     19800          0        1.6          0    179.437    414.027    44.2321    46.3592    90.5912    2343.43    2426.93   0.785735    51.5707    39.9574    2049.96     2345.7    2.72701    326.992      0.016    5.73044    4.59858    4.35318    4.39114
     19700          0        1.6          0    179.437    413.765    53.1471    60.5222    113.669    2343.43    2426.93   0.785907    51.4563    39.9574    2049.96     2345.7    2.72716     326.68      0.016    5.73044    4.59858    4.35318    4.39114
     19600  0.0414251        1.6  0.0414251    179.437    413.802    62.7691    72.5053    135.274    2343.45    2426.97   0.786079    51.3637    39.9574    2049.96     2345.7    2.72731    326.622      0.016    5.73044    4.59858    4.35318    4.39114
     19500          0        1.6    4.14251    179.414    411.953    64.8962    82.0416    146.938    2345.63    2430.44   0.786123    50.3299    39.9574    2050.33    2346.18    2.72688    325.307      0.016    5.73044    4.59858    4.35295    4.38964
     19400          0        1.6    4.14251    179.386    409.066    76.3702    94.1755    170.546    2345.23    2429.76   0.786209    50.4031    39.9574    2050.76    2346.74    2.72654    323.107      0.016     5.7304    4.59852    4.35206    4.38766
     19300          0        1.6    4.14251    179.373    406.433     86.237    106.353     192.59    2344.95    2429.28   0.786455    50.3079    39.9574    2050.78    2346.78    2.72663    321.002      0.016    5.73027    4.59836    4.35111    4.38654
     19200          0        1.6    4.14251    179.366    403.815    87.6224    118.567    206.189    2344.74    2428.91   0.786705    50.0803    39.9574    2050.72    2346.72    2.72679    318.924      0.016    5.73006    4.59809    4.35033    4.38589
     19100 0.00139489        1.6     4.1439    179.363    402.923     87.745    130.294    218.039    2344.56    2428.63   0.786936    49.7658    39.9574    2050.65    2346.64    2.72696    317.972      0.016    5.72978    4.59775    4.34975    4.38553
     19000          0        1.6      4.282    179.361    403.066    88.5107    142.833    231.344    2344.49    2428.51   0.787142    49.4277    39.9574     2050.6    2346.58    2.72712    317.892      0.016    5.72948    4.59738    4.34933    4.38529
     18900          0        1.6      4.282    179.359    401.394    90.3043    156.184    246.488    2344.36    2428.31   0.787335    49.1429    39.9574    2050.56    2346.53    2.72728    316.692      0.016    5.72916      4.597    4.34902    4.38515
     18800          0        1.6      4.282     179.36    398.715    99.8298    166.794    266.624    2344.25    2428.14   0.787523    48.7809    39.9574    2050.51    2346.48    2.72746    314.616      0.016    5.72884    4.59664    4.34879    4.38511
     18700          0        1.6      4.282     179.36    396.864    120.946    178.704     299.65    2344.17    2428.01   0.787703     48.332    39.9574    2050.47    2346.42    2.72763    313.008      0.016    5.72853     4.5963    4.34864    4.38514
     18600          0        1.6      4.282    179.361    395.415    155.341    193.243    348.584    2344.09     2427.9   0.787876     47.845    39.9574    2050.43    2346.38    2.72781    311.754      0.016    5.72823      4.596    4.34854     4.3852
     18500          0        1.6      4.282    179.363    394.023    197.259        202    399.259    2344.03    2427.81   0.788046    47.3361    39.9574     2050.4    2346.34    2.72798    310.556      0.016    5.72796    4.59573    4.34848    4.38529
     18400          0        1.6      4.282    179.364    392.693    205.916    210.306    416.222    2343.98    2427.73   0.788213    46.8087    39.9574    2050.37     2346.3    2.72815      309.4      0.016    5.72771    4.59549    4.34845    4.38538
     18300          0        1.6      4.282    179.365    389.585    209.771    218.961    428.732    2343.94    2427.67   0.788378    46.2372    39.9574    2050.35    2346.27    2.72832    307.061      0.016    5.72748     4.5953    4.34844    4.38548
     18200          0        1.6      4.282    179.367    385.379    234.692    227.614    462.306     2343.9    2427.62   0.788542    45.5389    39.9574    2050.33    2346.25    2.72848    303.779      0.016    5.72728    4.59513    4.34844    4.38558
     18100          0        1.6      4.282    179.368    381.795    283.656     235.74    519.396    2343.87    2427.57   0.788706    44.6992    39.9574    2050.31    2346.23    2.72865    300.794      0.016    5.72711    4.59499    4.34845    4.38568
     18000          0        1.6      4.282    179.369    378.445    328.072    244.424    572.496    2343.84    2427.54   0.788869    43.7608    39.9574     2050.3    2346.21    2.72881    298.011      0.016    5.72696    4.59487    4.34847    4.38577
     17900          0        1.6      4.282     179.37    377.488    365.124    254.524    619.648    2343.82     2427.5   0.789033    42.7767    39.9574    2050.29    2346.19    2.72898    296.812      0.016    5.72682    4.59478     4.3485    4.38586
     17800          0        1.6      4.282    179.371    378.006    400.258    265.483    665.741     2343.8    2427.48   0.789197    41.8652    39.9574    2050.28    2346.18    2.72914    296.854      0.016    5.72671    4.59471    4.34853    4.38594
     17700          0        1.6      4.282    179.372    376.104    434.945     275.83    710.775    2343.78    2427.45   0.789361    41.0266    39.9574    2050.27    2346.16     2.7293     295.42      0.016    5.72661    4.59465    4.34856    4.38602
     17600          0        1.6      4.282    179.373    372.883    458.742    290.182    748.924    2343.77    2427.43   0.789525    40.1355    39.9574    2050.26    2346.15    2.72946    292.841      0.016    5.72653     4.5946    4.34859    4.38609
     17500   0.204272        1.6    4.48627    179.374    372.957    466.505    304.193    770.698    2343.88    2427.61    0.78969    39.1546    39.9574    2050.25    2346.14    2.72961    292.362      0.016    5.72646    4.59457    4.34862    4.38616
     17400   0.328029        1.6    25.0373    181.979    404.928    495.923    313.996    809.919    2349.37    2445.65   0.817161     32.605    39.0482    2090.65     2391.5    2.64033    339.865      0.016    5.71707    4.58782    4.34677    4.38106
     17300    0.29689        1.6    57.8091    182.581    414.433    525.716    324.139    849.854    2361.27    2472.09    0.84846    25.7229    38.2531    2100.72     2402.9    2.61599    347.973      0.016    5.71371    4.57936    4.33095    4.34927
     17200   0.338559        1.6    87.5397    182.713    420.011    562.796    338.511    901.307    2370.17    2492.28    0.87701    21.3758    37.5586    2107.12    2410.52    2.60034    352.426      0.016    5.71634    4.56919    4.30219    4.29817
     17100   0.485882        1.6    121.543    182.771    423.272    618.918    354.369    973.288    2380.61    2513.81   0.902352    17.1453    36.9519    2113.08     2417.7    2.58628    354.911      0.016    5.72214    4.55431     4.2624    4.23457
     17000   0.403603        1.6    170.049    182.827    424.757    670.936    373.642    1044.58    2397.85    2545.24   0.924622    10.6048     36.422    2119.14    2425.01     2.5715     355.89      0.016     5.7283    4.53357    4.21248    4.55959
     16900   0.302851        1.6    210.309    182.936    420.273    714.679    394.331    1109.01    2408.53    2565.29   0.944115    7.24118    35.9588    2125.55    2432.68    2.55653    352.368      0.016    5.73261    4.50682    4.55249     4.4747
     16800   0.285093        1.6    240.576     183.18    411.862     757.21    416.341    1173.55    2412.97    2574.68   0.961184    6.40426    35.5537    2131.86    2440.04    2.54345    345.332      0.016    5.73351    4.47368    4.48434    4.79085
     16700   0.286992        1.6    269.087    183.571    402.238    800.718     440.66    1241.38    2416.52    2582.21   0.976004    5.51235     35.199    2137.72    2446.63     2.5323    337.111      0.016    5.73005    4.43407    4.41418    4.71107
     16600   0.354831        1.6    297.854     184.08    391.457    841.145     469.73    1310.88    2420.26     2589.7   0.988724    4.03645    34.8882    2143.09    2452.47    2.52225    327.969      0.016    5.72195    4.79139    4.74507    4.63323
     16500   0.451711        1.6    333.434     184.66    391.717    885.703    493.424    1379.13    2427.61    2602.67   0.999517   0.761852    34.6155    2148.14    2457.82    2.51243      326.7      0.016     5.7094    4.74361    4.67265    4.95781
     16400   0.545833        1.6    378.699    185.251     399.22    944.233     522.14    1466.37    2439.51     2622.6    1.00856   -3.97209     34.376     2153.2    2463.15    2.50183    332.136      0.016    5.69277    4.69119    4.60254    4.87665
     16300   0.611965        1.6    433.349    185.809    403.372     1011.9    548.848    1560.75    2455.16    2648.12     1.0161   -9.51124    34.1655    2158.57    2468.91    2.48999    335.765      0.016    5.67271     4.6354    4.92868    5.18947
     16200   0.549406        1.6    494.483    186.314    405.786    1083.77    581.979    1665.75    2472.51    2675.95    1.02233   -15.1576    33.9801    2164.44    2475.36    2.47699    337.583      0.016    5.64944    4.97936    4.84839    5.09489
     16100   0.440098        1.6    549.314    186.804    395.904    1150.53    618.912    1769.45    2484.54    2694.88    1.02752    -18.402    33.8167    2170.74    2482.36    2.46395    330.377      0.016    5.62309    4.91963    5.16743    5.79708
     16000   0.413435        1.6    593.297    187.347    377.845    1205.62    655.269    1860.89    2489.76    2702.66    1.03183   -19.4848    33.6725    2177.02    2489.24     2.4524    315.677      0.016    5.59386    4.85671    5.08168    5.70264
     15900   0.406027        1.6    634.633    187.963    368.308    1254.62    691.159    1945.78    2493.61    2708.19    1.03535   -20.8227    33.5449    2182.87    2495.51    2.44247    306.439      0.016      5.562    5.19291     5.7992    5.61395
     15800   0.439116        1.6    675.269    188.635    363.866    1305.74    724.884    2030.63    2497.19    2713.28    1.03807   -22.3769     33.432    2188.25    2501.12    2.43343    302.126      0.016      5.528    5.12726    5.71675    5.53145
     15700   0.449488        1.6    719.191    189.337    360.705    1356.75    759.057    2115.81    2502.58    2721.29    1.04001   -24.7472    33.3317    2193.28    2506.28    2.42464    299.118      0.016    5.49242    5.05999    5.63705    5.45284
     15600   0.450799        1.6    764.141    190.045    358.663    1408.45    791.772    2200.22    2508.23    2729.68    1.04125   -27.2146    33.2426    2198.15    2511.22    2.41575     297.02      0.016    5.45568    5.79328    5.55934    6.17999
     15500   0.441857        1.6    809.212    190.757     355.85    1459.36    824.545    2283.91     2513.6    2737.58    1.04186   -29.5272    33.1631    2202.94    2516.07    2.40689    294.512      0.016    5.41811    5.72477    5.48536    6.10759
     15400   0.496982        1.6    853.453    191.474     352.67    1514.39    857.076    2371.47    2518.24    2744.27    1.04193   -31.5546    33.0921    2207.65     2520.8    2.39818    291.634      0.016     6.1781    5.65593    5.41586     6.0367
     15300   0.578202        1.6    903.232    192.178    351.158    1576.87    892.214    2469.09     2525.7    2755.46    1.04154   -34.6407    33.0283     2212.3    2525.48     2.3893    289.964      0.016    6.13511    5.58774    6.15083    5.96861
     15200   0.639423        1.6    961.114    192.834     350.69    1639.67    927.454    2567.12    2536.91    2772.53    1.04071   -38.9704    32.9709    2217.07    2530.38    2.37953    289.256      0.016    6.09116    5.52088    6.08259    5.89955
     15100   0.758039        1.6    1025.17    193.417    356.811    1711.13     962.81    2673.94    2550.29    2792.93    1.03948   -43.7079     32.919     2222.2    2535.82    2.36863    293.427      0.016    6.04726    5.45531    6.01209    5.82524
     15000   0.862455        1.6    1101.08    193.896      367.4    1796.48    998.217     2794.7    2568.68    2821.15    1.03791   -49.5044    32.8718    2227.86    2542.05    2.35634    301.682      0.016    6.00342    6.19264    5.93932     6.5433
     14900   0.946226        1.6    1187.41    194.244    375.281    1892.22    1032.62    2924.84    2590.61    2854.78    1.03604   -55.6377    32.8288    2234.27    2549.36    2.34231    308.349      0.016    5.95944     6.1287    5.86316    6.44982
     14800   0.907939        1.6       1282    194.458     381.72    1998.88    1067.44    3066.32    2614.54    2891.29    1.03392   -61.6683    32.7892    2241.52    2557.88    2.32675    313.528      0.016    5.91473    6.06332    6.58426    6.34853
     14700   0.165072        1.6    1372.05    194.527    371.497    2097.38    1101.91    3199.28    2633.35    2919.36     1.0317   -65.4407    32.7525    2249.43     2567.4    2.31113    306.443      0.016    5.86938    5.99682    6.49738    6.24532
     14600   0.166713        1.6    1388.56    186.701    299.235    2151.58    1151.05    3302.62    2607.86    2868.38   0.975859   -55.0649    33.7363    2279.54    2615.73    2.42825    220.135      0.016      6.501     6.1237    6.57487    6.21514
     14500   0.125569        1.6    1405.19    184.415    271.244    2188.27    1205.98    3394.25    2588.04     2828.4   0.947705   -51.7796    34.6823    2264.48    2600.77    2.45087    193.927      0.016      6.501    5.49014    5.86272    6.25637
     14400  0.0894375        1.6    1417.71    184.374    254.045    2216.72    1262.96    3479.68    2570.12    2792.45   0.918856   -50.7356    35.5885    2250.89    2584.21    2.46468     178.84      0.016      6.501    5.57078    5.89282    6.32729
     14300  0.0820376        1.6    1426.64    185.097    239.243    2241.68    1317.01    3558.69    2553.87    2759.83   0.888569   -50.5559    36.4418    2238.55    2568.05    2.47798     167.04      0.016      6.501    5.58021    5.89371    6.40716
     14200  0.0740253        1.6    1434.84    186.065    226.657    2259.48     1369.5    3628.98    2540.31    2732.09   0.857583   -51.1953    37.2291    2227.42    2553.02    2.49048    157.188      0.016      6.501    5.54567    5.88716    6.48564
     14100   0.093635        1.6    1442.26    187.107    220.026    2276.63    1420.73    3697.36    2528.76    2708.13   0.826799   -52.1571    37.9427    2217.57    2539.48    2.50178    151.624      0.016      6.501    5.49144    5.88375    6.55996
     14000  0.0188318        1.6    1451.55    188.156    217.019    2284.55    1469.55     3754.1    2520.16    2689.43   0.796945   -53.5579    38.5803    2209.12    2527.67    2.51164    149.114      0.016      6.501    5.43323    5.88687    5.82374
     13900          0        1.6    1453.41    189.235    211.877    2287.11    1520.89       3808    2508.99    2667.14   0.768837   -53.3518    39.1438    2201.34    2516.66    2.52117    145.567      0.016      6.501    6.18884    5.89418    5.87286
     13800  0.0455438        1.6    1453.46    190.367    205.859    2298.27    1569.04    3867.31    2498.68    2646.79   0.742856   -53.1228    39.6376    2193.63     2505.7    2.53084    141.214      0.016      6.501    6.15472     5.9081    5.92642
     13700          0        1.6    1457.97    191.504    201.449    2303.14    1618.88    3922.03    2492.29    2633.21   0.718736   -54.1397    40.0676    2186.91    2495.96    2.53956    137.846      0.016      6.501    6.12743    5.92961    5.98193
     13600  0.0387315        1.6    1458.01     192.65    197.959    2305.43    1667.44    3972.87    2484.31    2617.48   0.696581   -54.2775    40.4403    2181.01    2487.23    2.54783    135.265      0.016      6.501    6.10856    5.95761    6.03949
     13500  0.0655104        1.6    1461.91    193.796    201.527    2307.72    1709.47    4017.19    2479.48    2607.16   0.676362   -55.2785    40.7621     2175.7    2479.25    2.55558    137.466      0.016      6.501    6.09841    5.99139    6.09875
     13400 0.00593999        1.6     1468.4    194.914    209.234    2311.86     1753.6    4065.46    2476.49    2600.06   0.657825   -56.3433    41.0391    2171.54    2472.71    2.56226    143.206      0.016      6.501    6.09664    6.02954    6.15773
     13300   0.255157        1.6    1469.24    196.043    205.916    2315.04    1794.42    4109.45    2470.68    2588.69   0.641132   -55.8318     41.277    2167.62    2466.49     2.5691    141.941      0.016      6.501    6.10252      6.071    5.41435
     13200   0.285656        1.6    1494.79    199.352     227.76    2336.45    1834.98    4171.43    2472.98    2601.93   0.674237   -60.5423    40.2965    2195.76    2495.87    2.47227    178.517      0.016      6.501    6.08249    6.09812    5.42252
     13100   0.337197        1.6    1523.41    201.298    234.468    2363.97    1869.55    4233.51    2476.72    2616.02   0.706914   -63.8504    39.3976    2204.48    2503.91    2.44462    184.986      0.016      6.501    6.06907    6.11465    5.41682
     13000   0.256255        1.6    1557.04    202.756    240.149    2383.24    1905.28    4288.52    2482.76    2632.47   0.736411   -66.9804    38.5929    2210.17    2508.92    2.42751    190.574      0.016      6.501    6.04718     6.1115    5.40269
     12900   0.407246        1.6    1582.82    203.857    246.271     2417.5    1940.13    4357.62    2483.85    2639.84   0.762558   -67.5347    37.8817    2215.01    2513.37    2.41382    196.165      0.016      6.501    6.01822    6.09547      6.181
     12800   0.444285        1.6    1623.58    204.593    252.355    2459.71    1976.41    4436.13    2493.22    2659.51   0.785637   -70.6805    37.2566    2219.27    2517.58    2.40198     201.66      0.016      6.501    5.98629    6.07142    6.14552
     12700   0.353576        1.6    1667.92    205.145    253.941    2495.93    2013.87     4509.8     2503.3    2679.44   0.805981    -73.685     36.708    2223.67    2522.19    2.38948    203.653      0.016    6.53204    5.95361    6.03946    6.09636
     12600   0.163077        1.6    1703.09     205.76    252.493    2512.63    2053.26    4565.89    2507.28    2688.83   0.823801   -74.3259     36.226    2228.37    2527.09    2.37684    202.787      0.016    6.61732    5.91919    5.99933    6.04088
     12500   0.186568        1.6    1719.42    206.493    251.861    2531.36    2093.76    4625.12    2501.01     2681.3   0.839413   -71.3398    35.8017    2232.82    2531.54    2.36666    202.271      0.016    6.68527     5.8837    5.95533    5.98962
     12400   0.148491        1.6    1738.04    207.336     251.48    2547.61    2132.52    4680.13    2497.45    2677.81   0.852994   -69.6451    35.4274    2236.54    2534.98    2.35859    202.102      0.016    6.73842    5.84892    5.91242    5.94457
     12300   0.246947        1.6    1752.98    208.256     249.78    2574.46    2171.05    4745.51    2492.64    2672.14   0.864671   -67.8155    35.0963    2239.69    2537.64    2.35143    200.933      0.016    6.77922    5.81528    5.87215    5.90403
     12200   0.407582        1.6    1777.84    209.201    247.006    2615.32    2211.15    4826.47    2494.09    2676.29   0.874629   -68.6639    34.8029    2242.47    2539.81     2.3443    198.767      0.016    6.20912    6.58135    5.83541    5.86471
     12100   0.506256        1.6     1818.7    210.083    245.694    2664.71    2253.51    4918.23    2504.02    2693.72   0.883034   -72.8375    34.5423    2245.38    2542.23    2.33559    197.497      0.016    6.22956    6.54675    5.80257    5.82051
     12000   0.603444        1.6    1869.42    210.856    245.166    2722.35    2292.75    5015.11     2517.9       2717   0.890106   -78.2933    34.3104    2248.93    2545.56    2.32491    196.911      0.016    6.24334    6.51286    6.56506    6.57234
     11900   0.656036        1.6    1929.82     211.51    245.481    2784.25     2335.8    5120.04    2535.22    2745.29   0.896074   -84.6413    34.1037    2253.31    2550.03    2.31262    196.915      0.016    6.25082    6.47941    6.52183    6.51225
     11800   0.792257        1.6    1995.56    212.052    246.391    2851.53    2378.79    5230.32    2553.33    2774.32   0.901128   -90.7843    33.9194    2258.54    2555.67    2.29914    197.391      0.016    6.25166    6.44561     6.4716    6.44154
     11700   0.347463        1.6    2074.34    212.463    255.269    2931.05     2422.9    5353.96    2576.42    2810.83   0.905377   -98.0275    33.7547    2264.59    2562.46    2.28436    203.798      0.016    6.24676     6.4105    6.41392    6.36014
     11600   0.266318        1.6       2109    201.121    227.789    2989.73    2479.15    5468.87    2572.78    2795.53   0.864279   -94.7897    34.6333     2270.1    2583.82    2.42512    156.783      0.016      6.501    6.56498     6.5095    6.33365
     11500    0.16243        1.6    2135.53    197.507    208.212     3038.5    2547.41    5585.91    2566.05    2777.05   0.838016   -93.5358    35.4829    2261.08     2577.8    2.44166     139.93      0.016      6.501    5.95594    5.82063    6.37033
     11400   0.165459        1.6    2151.78     197.03    182.579    3074.13    2618.33    5692.45    2555.68    2753.59   0.811592   -92.6966    36.2999    2252.84    2568.47    2.44943    119.489      0.016      6.501    6.07584     5.8579    6.43585
     11300   0.166248        1.6    2168.32    197.627    170.496    3102.52    2686.18     5788.7    2547.84    2734.72   0.784012   -93.6831    37.0709    2244.88    2558.02    2.45817    108.488      0.016      6.501    6.12587    5.86616    6.50642
     11200   0.104167        1.6    2184.89    198.554    165.708    3125.59    2752.48    5878.06    2541.69       2719   0.755711    -95.163    37.7829    2237.85    2548.27    2.46674    104.164      0.016      6.501    6.12924    5.86478    6.57244
     11100          0        1.6     2195.2    199.606    157.214    3127.61    2817.77    5945.37    2533.46     2700.4   0.727799   -95.5526    38.4281    2231.17    2538.78    2.47535    98.0222      0.016      6.501    6.10817    5.86349    5.82559
     11000          0        1.6     2195.2    200.767    147.247    3134.96     2881.8    6016.76    2521.31     2676.1   0.701295   -94.4714    39.0042     2223.7    2528.22    2.48504    90.5318      0.016      6.501    6.07787    5.86455    5.86983
     10900          0        1.6     2195.2    201.998    141.698    3136.79     2947.4    6084.19    2511.29    2655.83   0.676375   -94.1696    39.5127    2215.83    2517.11    2.49505    85.9735      0.016      6.501    6.04736    5.87257    5.91922
     10800  0.0670466        1.6    2195.27    203.251    138.534    3150.23     3009.7    6159.94    2502.87    2638.67   0.652954   -94.2772    39.9577    2208.62     2506.8    2.50442    83.4873      0.016      6.501    6.02164    5.88884    5.97189
     10700  0.0506859        1.6    2201.95    204.474    134.267    3161.85    3071.46     6233.3    2499.16    2629.51   0.630998   -95.8837    40.3448     2202.8    2498.24    2.51227    80.3611      0.016      6.501    6.00313    5.91239    6.02507
     10600  0.0316348        1.6       2207     205.67    129.548    3168.97    3132.69    6301.66    2494.89    2619.78   0.610686   -97.1314    40.6796    2198.24    2491.25    2.51908     76.753      0.016      6.501    5.99262    5.94132    6.07814
     10500  0.0367399        1.6    2210.17    206.874    126.722    3175.74    3193.31    6369.05    2490.08    2609.52    0.59224   -98.0662    40.9683    2193.97    2484.62    2.52579    74.4098      0.016      6.501    5.98996    5.97473    6.13279
     10400  0.0360633        1.6    2213.85    208.088    124.954     3181.8    3251.42    6433.22    2486.09    2600.85   0.575521   -99.1422    41.2164    2189.94     2478.3    2.53234    72.9837      0.016      6.501     5.9946    6.01224    6.18923
     10300  0.0830733        1.6     2217.5    209.304    123.803    3194.41    3307.02    6501.43    2482.48    2593.05   0.560363   -100.188    41.4292    2186.28    2472.44    2.53861     72.057      0.016      6.501    6.00584    6.05174    5.43076
     10200  0.0676524        1.6    2225.79    210.493    122.466       3206    3362.23    6568.23    2481.69    2589.98   0.546578   -102.067    41.6113    2183.37    2467.52    2.54408    71.0768      0.016      6.501    6.02284    6.08937    5.46688
     10100          0        1.6    2232.49    211.654    120.022    3210.79    3414.27    6625.06    2479.88    2585.43   0.534093   -103.439    41.7671     2181.1    2463.43    2.54908    69.2122      0.016      6.501    6.04464     6.1273    5.50575
     10000          0        1.6    2232.49    212.846    117.321     3212.4    3465.43    6677.83    2474.57    2575.45   0.523003   -103.507    41.9003    2178.31    2458.69    2.55488    67.1635      0.016      6.501    6.07046    6.16701    5.54911
      9900  0.0693554        1.6    2232.56    214.074    114.483    3224.75    3515.65     6740.4    2469.99    2566.84   0.513059   -103.885     42.014    2174.91     2453.2    2.56127    65.0142      0.016      6.501    6.09979    5.40821    5.59719
      9800  0.0587298        1.6    2239.48    215.271    111.409    3235.79    3564.12    6799.92    2469.53    2564.98   0.503814   -105.797    42.1111    2172.23    2448.63     2.5667    62.6371      0.016      6.501    6.13212    5.43635    5.64396
      9700   0.109706        1.6    2245.41    216.416    108.188    3253.72     3610.9    6864.61    2468.27     2561.9    0.49526   -107.401    42.1939    2170.41    2445.16    2.57137    60.0998      0.016      6.501     6.1666    5.46954     5.6873
      9600   0.111498        1.6    2256.38    217.511    104.795    3271.93    3656.02    6927.95    2469.66    2563.09   0.487393   -109.936    42.2647    2169.18    2442.46     2.5753    57.3827      0.016      6.501     5.4027    5.50664    5.72875
      9500  0.0821737        1.6     2267.5    218.561    101.282     3285.4    3699.53    6984.93    2470.61    2563.57   0.480168    -112.27    42.3252    2168.56    2440.55    2.57863    54.5288      0.016      6.501     5.4259    5.54487    5.76858
      9400          0        1.6    2275.63    219.594     98.626    3289.04    3745.14    7034.18    2469.59    2560.92    0.47367   -113.868    42.3768    2167.74    2438.43    2.58225    52.2616      0.016      6.501     5.4484    5.58303    5.00775
      9300          0        1.6    2275.63    220.673    96.5827    3292.02    3788.26    7080.28    2464.24    2551.46   0.467945   -113.907     42.421     2165.8    2434.94    2.58718    50.5586      0.016      6.501    5.47531    5.62003    5.03902
      9200          0        1.6    2275.63    221.798     94.879    3293.97    3830.16    7124.14    2459.67    2543.39   0.462749   -114.262    42.4588    2162.93    2430.29    2.59289     49.166      0.016      6.501    5.50536    5.65719    5.07608
      9100  0.0360747        1.6    2275.67     222.94    93.3801    3300.09    3869.22    7169.32    2455.64    2536.33   0.457799   -114.839    42.4911    2160.03    2425.61    2.59855    47.9497      0.016      6.501    5.53787    5.69649    5.11765
      9000  0.0529803        1.6     2279.3    224.066     91.981    3308.33    3904.46    7212.79    2453.92    2533.05   0.452979   -116.238    42.5188     2157.6    2421.52    2.60359    46.8045      0.016      6.501    5.57249    5.73804    5.16113
      8900          0        1.6    2284.54    225.162    90.6657    3310.84    3939.95    7250.78    2453.05    2531.12   0.448288   -117.877    42.5426    2155.86     2418.3    2.60791    45.7081      0.016      6.501      5.609    5.78095    4.80432
      8800  0.0606625        1.6     2284.6    226.272    89.5109    3319.87     3974.2    7294.07     2449.3    2524.61   0.443922    -118.41    42.5629    2153.98     2414.9    2.61261    44.7594      0.016      6.501    5.64711    5.01912    4.83702
      8700   0.246753        1.6    2290.85    227.364    88.3906    3336.37    4007.24    7343.61    2449.31    2524.16   0.439759   -120.241    42.5804     2152.2    2411.66    2.61694    43.8351      0.016      6.501    5.68627    5.04928    4.86921
      8600   0.241768        1.6    2315.52    228.293    87.0403    3357.75    4039.49    7397.24    2458.84    2538.85   0.435426   -125.327    42.5954    2152.83    2411.44    2.61821     42.631      0.016      6.501      5.726    5.08142    4.89488
      8500   0.237288        1.6     2339.7    229.072     85.616    3372.46    4071.12    7443.59    2466.18    2549.79   0.431256   -129.335    42.6083    2155.52    2413.84    2.61761    41.2967      0.016      6.501    5.76593    5.11126    4.91301
      8400   0.236459        1.6    2363.42    229.787    84.6983    3390.19    4102.63    7492.83    2471.98    2558.08    0.42763   -132.559    42.6195     2158.2    2416.29    2.61706    40.3173      0.016      6.501    5.00493     5.1378    4.92756
      8300  0.0447994        1.6    2386.88    230.469    84.1221    3396.06    4130.47    7526.52    2476.62    2564.44   0.424476   -135.202     42.629    2160.49    2418.31     2.6168    39.6417      0.016      6.501    5.03238    5.16144     4.9404
      8200   0.205904        1.6    2391.52     231.24     84.072    3406.19     4158.1    7564.29    2470.48    2553.59   0.421968   -134.004    42.6372    2160.62    2417.69    2.61922    39.4867      0.016      6.501    5.05825    5.18368    4.95894
      8100  0.0556077        1.6    2411.96    232.023    84.1603    3413.01    4185.53    7598.54    2473.88    2558.19   0.419543   -136.193    42.6443    2159.89    2416.03    2.62161    39.4705      0.016      6.501    5.08504    4.80653    4.98036
      8000   0.199808        1.6    2417.66    232.828    84.5613    3427.71    4212.42    7640.14    2468.65    2549.06   0.417149    -135.33    42.6505    2159.12    2414.32    2.62449    39.7439      0.016      6.501    5.11223    4.82432    4.60336
      7900  0.0476253        1.6    2437.49    233.608    85.0859    3433.08    4238.82     7671.9    2471.84    2553.52   0.414713     -137.4    42.6557    2158.26    2412.53    2.62681    40.1165      0.016      6.501    5.13941    4.84087    4.61698
      7800   0.187333        1.6    2442.39      234.4    85.9244    3440.71    4264.12    7704.83    2466.37    2544.16   0.412372    -136.35    42.6603    2157.39    2410.71    2.62967      40.78      0.016      6.501    5.16641    4.85799    4.62901
      7700   0.187189        1.6    2461.13    235.171    86.8257    3450.47    4289.35    7739.82    2469.23    2548.23   0.410016    -138.17    42.6642     2156.4    2408.78    2.63202       41.5      0.016      6.501    5.19326    4.87682     4.6439
      7600   0.179843        1.6    2479.84    235.863    87.8147    3457.91    4313.58    7771.49    2471.39    2551.14   0.407513   -139.603    42.6676    2156.78    2408.55    2.63301    42.2642      0.016      6.501    4.81542    4.89595    4.65745
      7500   0.017177        1.6    2497.66    236.516    88.9389    3459.79    4336.89    7796.68    2472.63    2552.54   0.405143   -140.566    42.6706    2157.29    2408.52    2.63391    43.1468      0.016      6.501    4.82995    4.91453    4.67095
      7400          0        1.6    2499.36    237.247    89.3062    3461.19    4359.19    7820.39    2465.05    2539.87   0.403155   -138.397    42.6731    2156.16    2406.47    2.63694    43.6048      0.016    6.50315    4.84591    4.93337    4.69035
      7300          0        1.6    2499.36     238.09    89.2717    3463.86    4382.38    7846.24    2457.91     2528.1   0.401339   -136.497    42.6753    2153.03    2401.96    2.64175    43.7696      0.016     6.5243    4.86389    4.95538    4.71815
      7200          0        1.6    2499.36     238.99    88.9856    3470.08    4406.39    7876.47    2451.83    2518.21    0.39932   -135.109    42.6772    2149.57    2397.01    2.64674    43.7481      0.016    6.54644    4.88364    4.98147    4.75151
      7100          0        1.6    2499.36    239.917     88.507    3476.87    4428.77    7905.65    2446.57    2509.75   0.397068   -134.104    42.6788     2146.3    2392.28    2.65153      43.57      0.016    6.56999    4.90515     4.6099    4.78847
      7000 0.00185306        1.6    2499.36    240.856    87.8749    3477.85    4445.52    7923.37    2441.97    2502.41   0.394646    -133.39    42.6803    2143.32    2387.87    2.65608    43.2596      0.016    6.59494    4.92838    4.63291    4.42006
      6900 0.00182845        1.6    2499.55    241.791    87.1288    3478.92    4461.83    7940.75    2438.05    2496.19   0.392145    -132.93    42.6815    2140.65    2383.85    2.66035    42.8435      0.016    6.62102    4.95296    4.65632    4.44504
      6800  0.0156014        1.6    2499.75    242.718    86.2894    3481.87    4482.01    7963.87    2434.59    2490.72   0.389613   -132.635    42.6826    2138.26    2380.18    2.66437    42.3388      0.016    6.64794    4.97876    4.68254    4.47296
      6700    0.13317        1.6    2501.42    243.631    85.3644     3485.3    4500.48    7985.78    2432.31    2487.13    0.38706   -132.747    42.6835    2136.23    2376.94      2.668    41.7455      0.016    6.67548    4.60516    4.71087    4.50264
      6600   0.107444        1.6    2514.71    244.449    84.2256    3487.88    4515.43     8003.3    2436.39    2493.61   0.384358   -135.062    42.6843    2135.62    2375.47    2.66983    40.9159      0.016     6.7033    4.62281    4.73988     4.5293
      6500   0.114961        1.6    2525.47    245.173    82.9953    3493.12    4531.36    8024.48    2438.16    2496.24   0.381737   -136.424     42.685    2136.18    2375.48    2.67072    39.9651      0.016    6.73037     4.6387    4.76714     4.5522
      6400   0.110716        1.6    2536.96    245.853     82.049    3498.72     4546.7    8045.42    2439.94    2498.75   0.379384    -137.69    42.6856    2136.68    2375.45    2.67166    39.2016      0.016    6.75607    4.65794    4.79247    4.57342
      6300   0.118966        1.6    2548.04    246.507    81.2734    3503.31    4563.14    8066.46     2441.1    2500.21    0.37724   -138.665    42.6861     2137.1    2375.35    2.67265    38.5837      0.016    6.78036    4.67919     4.4134    4.59339
      6200   0.120711        1.6    2559.94    247.137    80.5985    3506.91    4579.81    8086.71    2442.44     2501.9   0.375254   -139.646    42.6866    2137.45    2375.19    2.67362     38.044      0.016    6.20307    4.70139      4.428    4.20859
      6100   0.122657        1.6    2572.01    247.738    80.0188    3511.53    4596.72    8108.25    2443.58    2503.27   0.373407   -140.509     42.687     2137.8    2375.07    2.67453    37.5789      0.016    6.22286    4.72371    4.44087    4.21594
      6000   0.124777        1.6    2584.28    248.312     79.508    3517.62    4613.91    8131.53     2444.6    2504.44   0.371695   -141.281    42.6873    2138.12    2374.94    2.67541     37.169      0.016    6.24123    4.74571    4.45341    4.22092
      5900   0.107256        1.6    2596.74    248.864     79.053    3521.63    4628.74    8150.38    2445.52    2505.45   0.370089   -141.983    42.6876    2138.41    2374.79    2.67624    36.8041      0.016    6.25846    4.76715    4.46548    4.22703
      5800   0.116556        1.6    2607.47    249.408    78.6716    3523.99    4644.84    8168.83    2445.35    2504.72   0.368591   -142.276    42.6879    2138.49     2374.4    2.67728    36.5067      0.016    6.27472    4.78793    4.47762    4.23501
      5700   0.115565        1.6    2619.13    249.945    78.3326    3531.27    4660.79    8192.06    2445.67    2504.81   0.367145   -142.741    42.6881    2138.41    2373.83    2.67837    36.2484      0.016    6.29025    4.40679    4.49022     4.2445
      5600   0.113598        1.6    2630.68    250.466    78.0293    3540.16    4676.48    8216.64    2445.84    2504.68   0.365716   -143.144    42.6883    2138.35    2373.29     2.6794    36.0194      0.016     6.3052    4.41831    4.50315    4.25492
      5500   0.111763        1.6    2642.04    250.969    77.7639    3541.31    4691.91    8233.21    2445.84    2504.29   0.364314   -143.479    42.6885    2138.23    2372.72    2.68042    35.8226      0.016    6.31953    4.42654    4.51615    4.26616
      5400   0.108346        1.6    2653.21    251.456    76.7689    3541.92    4706.87    8248.79     2445.7     2503.7   0.362936   -143.774    42.6886    2138.06    2372.09    2.68144    35.0988      0.016    6.33325    4.43476    4.52916    4.27809
      5300   0.104964        1.6    2664.04    251.931    75.3437    3548.74    4721.39    8270.14    2445.36    2502.81   0.361576   -144.048    42.6887    2137.81    2371.38    2.68248    33.9887      0.016    6.34645    4.44481    4.54228    4.29067
      5200    0.12631        1.6    2674.56    252.402    73.6829    3554.36    4738.79    8293.15    2444.88     2501.7    0.36023   -144.336    42.6888    2137.48    2370.59    2.68356     32.673      0.016    6.35925    4.45606    4.55564     4.3039
      5100   0.118553        1.6    2687.18    252.856     71.837    3561.61    4755.14    8316.75    2445.55    2502.47   0.358857   -145.093    42.6889    2137.32    2370.01    2.68436     31.186      0.016    6.37176    4.46813    4.56919     4.3169
      5000   0.110788        1.6    2699.03    253.296    69.8462       3575    4770.44    8345.44    2445.64    2502.28    0.35749   -145.696     42.689    2137.31    2369.62    2.68502    29.5629      0.016    6.38395    4.48073     4.5826    4.32955
      4900   0.117813        1.6    2710.12    253.737    67.7822    3589.68     4786.7    8376.39    2445.28    2501.38   0.356169     -146.2    42.6891    2137.17    2369.07    2.68584    27.8678      0.016    6.39583    4.49365    4.59595    4.34253
      4800     0.1201        1.6     2721.9    254.177    65.6309    3600.03    4803.28    8403.31    2445.32    2501.14   0.354857    -146.91    42.6891    2136.98    2368.47    2.68664    26.0903      0.016     6.4075    4.50674    4.20804    4.35562
      4700   0.122476        1.6    2733.91    254.606    63.4098    3604.32    4820.17    8424.49    2445.44    2501.01   0.353544   -147.704    42.6892    2136.87    2367.97    2.68733    24.2383      0.016    6.41897    4.51986    4.21782    4.36793
      4600   0.106797        1.6    2746.15    255.024     61.152     3617.3    4834.94    8452.25    2445.62    2500.99   0.352242    -148.57    42.6892    2136.82    2367.56    2.68795    22.3421      0.016    6.43019    4.53283     4.2267     4.3792
      4500  0.0984182        1.6    2756.82    255.442    58.8635    3631.94     4848.6    8480.54    2444.91    2499.55   0.350981    -149.18    42.6893    2136.66    2367.01    2.68873    20.4139      0.016    6.44113    4.54558    4.23522    4.39018
      4400   0.109973        1.6    2766.67    255.868    56.9424    3647.12    4863.83    8510.95    2443.87    2497.62   0.349757   -149.735    42.6893    2136.24    2366.16    2.68974    18.7491      0.016    6.45186    4.55808    4.24382    4.00146
      4300   0.109807        1.6    2777.67    256.292    55.2025    3659.83    4879.04    8538.87     2443.6    2496.94   0.348518   -150.593    42.6894    2135.83    2365.32    2.69066    17.2414      0.016    6.46252    4.57038    4.25284     4.0091
      4200   0.111928        1.6    2788.65    256.705    53.5585    3676.92    4894.54    8571.46    2443.33    2496.28   0.347275   -151.465    42.6894    2135.56    2364.65    2.69144    15.8047      0.016    6.47311    4.58252    4.26166    4.01408
      4100   0.105267        1.6    2799.84    257.108    51.9921    3697.96    4909.13    8607.09     2443.2    2495.85   0.346054   -152.387    42.6894    2135.36    2364.08    2.69213    14.4275      0.016    6.48356    4.59452    4.26984    4.01799
      4000   0.114144        1.6    2810.37    257.505    50.4823    3719.34    4924.92    8644.27    2442.74    2494.88   0.344868   -153.192    42.6894    2135.15     2363.5    2.69285    13.0955      0.016    6.49384    4.20515    4.27754    4.02225
      3900   0.123197        1.6     2821.8     257.89    48.9985    3743.44    4941.93    8685.37    2442.82    2494.79   0.343698   -154.189    42.6894    2134.98    2362.98    2.69347    11.7811      0.016    6.50389    4.21174    4.28525    4.02781
      3800   0.109985        1.6     2834.1    258.248    47.5205    3765.97    4957.14     8723.1    2443.34     2495.4   0.342531   -155.331    42.6895       2135    2362.71    2.69386    10.4626      0.016    6.51362     4.2167    4.29296    4.03372
      3700   0.106521        1.6     2845.1    258.591    45.4589    3792.56    4971.87    8764.43    2443.06     2494.7   0.341408   -156.193    42.6895    2135.03    2362.45    2.69427    8.75809      0.016    6.52304    4.22109    4.30057    4.04014
      3600   0.103072        1.6    2855.75    258.931    41.8136    3816.61    4986.14    8802.75    2442.65    2493.81    0.34033   -157.093    42.6895    2134.88    2361.99    2.69482    5.74013      0.016    6.53219    4.22532    4.30829    4.04742
      3500   0.113822        1.6    2866.06    259.269    37.4824    3839.76    5001.87    8841.63    2442.12    2492.74   0.339269     -158.1    42.6895    2134.65    2361.44    2.69543    2.12747      0.016     6.5411    4.22955    4.31627    4.05543
      3400   0.104081        1.6    2877.44    259.596    32.8889    3858.79    5016.27    8875.07    2442.23    2492.71   0.338198   -159.485    42.6895    2134.49    2360.98    2.69591   -1.75883      0.016    6.54983    4.23401     4.3245    4.06364
      3300    0.10423        1.6    2887.84    259.918    28.0508    3868.35    5030.71    8899.05    2441.78    2491.78   0.337137   -160.827    42.6895    2134.36    2360.57    2.69637   -5.86668      0.016    6.55837    4.23951    4.33282    4.07204
      3200    0.10438        1.6    2898.27    260.242    23.5761    3879.04    5045.16     8924.2    2441.42    2490.99   0.336094   -162.344    42.6895    2134.16    2360.06     2.6969    -9.7961      0.016    6.56675    4.24587    4.34133    4.08085
      3100   0.101587        1.6     2908.7    260.565    20.4729    3888.06    5059.25    8947.31     2441.1    2490.29   0.335053   -163.955    42.6895    2133.96    2359.56    2.69741   -12.6107      0.016    6.57507    4.25285    4.35005     4.0899
      3000  0.0987632        1.6    2918.86     260.89    17.8671    3900.04    5072.96       8973    2440.67     2489.4   0.334016   -165.546    42.6895    2133.75    2359.04    2.69793    -15.011      0.016    6.58335    4.26029    4.35897    4.09921
      2900   0.102893        1.6    2928.74    261.219    15.6179    3912.41    5087.24    8999.65    2440.15    2488.38   0.332985   -167.103    42.6895    2133.49    2358.48    2.69851   -17.1144      0.016    6.59165    4.26809    4.36811    4.10886
      2800  0.0989608        1.6    2939.02    261.548    13.6127    3925.11    5100.99     9026.1    2439.92    2487.82   0.331948   -168.744    42.6895    2133.25    2357.93    2.69904   -19.0115      0.016    5.80001    4.27617    4.37748    4.11866
      2700    0.12291        1.6    2948.94    261.879    11.6078    3930.77    5118.01    9048.78    2439.51    2486.98   0.330911     -170.3    42.6895    2133.04    2357.41    2.69958   -20.8741      0.016    5.80758     4.2845    4.38698    4.12858
      2600   0.083941        1.6     2961.2    262.195    9.22731    3934.37    5129.72    9064.09    2440.38    2488.19   0.329851   -172.284    42.6895    2133.03    2357.14    2.69983    -23.051      0.016    5.81491      4.293    4.39648    4.13783
      2500   0.110771        1.6    2969.62    262.519    6.77942    3943.07     5145.1    9088.17    2439.04    2485.83    0.32884   -173.515    42.6895    2132.92    2356.75    2.70034   -25.2816      0.016    5.82203    4.30159    4.00512     4.1474
      2400   0.106249        1.6    2980.69    262.845    4.29018    3953.66    5159.85    9113.51    2439.35    2486.13   0.327836   -175.332    42.6895    2132.67    2356.19    2.70087   -27.5513      0.016    5.82906    4.31019    4.01254    4.15695
      2300   0.100652        1.6    2991.31    263.158    1.76668    3962.16    5173.84       9136    2439.32    2485.89   0.326813   -177.046    42.6895    2132.63    2355.89     2.7012   -29.8556      0.016    5.83599    4.31872    4.01935    4.16558
      2200  0.0950343        1.6    3001.37    263.469  -0.605496    3964.05    5187.08    9151.12    2438.99    2485.16   0.325819   -178.668    42.6895    2132.53    2355.53    2.70162   -32.0627      0.016    5.84279    4.32714    4.02587    4.17386
      2100  0.0934137        1.6    3010.87    263.782   -2.54293    3973.02    5200.09    9173.11    2438.42    2484.04   0.324849   -180.205    42.6895    2132.33    2355.03    2.70214   -33.9073      0.016    5.84946    4.33542    4.03233     4.1822
      2000  0.0917863        1.6    3020.21    264.098   -4.29739    3981.82     5212.9    9194.72    2437.84    2482.94   0.323886   -181.729    42.6896    2132.05    2354.45    2.70273   -35.5929      0.016    5.85608    4.34358     4.0389     4.1907
      1900  0.0940705        1.6    3029.39    264.416   -5.91286    3989.79    5226.01     9215.8    2437.27    2481.85   0.322921   -183.231    42.6896    2131.74    2353.84    2.70334   -37.1576      0.016    5.86268    4.35166    4.04563    4.19934
      1800  0.0927347        1.6     3038.8     264.73   -7.42594    3998.73    5238.95    9237.68    2436.89    2481.08   0.321952   -184.774    42.6896    2131.47    2353.27     2.7039   -38.6321      0.016    5.86929    4.35967    4.05232    3.80596
      1700  0.0974903        1.6    3048.08    265.041    -8.9557    4008.97    5252.53    9261.51     2436.5     2480.3   0.320993   -186.276    42.6896    2131.23    2352.74    2.70442   -40.0994      0.016    5.87589    4.36763    4.05836     3.8102
      1600   0.107474        1.6    3057.83    265.344   -10.6871     4016.4    5267.48    9283.88    2436.42    2480.02   0.320046   -187.858    42.6896    2131.06     2352.3    2.70485   -41.7314      0.016    5.88243    4.37551    4.06375     3.8133
      1500  0.0927305        1.6    3068.57    265.628   -12.4903    4023.36     5280.4    9303.75    2436.87    2480.58   0.319109   -189.588    42.6896    2131.07    2352.09    2.70508   -43.4273      0.016    5.88885    4.38325    4.06861    3.81548
      1400  0.0789708        1.6    3077.83    265.905   -14.3227    4030.78    5291.44    9322.22    2436.46    2479.75   0.318219   -191.007    42.6896    2131.08    2351.88    2.70536   -45.1454      0.016    5.89505    4.39083    4.07305    3.81754
      1300  0.0825394        1.6    3085.73    266.192   -16.1528    4034.41    5302.98    9337.39    2435.41    2477.92   0.317387   -192.211    42.6896    2130.82    2351.35    2.70594   -46.8541      0.016    5.90106    4.39821    4.07746     3.8204
      1200  0.0860924        1.6    3093.98    266.484   -17.6934    4042.54    5315.01    9357.55    2434.74    2476.71    0.31656   -193.547    42.6896    2130.44    2350.67    2.70659   -48.3656      0.016      5.907     4.0042    4.08229    3.82475
      1100  0.0891499        1.6     3102.6     266.77   -18.4599    4047.57    5327.45    9375.02    2434.37    2475.98   0.315712   -194.942    42.6896    2130.14    2350.09    2.70712   -49.2321      0.016    5.91291    4.00799    4.08757    3.82991
      1000  0.0912753        1.6    3111.51    267.042   -18.8928    4050.46    5340.18    9390.64     2434.2    2475.59   0.314856   -196.337    42.6896    2129.95    2349.66    2.70754   -49.8104      0.016    5.91875    4.01103     4.0932    3.83541
       900  0.0885953        1.6    3120.64      267.3   -18.9656    4053.73    5352.53    9406.26    2434.16    2475.39   0.314005   -197.684    42.6896    2129.85    2349.34    2.70785   -50.0886      0.016    5.92443    4.01385    4.09896    3.84102
       800   0.113587        1.6    3129.52     267.55   -18.7641    4058.21     5368.3    9426.51    2433.99    2474.99   0.313176    -198.89    42.6896    2129.78    2349.06    2.70814   -50.1208      0.016    5.92992    4.01663    4.10475    3.84676
       700   0.117563        1.6    3140.89    267.775   -18.2681    4060.46    5384.59    9445.04    2435.17    2476.71   0.312339   -200.428    42.6896    2129.93    2349.06     2.7081   -49.9177      0.016    5.93518    4.01944    4.11041    3.85177
       600  0.0951729        1.6    3152.62    267.969    -17.312    4072.57    5397.79    9470.36    2436.32    2478.37   0.311521   -201.817    42.6896     2130.4    2349.46    2.70776   -49.3239      0.016     5.9401    4.02226     4.1155    3.85555
       500  0.0898089        1.6    3162.13    268.161   -16.0419    4085.12    5410.28    9495.39    2436.11    2477.82   0.310788   -202.615    42.6896    2130.73    2349.68    2.70765   -48.4441      0.016    5.94456    4.02507       4.12     3.8593
       400   0.103485        1.6    3171.13    268.363   -14.4331    4110.01    5424.64    9534.65     2435.7    2476.96   0.310112   -203.222    42.6896    2130.72    2349.51    2.70784   -47.2605      0.016    5.94868    4.02785     4.1244     3.8638
       300   0.065545        1.6    3181.44    268.561   -12.5769    4124.12    5433.81    9557.92    2436.07    2477.37   0.309423    -203.96    42.6896    2130.73    2349.37    2.70792   -45.8472      0.016    5.95264    4.03062    4.12889    3.86835
       200  0.0605792        1.6    3187.99    268.776   -10.1834     4144.9    5442.32    9587.22    2434.37    2474.47   0.308767    -203.89    42.6896    2130.52    2348.96    2.70836   -43.9992      0.016    5.95648    4.03343    4.13351    3.87391
       100  0.0890965        1.6    3194.07     269.02    -6.8307    4150.66    5454.76    9605.42    2432.74    2471.74   0.308119   -203.702    42.6896    2129.87    2348.01    2.70921   -41.3146      0.016    5.96041    4.03622    4.13888    3.88127
         0  0.0874551        1.6    3202.98    269.259   -3.00639    4158.08    5466.95    9625.03    2432.87    2471.86   0.307386   -203.917    42.6896    2129.41    2347.29    2.70972   -38.2068      0.016    5.96461    4.03902    4.14495    3.88875