      20000           0         0.8           0     179.437     415.631      17.399     14.2831      31.682     2343.43     2426.93    0.785391     51.8336     39.9574     2049.96      2345.7     2.72671     328.445       0.016     5.73044     4.59858     4.35318     4.39114
      19900           0         0.8           0     179.437      414.68     28.2793     29.7361     58.0154     2343.43     2426.93    0.785563     51.7019     39.9574     2049.96      2345.7     2.72686     327.608       0.016     5.73044     4.59858     4.35318     4.39114
      19800           0         0.8           0     179.437     414.027     44.2321     46.3592     90.5912     2343.43     2426.93    0.785735     51.5707     39.9574     2049.96      2345.7     2.72701     326.992       0.016     5.73044     4.59858     4.35318     4.39114
      19700           0         0.8           0     179.437     413.765     53.1471     60.5222     113.669     2343.43     2426.93    0.785907     51.4563     39.9574     2049.96      2345.7     2.72716      326.68       0.016     5.73044     4.59858     4.35318     4.39114
      19600   0.0414251         0.8   0.0414251     179.437     413.802     62.7691     72.5053     135.274     2343.45     2426.95    0.786079     51.3637     39.9574     2049.96      2345.7     2.72731     326.622       0.016     5.73044     4.59858     4.35318     4.39114
      19500           0         0.8     4.14251     179.462     411.937     64.9125     81.9934     146.906     2345.61     2428.68    0.786186      50.328     39.9574     2050.19     2345.94      2.7275     325.311       0.016     5.73044     4.59858     4.35324     4.39149
      19400           0         0.8     4.14251     179.492      409.03     76.4229     94.0218     170.445     2345.16     2428.34    0.786317      50.396     39.9574     2050.45     2346.22     2.72774     323.118       0.016     5.73047     4.59861     4.35345     4.39194
      19300           0         0.8     4.14251     179.506     406.383     86.3404     106.066     192.406     2344.84      2428.1    0.786512     50.2978     39.9574     2050.48     2346.24     2.72792     321.012       0.016     5.73052     4.59867     4.35366     4.39215
      19200           0         0.8     4.14251     179.513     403.753     87.7872     118.133      205.92      2344.6     2427.92    0.786699     50.0694     39.9574     2050.47     2346.21      2.7281     318.931       0.016      5.7306     4.59875     4.35382     4.39223
      19100 0.000994722         0.8      4.1435     179.517     402.853     87.8402     129.706     217.546     2344.41     2427.78    0.786874     49.7554     39.9574     2050.44     2346.17     2.72826     317.976       0.016     5.73069     4.59885     4.35393     4.39226
      19000           0         0.8     4.24198     179.519     402.991     88.5307     142.087     230.618     2344.32     2427.71    0.787038     49.4276     39.9574     2050.42     2346.14     2.72842     317.893       0.016     5.73078     4.59896       4.354     4.39225
      18900           0         0.8     4.24198      179.52     401.314     90.2452     155.277     245.522      2344.2     2427.61    0.787199     49.1419     39.9574      2050.4     2346.11     2.72859     316.691       0.016     5.73086     4.59905     4.35404     4.39224
      18800           0         0.8     4.24198      179.52     398.633     99.8522     165.727     265.579      2344.1     2427.53     0.78736     48.7796     39.9574     2050.37     2346.08     2.72875     314.612       0.016     5.73095     4.59914     4.35407     4.39221
      18700           0         0.8     4.24198     179.519     396.781     121.052     177.478      298.53     2344.03     2427.46    0.787521     48.3308     39.9574     2050.35     2346.06      2.7289     313.002       0.016     5.73102     4.59921     4.35408     4.39218
      18600           0         0.8     4.24198     179.518      395.33     155.531      191.86     347.391     2343.97     2427.41    0.787682     47.8442     39.9574     2050.33     2346.04     2.72906     311.746       0.016     5.73108     4.59928     4.35409     4.39216
      18500           0         0.8     4.24198     179.517     393.938     197.533     200.463     397.996     2343.92     2427.36    0.787844     47.3357     39.9574     2050.31     2346.02     2.72921     310.548       0.016     5.73114     4.59933     4.35409     4.39213
      18400           0         0.8     4.24198     179.516     392.608     206.275     208.617     414.892     2343.88     2427.33    0.788007     46.8088     39.9574      2050.3        2346     2.72936      309.39       0.016     5.73119     4.59937     4.35409     4.39211
      18300           0         0.8     4.24198     179.515     389.501     210.046     217.122     427.169     2343.84      2427.3    0.788171     46.2377     39.9574     2050.29     2345.99     2.72951      307.05       0.016     5.73123      4.5994     4.35408     4.39209
      18200           0         0.8     4.24198     179.514     385.296      235.05     225.629     460.679     2343.82     2427.28    0.788336     45.5397     39.9574     2050.28     2345.98     2.72966     303.767       0.016     5.73126     4.59942     4.35408     4.39207
      18100           0         0.8     4.24198     179.513     381.713     284.097      233.61     517.707      2343.8     2427.25    0.788501     44.7004     39.9574     2050.27     2345.97     2.72981     300.782       0.016     5.73128     4.59943     4.35408     4.39206
      18000           0         0.8     4.24198     179.512     378.363     328.594     242.151     570.745     2343.78     2427.24    0.788668     43.7622     39.9574     2050.26     2345.96     2.72995     297.998       0.016      5.7313     4.59944     4.35407     4.39205
      17900           0         0.8     4.24198     179.511     377.407     365.727     252.111     617.837     2343.76     2427.22    0.788835     42.7784     39.9574     2050.25     2345.95      2.7301     296.799       0.016     5.73132     4.59945     4.35407     4.39204
      17800           0         0.8     4.24198      179.51     377.925     400.942     262.931     663.872     2343.75     2427.21    0.789002     41.8671     39.9574     2050.25     2345.95     2.73024     296.841       0.016     5.73133     4.59945     4.35406     4.39204
      17700           0         0.8     4.24198     179.509     376.024     435.707     273.142     708.849     2343.74      2427.2     0.78917     41.0286     39.9574     2050.24     2345.94     2.73039     295.407       0.016     5.73134     4.59946     4.35406     4.39203
      17600           0         0.8     4.24198     179.509     372.805     459.583     287.358     746.941     2343.73     2427.19    0.789338     40.1376     39.9574     2050.24     2345.94     2.73054     292.828       0.016     5.73135     4.59945     4.35405     4.39203
      17500    0.203611         0.8     4.44559     179.508     372.878     467.425     301.235      768.66     2343.85     2427.28    0.789506     39.1569     39.9574     2050.23     2345.93     2.73068     292.348       0.016     5.73135     4.59945     4.35405     4.39202
      17400    0.326336         0.8     24.9294     182.264     404.804     496.719     310.753     807.472     2349.23     2436.43    0.817038     32.6146     39.0482     2090.68     2391.14     2.64299     339.839       0.016     5.72201     4.59281     4.35366     4.39611
      17300    0.293059         0.8     57.5297     183.315      414.17     526.249     320.162     846.411      2360.7     2450.17    0.848469     25.7257     38.2531     2100.67     2401.82     2.62357     347.956       0.016     5.71892     4.58474     4.34566     4.39147
      17200    0.332068         0.8     86.8746     184.116     419.512      562.83     333.132     895.962     2368.69     2460.84    0.877166     21.3674     37.5586     2106.75     2408.12     2.61461     352.407       0.016     5.72256     4.57604     4.33379     4.38021
      17100    0.476054         0.8     120.225     184.985     422.451     618.132     346.777     964.908     2377.82     2472.12    0.902605      17.134     36.9519     2112.22     2413.56     2.60779     354.863       0.016     5.73078     4.56586     4.31844     4.36387
      17000    0.389365         0.8     167.744     186.071     423.504     668.895     362.806      1031.7     2393.35     2488.24     0.92497     10.6038      36.422     2117.69     2418.74     2.60186     355.786       0.016     5.74141     4.55329     4.29993     4.34497
      16900    0.284126         0.8     206.575     187.361     418.528     710.893      379.07     1089.96     2401.88     2498.53    0.944603     7.28588     35.9588     2123.32     2423.82     2.59677     352.178       0.016     5.75286     4.53699     4.27911     4.32378
      16800     0.26221         0.8     234.966     188.756     409.621     751.184     395.504     1146.69     2403.93     2503.35    0.961762     6.54956     35.5537     2128.74     2428.52     2.59221     345.024       0.016     5.76397     4.51672     4.25601     4.29903
      16700    0.260232         0.8     261.185     190.212     399.526      791.98     413.182     1205.16     2405.11     2507.15    0.976617     5.81757      35.199     2133.75     2432.64     2.58804     336.666       0.016     5.77398     4.49422     4.23034     4.27089
      16600    0.323849         0.8     287.272     191.728     388.314     829.264     434.604     1263.87     2406.56     2510.84    0.989359     4.55214     34.8882     2138.36     2436.22     2.58422     327.381       0.016     5.78235     4.46981     4.20237     4.24037
      16500    0.416192         0.8     319.749      193.33     388.021     870.125     449.628     1319.75     2411.69     2517.19     1.00021     1.52593     34.6155     2142.74     2439.42     2.58072     325.972       0.016      5.7888     4.44375     4.57132     4.20941
      16400    0.505469         0.8     361.458     195.056     394.886     924.321     468.539     1392.86     2421.31      2526.9     1.00942    -2.94821      34.376     2147.14      2442.5     2.57759     331.257       0.016     5.79321     4.41715     4.53999     4.58279
      16300    0.565848         0.8     412.065     196.936     398.378     986.999      484.12     1471.12     2434.48      2539.3     1.01723    -8.23729     34.1655     2151.79      2445.7     2.57481     334.707       0.016     5.79572     4.79192     4.50963     4.55643
      16200    0.497224         0.8     468.581     198.974     400.037     1053.12      504.59     1557.71     2449.04     2552.71     1.02389    -13.6307     33.9801     2156.79     2449.15     2.57237     336.326       0.016     5.79663     4.76439     4.48055     4.53128
      16100    0.382185         0.8     518.188     201.114     389.585     1113.56     527.214     1640.77     2457.96     2561.55     1.02958    -16.5846     33.8167     2162.04      2452.8     2.57013     328.915       0.016     5.79625     4.73452     4.45302     4.50677
      16000    0.349966         0.8     556.375     203.264     371.091     1161.89     547.654     1709.55     2459.95     2564.72     1.03439     -17.308     33.6725     2167.17     2456.32      2.5679     314.029       0.016     5.79479      4.7046     4.42629      4.4814
      15900    0.337446         0.8     591.359     205.386     360.975     1203.56      566.12     1769.68     2460.66     2566.69     1.03831    -18.2238     33.5449     2171.94     2459.47     2.56553     304.633       0.016     5.79242     4.67504     4.79962     4.45482
      15800    0.365873         0.8     625.132     207.487     355.974     1246.79     580.992     1827.78     2461.26     2568.38     1.04137    -19.3168      33.432     2176.36     2462.25     2.56304     300.167       0.016     5.78919     4.64612     4.77139     4.42757
      15700    0.371166         0.8     661.724      209.59     352.255     1289.35     594.912     1884.26     2463.87      2571.5     1.04363    -21.2231     33.3317     2180.54     2464.77     2.56045     296.991       0.016     5.78513     4.61855     4.74301     4.40236
      15600    0.367465         0.8     698.837     211.709     349.629     1332.01     605.963     1937.98     2466.81     2574.73     1.04519    -23.2134     33.2426      2184.6     2467.15     2.55778     294.717       0.016     5.78034     4.99422     4.71616     4.78016
      15500    0.353436         0.8      735.57     213.844      346.27     1373.35     615.649     1988.99     2469.53     2577.67     1.04615    -25.0366     33.1631     2188.57     2469.44     2.55501     292.029       0.016     5.77498     4.96938     4.69063     4.75731
      15400     0.40417         0.8     770.964     215.987     342.559     1418.26     623.667     2041.93     2471.57     2579.96     1.04659    -26.5574     33.0921     2192.46     2471.64     2.55212     288.977       0.016     5.76918     4.94241     4.66625     4.73449
      15300    0.481208         0.8     811.458     218.154     340.461     1470.04      632.83     2102.87      2476.5     2584.48     1.04658    -29.1688     33.0283     2196.31      2473.8     2.54908     287.132       0.016     5.76297     4.91573     4.64272     4.71249
      15200    0.536157         0.8     859.634     220.382     339.366     1521.52     640.521     2162.04     2485.18     2591.95     1.04618    -33.0765     32.9709     2200.29     2476.07     2.54596     286.241       0.016     5.75641     4.88963     4.62028     4.69235
      15100    0.648403         0.8     913.362     222.693     344.553     1580.72     646.601     2227.33      2495.8     2600.98      1.0455    -37.3958      32.919     2204.54      2478.6     2.54277     290.187       0.016     5.74961     4.86453      4.9993     4.67455
      15000    0.745857         0.8       978.3     225.118     354.002     1652.68     650.786     2303.46     2511.16     2613.83     1.04461    -42.8291     32.8718     2209.19     2481.51     2.53949     298.147       0.016     5.74275     4.84057     4.97918     4.65966
      14900    0.821145         0.8     1052.96     227.686     360.739     1733.88     651.747     2385.62     2529.66      2629.3      1.0436      -48.65     32.8288     2214.39     2484.96     2.53616     304.458       0.016     5.73601     4.81872     4.96123     4.64812
      14800    0.775027         0.8     1135.03     230.404     365.888      1824.7     652.872     2477.58     2549.64     2646.05     1.04255    -54.3831     32.7892      2220.2        2489     2.53275     309.229       0.016     5.72965     4.80064     4.94594     4.63988
      14700   0.0676579         0.8     1211.82     233.167     355.138     1906.84     657.045     2563.88     2564.11     2658.49     1.04151    -57.8135     32.7525     2226.43     2493.53     2.52972     301.819       0.016       5.724     5.18414      4.9335     4.63377
      14600   0.0703699         0.8     1218.59     226.582     283.153     1944.95     666.303     2611.26     2539.04     2634.13    0.998198    -47.0766     33.7363     2218.23     2490.85     2.69435      219.84       0.016     5.82238     4.94527     4.66862     4.64734
      14500   0.0302514         0.8     1225.59     224.704     255.602     1966.01     680.947     2646.95     2520.46     2614.86     0.96277    -43.2869     34.6823     2208.18     2480.93     2.72036     194.014       0.016     6.23965     4.75658     4.41274      4.7042
      14400           0         0.8     1228.58     225.127     238.982     1979.39     697.174     2676.57     2504.57     2597.49    0.925904    -41.7182     35.5885     2200.14     2470.92     2.72924      179.21       0.016     6.63744      4.4855     4.47229     4.77395
      14300           0         0.8     1228.58     226.321     224.897     1990.01     710.003     2700.01     2491.13     2581.91    0.887646    -41.1205     36.4418     2193.06     2461.23     2.73601     167.614       0.016     6.52861     4.54192     4.48833     4.42889
      14200           0         0.8     1228.58     227.708     212.982     1994.13     720.848     2714.98        2481     2568.94    0.849194    -41.4863     37.2291     2186.77     2452.29     2.74212     157.935       0.016       6.501     4.55271     4.48249     4.46519
      14100  0.00785589         0.8     1228.59     229.092     206.732     1997.99     730.089     2728.08     2473.29     2558.01     0.81173    -42.3041     37.9427     2181.29     2444.34      2.7477     152.537       0.016       6.501     4.53831     4.46998     4.49219
      14000           0         0.8     1229.37     230.421     204.001     2003.09     736.653     2739.74     2467.76     2549.02    0.776165    -43.3095     38.5803     2176.57     2437.37     2.75279     150.189       0.016       6.501     4.51305     4.45795     4.51268
      13900           0         0.8     1229.37      231.68     199.212     2013.19     745.543     2758.74     2463.01     2540.93    0.743093    -44.0478     39.1438     2172.48     2431.24     2.75747     146.661       0.016       6.501     4.48556     4.44922     4.52949
      13800           0         0.8     1229.37     232.871     193.484     2014.41     751.188      2765.6     2459.25     2533.91    0.712806    -44.8578     39.6376     2168.86     2425.75      2.7618     142.213       0.016       6.501     4.46047     4.44464     4.54478
      13700           0         0.8     1229.37     234.003     189.325      2031.4     758.535     2789.94     2456.19     2527.76    0.685372    -45.7529     40.0676     2165.67     2420.84     2.76583     138.813       0.016       6.501     4.43998      4.4443     4.56007
      13600           0         0.8     1229.37     235.085     186.043     2041.03     764.655     2805.69     2453.66     2522.31    0.660727    -46.6663     40.4403     2162.83     2416.42     2.76965     136.175       0.016       6.501     4.42555     4.44794     4.57628
      13500           0         0.8     1229.37     236.126     189.418     2050.85     764.951      2815.8     2451.51     2517.45    0.638725    -47.4716     40.7621      2160.3      2412.4     2.77328     138.328       0.016     6.52002     4.42013     4.45524     4.59388
      13400           0         0.8     1229.37     237.134     196.849      2059.1     766.857     2825.95     2449.65     2513.07    0.619172    -47.8572     41.0391     2158.02     2408.72     2.77677     144.064       0.016     6.54436      4.4201     4.46569     4.21024
      13300    0.131828         0.8      1229.5     238.114     193.894     2067.94      768.11     2836.05     2448.09     2509.18    0.601863    -47.9684      41.277     2155.94     2405.32     2.78015     142.714       0.016     6.56956      4.4232     4.47728     4.22142
      13200    0.160963         0.8     1242.71     241.799     215.217     2076.81     769.994      2846.8     2446.84     2511.83    0.640808    -50.9693     40.2965      2191.1     2443.14     2.66488     175.641       0.016     6.28024     4.42603     4.50001     4.23811
      13100     0.21297         0.8     1258.86     244.267     221.647      2091.5     778.397      2869.9     2447.41     2515.85    0.679636    -53.0071     39.3976     2200.46     2451.85      2.6339     181.881       0.016     6.53496     4.42172     4.51386     4.24859
      13000     0.12726         0.8     1280.07     246.375     227.171      2097.8     786.286     2884.08     2450.52     2521.63    0.714752    -55.1953     38.5929     2205.73     2456.08     2.61783     187.381       0.016     5.93764     4.40536     4.51422     4.25202
      12900    0.281628         0.8     1292.95     248.149     233.071     2118.85     795.727     2914.58     2448.56     2523.07    0.745908    -54.8825     37.8817     2209.81     2459.24     2.60625     192.922       0.016     6.09946     4.78058     4.50597     4.24761
      12800    0.318766         0.8     1321.15     249.616     238.895     2147.61     804.461     2952.07     2455.27     2531.16    0.773424    -57.5027     37.2566     2213.25     2461.93     2.59744      198.37       0.016     5.42977     4.75133      4.4933     4.23748
      12700     0.22371         0.8     1352.94     251.066     240.398     2170.28     812.924     2983.21     2462.73     2539.63     0.79779    -60.1281      36.708     2216.68     2464.64     2.58943      200.35       0.016     5.52892     4.72125     4.47856     4.22442
      12600   0.0254944         0.8     1375.11     252.657     238.923     2173.41     820.431     2993.84     2463.87     2542.87     0.81923    -60.3336      36.226     2220.25     2467.39      2.5809       199.5       0.016     5.60727     4.68996     4.46097     4.20921
      12500   0.0493638         0.8     1377.68     254.218     238.219      2178.5     827.661     3006.16     2454.57     2537.52    0.837959    -56.7107     35.8017     2223.54     2469.86     2.57249     199.012       0.016     5.66852     4.65836     4.44207     4.59254
      12400   0.0104071         0.8     1382.58     255.715     237.815     2181.08     837.276     3018.36     2448.47     2534.42    0.854137    -54.4983     35.4274     2226.29     2471.75     2.56422     198.872       0.016     5.71599     4.62743     4.42307      4.5709
      12300    0.113027         0.8     1383.72     257.171     236.195     2194.35     847.661     3042.01     2441.54     2530.36    0.868029    -52.1726     35.0963     2228.63      2473.2     2.55617     197.752       0.016     5.75327     4.60045     4.40312     4.54616
      12200    0.279034         0.8     1395.19     258.641     233.538     2221.74         857     3078.74     2441.44     2531.54    0.879919     -52.749     34.8029     2230.75     2474.39     2.54831      195.65       0.016     5.78254     4.97527     4.78091     4.52052
      12100    0.379912         0.8      1423.2     260.226     232.183     2257.62     864.784     3122.41     2450.22     2539.69    0.890136    -56.9143     34.5423     2233.04     2475.69     2.54068      194.42       0.016     5.00478     4.95005      4.7574     4.49643
      12000    0.477848         0.8     1461.28     261.981     231.521     2301.62     876.667     3178.29     2462.89     2550.92    0.899026    -62.4779     34.3104     2235.86     2477.47     2.53326     193.844       0.016     5.02012     4.92511     4.73447     4.47513
      11900    0.489688         0.8     1509.08     263.923     231.546     2349.58     886.036     3235.61     2478.74     2564.74    0.906855    -69.0021     34.1037     2239.32     2479.85     2.52597     193.804       0.016     5.03067     4.90074     4.71303     4.45688
      11800    0.520484         0.8     1558.08     266.033     232.078     2402.55     897.029     3299.58      2492.8     2577.19    0.913801    -74.5278     33.9194     2243.38     2482.82     2.51875      194.22       0.016     5.03719      4.8781     4.69349     4.44112
      11700    0.258444         0.8     1609.87     268.281     240.044     2466.84     908.729     3375.57     2506.39     2589.31    0.919946     -79.435     33.7547     2247.88     2486.19     2.51151     200.518       0.016     5.03993      4.8566     4.67588     4.42715
      11600    0.178972         0.8     1635.63     256.509     212.432     2510.16     909.584     3419.74     2506.53     2585.72    0.886009     -77.471     34.6333     2223.19      2467.5     2.69842     159.041       0.016     6.07447     4.61698       4.407     4.43291
      11500   0.0781482         0.8     1653.43     252.561     193.975      2544.7     922.789     3467.49     2503.09     2579.56       0.854    -76.9398     35.4829     2216.38     2463.06     2.72669     142.855       0.016     6.55832     4.42936     4.54452     4.48706
      11400   0.0854683         0.8     1661.25     252.168     169.894     2567.64     938.574     3506.21     2496.06      2570.5    0.821413    -76.5301     36.2999     2211.59      2457.8     2.73463     122.801       0.016     6.38203     4.56202     4.21236      4.5565
      11300   0.0894999         0.8      1669.8     253.077     158.473     2584.01     950.974     3534.98     2491.73     2563.46    0.787718    -77.8479     37.0709     2207.35        2452     2.74007     112.157       0.016     6.28626     4.22169     4.22725     4.21596
      11200     0.02918         0.8     1678.69     254.413     154.152     2595.52     961.411     3556.93     2489.13     2557.76    0.753777    -79.5747     37.7829     2203.77      2446.6     2.74502     108.135       0.016     6.23603     4.22779     4.22241     4.25209
      11100           0         0.8     1681.58     255.808     146.455     2604.26     970.504     3574.76     2484.38     2550.39    0.720773    -80.1071     38.4281     2200.43     2441.45     2.74953     102.202       0.016     6.21318     4.21272     4.21259     4.27844
      11000           0         0.8     1681.58     257.133     137.175     2621.69     978.171     3599.86     2479.46     2542.98    0.689504    -80.4734     39.0042        2197     2436.26     2.75357      94.753       0.016     6.20734     4.59673     4.20517     4.29795
      10900           0         0.8     1681.58     258.389     131.916     2629.64     987.382     3617.02     2475.77     2536.69     0.66036    -81.2575     39.5127     2193.71     2431.31     2.75724      90.143       0.016     6.21226     4.57881     4.20071     4.31377
      10800    0.036248         0.8     1681.62     259.589     128.935     2633.49     993.343     3626.83     2472.94     2531.25    0.633572    -82.1821     39.9577     2190.73     2426.79     2.76066     87.5674       0.016     6.22406     4.56097     4.59885     4.32806
      10700   0.0326383         0.8     1685.24     260.759     124.965      2635.8     998.809     3634.61      2472.6        2528    0.609213    -83.8579     40.3448     2188.26      2422.9     2.76388     84.3815       0.016     6.24032     4.54595     4.59971     4.34232
      10600   0.0293116         0.8      1688.5     261.906     120.531     2637.69      1003.8     3641.49     2472.08     2524.83    0.587305    -85.4094     40.6796     2186.28     2419.61     2.76696     80.7215       0.016     6.25947     4.53491     4.20325     4.35735
      10500   0.0257321         0.8     1691.43     263.016     117.816     2639.83     1008.29     3648.12     2471.45     2521.77    0.567778    -86.8797     40.9683     2184.51     2416.61     2.76989     78.2865       0.016     6.28046     4.52816     4.20875     4.37319
      10400  0.00827587         0.8     1693.98     264.086     116.119     2642.61      1010.4     3653.01     2470.67      2518.8    0.550456    -88.2107     41.2164     2182.89     2413.82     2.77269     76.7559       0.016     6.30254     4.52553     4.21601     4.38977
      10300           0         0.8      1694.8     265.108     115.027     2646.44     1010.61     3657.05     2469.05     2515.32    0.535143    -89.1362     41.4292     2181.29     2411.11     2.77536     75.7387       0.016     6.32521     4.52665     4.22474     4.00583
      10200           0         0.8      1694.8     266.078     113.876     2649.44     1010.99     3660.42     2467.23     2511.86    0.521631    -89.9049     41.6113     2179.67     2408.42     2.77792     74.7703       0.016     6.34808     4.53102     4.23371     4.01625
      10100           0         0.8      1694.8     267.001       111.7     2662.55     1014.29     3676.84     2465.69     2508.78    0.509712    -90.7472     41.7671      2178.1     2405.84     2.78036     72.9602       0.016     6.37087     4.53812     4.24292     4.02493
      10000           0         0.8      1694.8     267.885     109.199     2669.05     1018.17     3687.23     2464.34        2506    0.499195    -91.6858     41.9003     2176.65     2403.43      2.7827      70.867       0.016     6.39339     4.54746     4.25408     4.03613
       9900           0         0.8      1694.8     268.736     106.528     2673.45     1022.61     3696.06     2463.14     2503.46    0.489915    -92.7198      42.014     2175.31     2401.18     2.78496     68.6139       0.016     6.41556     4.55872     4.26713     4.04956
       9800           0         0.8      1694.8      269.56     103.723      2676.8     1028.43     3705.22     2462.03     2501.11    0.481721    -93.8434     42.1111     2174.06     2399.06     2.78715      66.237       0.016     6.43737     4.57163     4.28185     4.06483
       9700           0         0.8      1694.8     270.362     100.807     2687.35      1035.6     3722.95     2461.01     2498.91    0.474476     -95.051     42.1939     2172.89     2397.05     2.78929      63.755       0.016     6.45883     4.58596       4.298     4.08165
       9600           0         0.8      1694.8     271.146     97.8022     2698.57     1044.11     3742.68     2460.04     2496.84    0.468057    -96.3372     42.2647     2171.78     2395.14     2.79138     61.1851       0.016     6.47998     4.20141     4.31536     4.09974
       9500           0         0.8      1694.8     271.912     94.7202     2705.48     1053.95     3759.43     2459.11     2494.87    0.462355    -97.6971     42.3252     2170.71     2393.29     2.79344     58.5382       0.016     6.50084     4.21344     4.33371     4.11891
       9400           0         0.8      1694.8     272.658     92.3945     2715.35     1061.41     3776.76     2458.21     2492.98    0.457274    -99.1111     42.3768     2169.69     2391.52     2.79546     56.4323       0.016     6.52141     4.22282     4.35274     4.13894
       9300           0         0.8      1694.8     273.382     90.5125     2724.39     1070.99     3795.38     2457.33     2491.16    0.452734    -100.532      42.421      2168.7      2389.8     2.79744     54.7192       0.016       6.542     4.23143     4.37223     4.15964
       9200           0         0.8      1694.8     274.086     88.8704     2732.36     1081.38     3813.73     2456.48     2489.41     0.44866    -101.942     42.4588     2167.75     2388.15     2.79936     53.2082       0.016     6.56253     4.24134     4.39207     4.18081
       9100           0         0.8      1694.8     274.776     87.3918     2732.49     1094.15     3826.64     2455.63      2487.7    0.444991     -103.33     42.4911     2166.83     2386.54     2.80125     51.8367       0.016      6.5829      4.2538     4.01066     3.80211
       9000           0         0.8      1694.8     275.453     86.0443     2734.79     1110.31      3845.1     2454.81     2486.06    0.441679    -104.692     42.5188     2165.94     2384.99     2.80309     50.5784       0.016     5.80283     4.26802     4.02513     3.81662
       8900           0         0.8      1694.8     276.112     84.8232     2743.14     1125.77     3868.91     2454.03     2484.51    0.438698    -106.023     42.5426      2165.1      2383.5     2.80489     49.4275       0.016     5.82058     4.28335     4.03694     3.82732
       8800           0         0.8      1694.8      276.75     83.7033     2746.36     1141.99     3888.36     2453.28     2483.05    0.436004     -107.32     42.5629     2164.31      2382.1     2.80662     48.3655       0.016     5.83743     4.29925     4.04935     3.83913
       8700           0         0.8      1694.8     277.369     82.6676     2757.15     1158.96     3916.11     2452.55     2481.65    0.433559    -108.582     42.5804     2163.56     2380.75      2.8083     47.3776       0.016      5.8536      4.3155      4.0631     3.85208
       8600           0         0.8      1694.8     277.972     81.7066     2773.19     1176.38     3949.57     2451.85     2480.31    0.431329    -109.808     42.5954     2162.83     2379.45     2.80993     46.4566       0.016     5.86925     4.33199     4.07772     3.86602
       8500           0         0.8      1694.8     278.562     80.8113      2783.1     1194.25     3977.35     2451.17        2479    0.429282    -110.997     42.6083     2162.13     2378.19     2.81152     45.5952       0.016     5.88447     4.34864     4.09295     3.88078
       8400           0         0.8      1694.8     279.142     80.4113     2796.54     1212.09     4008.63      2450.5     2477.74    0.427394    -112.142     42.6195     2161.44     2376.95     2.81308     45.1137       0.016     5.89936     4.36541     4.10865      3.8962
       8300           0         0.8      1694.8     279.712      80.335     2798.61      1233.5     4032.11     2449.83      2476.5    0.425643    -113.219      42.629     2160.76     2375.74     2.81461     44.9268       0.016     5.91397     4.38226     4.12471     3.91215
       8200           0         0.8      1694.8     280.274     80.4776     2805.15      1254.9     4060.05     2449.18     2475.28    0.424008    -114.219     42.6372     2160.09     2374.54     2.81612     44.9345       0.016     5.92835     4.39915     4.14106     3.92852
       8100           0         0.8      1694.8     280.828      80.811     2808.62     1276.28      4084.9     2448.54     2474.08    0.422475    -115.138     42.6443     2159.43     2373.36     2.81762     45.1147       0.016     5.94253     4.01243     4.15761     3.94522
       8000           0         0.8      1694.8     281.371     81.3019     2820.07     1297.92     4117.99     2447.89      2472.9    0.421031    -115.972     42.6505     2158.78      2372.2     2.81909     45.4397       0.016     5.95649     4.02194     4.17418     3.96216
       7900           0         0.8      1694.8     281.898     82.0011     2822.35     1319.82     4142.17     2447.26     2471.73    0.419665    -116.719     42.6557     2158.13     2371.06     2.82053     45.9454       0.016     5.97015     4.03006     4.19062     3.97923
       7800           0         0.8      1694.8      282.41     82.8691     2826.93     1342.53     4169.46     2446.63     2470.57     0.41837    -117.375     42.6603      2157.5     2369.95     2.82193      46.608       0.016      5.9835      4.0383     3.80619     3.99629
       7700           0         0.8      1694.8     282.907     83.8931     2833.76     1365.04      4198.8     2446.01     2469.44    0.417141    -117.938     42.6642     2156.88     2368.87      2.8233     47.4124       0.016     5.99651     4.04826     3.81856     3.61009
       7600           0         0.8      1694.8     283.388     85.0832     2838.46     1388.33     4226.79     2445.41     2468.35    0.415987    -118.405     42.6676     2156.29     2367.83     2.82461     48.3695       0.016     6.00917     4.05931     3.82851     3.61845
       7500           0         0.8      1694.8     283.852     86.4109     2839.11     1412.35     4251.46     2444.84     2467.33    0.414909    -118.776     42.6706     2155.73     2366.85     2.82588     49.4552       0.016     6.02145     4.07093     3.83698     3.62578
       7400           0         0.8      1694.8     284.298      86.813     2843.01      1437.1     4280.11     2444.29     2466.36    0.413899    -119.069     42.6731     2155.21     2365.92     2.82709     49.8717       0.016     6.03333     4.08281     3.84533     3.63387
       7300           0         0.8      1694.8     284.729     86.6836     2848.26     1460.56     4308.82     2443.77     2465.43    0.412949    -119.342     42.6753     2154.71     2365.03     2.82825     49.8106       0.016     6.04483     4.09479     3.85468      3.6426
       7200           0         0.8      1694.8     285.149     86.2808     2857.19      1482.7     4339.89     2443.27     2464.54     0.41205    -119.615     42.6772     2154.23     2364.17     2.82937     49.5163       0.016     6.05598     4.10681     3.86469     3.65197
       7100           0         0.8      1694.8     285.559     85.6916      2866.8     1505.96     4372.76     2442.78     2463.67    0.411197    -119.899     42.6788     2153.77     2363.33     2.83046     49.0611       0.016     6.06684     4.11885     3.87514     3.66187
       7000           0         0.8      1694.8     285.963      84.964     2868.73     1534.33     4403.05     2442.31     2462.83    0.410381    -120.199     42.6803     2153.31     2362.51     2.83154     48.4846       0.016     6.07745     4.13088     3.88591     3.67223
       6900           0         0.8      1694.8      286.36     84.1405     2870.65     1562.59     4433.23     2441.84        2462    0.409599    -120.518     42.6815     2152.86     2361.71     2.83259     47.8214       0.016     6.08786     4.14288      3.8969     3.68294
       6800           0         0.8      1694.8     286.751     83.2407     2870.75     1586.44     4457.19     2441.39     2461.19    0.408844    -120.857     42.6826     2152.41     2360.91     2.83363     47.0892       0.016     6.09809     4.15483     3.90806     3.69394
       6700           0         0.8      1694.8     287.138     82.2892     2871.11     1611.47     4482.58     2440.94     2460.39    0.408114    -121.217     42.6835     2151.97     2360.12     2.83465     46.3066       0.016     6.10817     4.16673     3.91935     3.70516
       6600           0         0.8      1694.8     287.521     81.3145     2871.45     1639.59     4511.04     2440.49      2459.6    0.407405    -121.596     42.6843     2151.53     2359.34     2.83567     45.4996       0.016     6.11831     4.17857     3.93073     3.71654
       6500           0         0.8      1694.8     287.901     80.3067        2874      1666.4      4540.4     2440.05     2458.81    0.406715    -121.994      42.685      2151.1     2358.57     2.83667     44.6604       0.016     6.12871     4.19038     3.94221     3.72806
       6400           0         0.8      1694.8     288.279     79.5779     2877.13     1693.47     4570.61     2439.61     2458.03     0.40604    -122.405     42.6856     2150.67     2357.81     2.83767     44.0242       0.016     6.13926     3.80202     3.95378      3.7397
       6300           0         0.8      1694.8     288.656      79.012     2879.46     1719.18     4598.64     2439.18     2457.26    0.405378    -122.813     42.6861     2150.24     2357.04     2.83865      43.534       0.016     6.14988     3.81095     3.96541     3.75143
       6200           0         0.8      1694.8     289.029     78.5421     2885.11     1744.41     4629.52     2438.74     2456.49    0.404728    -123.212     42.6866     2149.81     2356.28     2.83964      43.124       0.016     6.16051     3.81807     3.97702     3.76323
       6100           0         0.8      1694.8     289.396     78.1588      2891.6     1769.16     4660.75     2438.31     2455.73    0.404089    -123.597      42.687     2149.39     2355.54      2.8406     42.7875       0.016     6.17107     3.82447     3.98855     3.77505
       6000           0         0.8      1694.8     289.756     77.8335     2896.02     1793.41     4689.43     2437.89     2454.97    0.403462    -123.967     42.6873     2148.97      2354.8     2.84156     42.5013       0.016     6.18152     3.83061     3.99997     3.78686
       5900           0         0.8      1694.8      290.11     77.5542     2898.52     1819.82     4718.35     2437.46     2454.22    0.402844    -124.322     42.6876     2148.56     2354.07     2.84249     42.2553       0.016     6.19183     3.83671     3.60988     3.79851
       5800           0         0.8      1694.8     290.456     77.3127     2902.24     1844.78     4747.02     2437.05     2453.48     0.40224     -124.66     42.6879     2148.15     2353.36     2.84341     42.0426       0.016     5.40181     3.84283     3.61852     3.40766
       5700           0         0.8      1694.8     290.792     77.1036      2908.3     1869.67     4777.97     2436.64     2452.77    0.401659    -124.982     42.6881     2147.76     2352.68      2.8443     41.8583       0.016     5.41057     3.84909     3.62589     3.41361
       5600           0         0.8      1694.8     291.116     76.9239     2916.08     1894.64     4810.72     2436.26     2452.09    0.401106    -125.287     42.6883     2147.39     2352.02     2.84516     41.6997       0.016     5.41874     3.85608     3.63222     3.41801
       5500           0         0.8      1694.8     291.428     76.7705     2918.22     1919.67     4837.88     2435.89     2451.46    0.400582    -125.576     42.6885     2147.04      2351.4     2.84598      41.564       0.016     5.42646     3.86355     3.63791     3.42222
       5400           0         0.8      1694.8     291.726     75.9165     2919.68     1944.97     4864.65     2435.55     2450.85    0.400082    -125.862     42.6886     2146.71     2350.81     2.84677     40.9024       0.016     5.43382     3.87124     3.64349     3.42713
       5300           0         0.8      1694.8     292.013     74.6341      2925.8     1970.53     4896.33     2435.22     2450.28    0.399606    -126.186     42.6887      2146.4     2350.25     2.84753     39.8504       0.016     5.44085       3.879     3.64918      3.4325
       5200           0         0.8      1694.8     292.291     73.1173     2931.97     1993.02     4924.99      2434.9     2449.72    0.399149    -126.562     42.6888      2146.1     2349.71     2.84826     38.5885       0.016      5.4476     3.88676       3.655     3.43819
       5100           0         0.8      1694.8     292.561     71.4488     2938.84     2016.38     4955.22     2434.59     2449.18    0.398709    -126.994     42.6889     2145.81     2349.19     2.84897     37.1879       0.016     5.45411     3.89447     3.66095     3.44411
       5000           0         0.8      1694.8     292.823     69.6444     2952.03      2040.6     4992.63     2434.29     2448.66    0.398287    -127.486      42.689     2145.53     2348.68     2.84966     35.6621       0.016     5.46042      3.9021     3.66701     3.45019
       4900           0         0.8      1694.8     293.079     67.7551     2966.69     2063.68     5030.37     2433.99     2448.15    0.397878    -128.038     42.6891     2145.25     2348.19     2.85034     34.0514       0.016     5.46654     3.90964     3.67316     3.45642
       4800           0         0.8      1694.8     293.329      65.784     2977.19     2086.26     5063.45     2433.71     2447.65    0.397483    -128.648     42.6891     2144.98      2347.7       2.851     32.3624       0.016      5.4725     3.91708     3.67949     3.46275
       4700           0         0.8      1694.8     293.574     63.7489     2981.81     2108.34     5090.15     2433.43     2447.16    0.397099    -129.317     42.6892     2144.71     2347.22     2.85165     30.6072       0.016     5.47832     3.92442     3.68604     3.46922
       4600           0         0.8      1694.8     293.815     61.6799     2995.32     2132.35     5127.67     2433.15     2446.67    0.396726    -130.041     42.6892     2144.44     2346.75     2.85229     28.8139       0.016     5.48403     3.93168     3.69271     3.47582
       4500           0         0.8      1694.8     294.053     59.5577     3010.65      2157.3     5167.96     2432.88      2446.2    0.396361     -130.82     42.6893     2144.18     2346.28     2.85293     26.9669       0.016     5.48963     3.93885     3.69945     3.48252
       4400           0         0.8      1694.8     294.288     57.7574     3026.65     2180.49     5207.14     2432.61     2445.73    0.396004    -131.645     42.6893     2143.92     2345.82     2.85355       25.35       0.016     5.49515     3.94594     3.70623     3.48931
       4300           0         0.8      1694.8      294.52     56.1365     3040.29     2203.51      5243.8     2432.35     2445.26    0.395654    -132.495     42.6894     2143.66     2345.37     2.85417     23.8918       0.016      5.5006     3.95296     3.71303     3.49616
       4200           0         0.8      1694.8     294.749     54.6081     3058.44     2226.06      5284.5     2432.08      2444.8     0.39531    -133.363     42.6894      2143.4     2344.91     2.85478      22.508       0.016     5.50597      3.9599     3.71983     3.50304
       4100           0         0.8      1694.8     294.976     53.1541     3080.64     2249.34     5329.98     2431.82     2444.34    0.394972    -134.243     42.6894     2143.15     2344.46     2.85538     21.1851       0.016     5.51128     3.96678     3.72663     3.50995
       4000           0         0.8      1694.8     295.201     51.7437     3103.28     2271.24     5374.52     2431.56     2443.88    0.394638    -135.134     42.6894     2142.89     2344.02     2.85598     19.8978       0.016     5.51653      3.9736     3.73342     3.51687
       3900           0         0.8      1694.8     295.423     50.3621     3128.74     2291.76      5420.5     2431.31     2443.43     0.39431    -136.033     42.6894     2142.64     2343.58     2.85657     18.6338       0.016     5.52173     3.98035     3.74019     3.52379
       3800           0         0.8      1694.8     295.644     48.9995     3152.75     2313.95      5466.7     2431.05     2442.98    0.393985    -136.939     42.6895     2142.39     2343.14     2.85716     17.3847       0.016     5.52688     3.98704     3.74694     3.53071
       3700           0         0.8      1694.8     295.862     47.0745     3180.95     2336.49     5517.44      2430.8     2442.54    0.393665    -137.858     42.6895     2142.15     2342.71     2.85774     15.7476       0.016     5.53199     3.99367     3.75366     3.53761
       3600           0         0.8      1694.8     296.079     43.6023      3206.8     2359.37     5566.17     2430.55      2442.1    0.393349    -138.859     42.6895      2141.9     2342.28     2.85832     12.7987       0.016     5.53705     3.60024     3.76035     3.54449
       3500           0         0.8      1694.8     296.293     39.4608     3231.92     2380.66     5612.59      2430.3     2441.66    0.393036    -139.998     42.6895     2141.66     2341.85      2.8589     9.25826       0.016     5.54206     3.60565       3.767     3.55135
       3400           0         0.8      1694.8     296.505     35.0758     3253.14     2403.17     5656.31     2430.05     2441.22    0.392727     -141.29     42.6895     2141.41     2341.43     2.85946     5.46431       0.016     5.54702     3.61008     3.77358     3.55817
       3300           0         0.8      1694.8     296.712     30.4502      3265.1     2425.53     5690.63     2429.81     2440.79    0.392422    -142.732     42.6895     2141.17     2341.01     2.86002     1.45076       0.016      5.5519     3.61405     3.78006     3.56494
       3200           0         0.8      1694.8     296.914     26.1539     3278.36     2447.74     5726.11     2429.56     2440.36    0.392122    -144.318     42.6895     2140.94      2340.6     2.86057    -2.39469       0.016     5.55668      3.6178     3.78642     3.57165
       3100           0         0.8      1694.8     297.111     23.1819      3290.1      2470.2      5760.3     2429.32     2439.94    0.391827    -145.978     42.6895      2140.7      2340.2     2.86111    -5.14029       0.016     5.56137     3.62147     3.79268     3.57827
       3000           0         0.8      1694.8     297.304     20.6789     3304.89     2492.91      5797.8     2429.09     2439.52    0.391537    -147.656     42.6895     2140.47     2339.81     2.86164    -7.48753       0.016     5.56596     3.62511     3.79884      3.5848
       2900           0         0.8      1694.8     297.494     18.5063     3320.15      2514.9     5835.05     2428.85     2439.11    0.391252    -149.329     42.6895     2140.25     2339.42     2.86215    -9.55548       0.016     5.57046     3.62877      3.4045     3.59123
       2800           0         0.8      1694.8     297.679     16.5669      3335.8     2537.28     5873.08     2428.62     2438.71    0.390973    -150.987     42.6895     2140.03     2339.04     2.86266    -11.4223       0.016     5.57486     3.63245     3.40967     3.59744
       2700           0         0.8      1694.8     297.859     14.6254     3344.48     2556.24     5900.72     2428.39     2438.31      0.3907    -152.623     42.6895     2139.81     2338.67     2.86316    -13.2605       0.016     5.57916     3.63615     3.41457     3.20292
       2600           0         0.8      1694.8     298.035     12.3472     3344.96     2580.38     5925.34     2428.17     2437.93    0.390438    -154.255     42.6895      2139.6     2338.32     2.86364    -15.3799       0.016     5.58336     3.63985     3.41902     3.20671
       2500           0         0.8      1694.8     298.206      9.9689     3356.85     2600.68     5957.53     2427.96     2437.56    0.390189      -155.9     42.6895      2139.4     2337.97     2.86411    -17.5868       0.016     5.58745     3.64356     3.42291     3.20957
       2400           0         0.8      1694.8     298.371     7.56289     3370.71     2621.45     5992.16     2427.76     2437.22    0.389955    -157.561     42.6895     2139.21     2337.64     2.86457    -19.8232       0.016     5.59142     3.64726     3.42637      3.2119
       2300           0         0.8      1694.8      298.53     5.13158     3382.57     2642.83     6025.41     2427.58     2436.89    0.389735     -159.24     42.6895     2139.03     2337.33       2.865    -22.0824       0.016     5.59527     3.65092     3.42953     3.21391
       2200           0         0.8      1694.8     298.683     2.83461      3387.9     2664.82     6052.72      2427.4     2436.59    0.389529    -160.934     42.6895     2138.87     2337.03     2.86543    -24.2547       0.016     5.59898     3.65456     3.43245     3.21571
       2100           0         0.8      1694.8      298.83     0.94766     3400.36     2686.85     6087.21     2427.23      2436.3    0.389336    -162.625     42.6895     2138.71     2336.75     2.86583    -26.0819       0.016     5.60256     3.65816     3.43521     3.21735
       2000           0         0.8      1694.8     298.971   -0.770708     3412.69     2708.92     6121.61     2427.07     2436.03    0.389157    -164.297     42.6896     2138.56     2336.49     2.86622    -27.7621       0.016       5.606     3.66173     3.43783     3.21893
       1900           0         0.8      1694.8     299.107    -2.36072     3424.21     2730.49      6154.7     2426.92     2435.77    0.388988    -165.943     42.6896     2138.42     2336.23      2.8666    -29.3302       0.016     5.60932     3.66525     3.44043     3.22086
       1800           0         0.8      1694.8     299.238    -3.85123     3436.73     2752.06     6188.79     2426.78     2435.53    0.388829    -167.561     42.6896     2138.28     2335.99     2.86697    -30.8094       0.016     5.61251     3.66875     3.44309      3.2231
       1700           0         0.8      1694.8     299.364    -5.35647     3450.57      2772.8     6223.37     2426.64     2435.29    0.388678    -169.148     42.6896     2138.15     2335.75     2.86732    -32.2818       0.016      5.6156     3.67222     3.44584     3.22556
       1600           0         0.8      1694.8     299.488    -7.05188     3461.64        2792     6253.63     2426.51     2435.06    0.388534    -170.716     42.6896     2138.02     2335.53     2.86767    -33.9108       0.016     5.61858     3.67567     3.44867     3.22819
       1500           0         0.8      1694.8     299.608    -8.79997     3472.28     2813.06     6285.34     2426.37     2434.83    0.388396    -172.273     42.6896      2137.9      2335.3     2.86801    -35.5837       0.016     5.62148      3.6791     3.45156     3.23094
       1400           0         0.8      1694.8     299.725     -10.587     3483.44     2835.84     6319.27     2426.25     2434.61    0.388263    -173.823     42.6896     2137.77     2335.08     2.86834    -37.2878       0.016      5.6243     3.68251     3.45449     3.23378
       1300           0         0.8      1694.8     299.841    -12.3975     3490.82     2857.94     6348.76     2426.12     2434.39    0.388135    -175.367     42.6896     2137.65     2334.87     2.86867    -39.0113       0.016     5.62706     3.68591     3.45746     3.23669
       1200           0         0.8      1694.8     299.954    -13.9405      3495.2     2879.38     6374.58        2426     2434.17    0.388011    -176.904     42.6896     2137.53     2334.65     2.86899    -40.5505       0.016     5.62976     3.68929     3.46045     3.23965
       1100           0         0.8      1694.8     300.066    -14.7284      3496.5     2900.24     6396.74     2425.87     2433.96    0.387891    -178.401     42.6896     2137.41     2334.44     2.86932    -41.4482       0.016     5.63241     3.69265     3.46346     3.24266
       1000           0         0.8      1694.8     300.176    -15.1895     3497.31     2920.65     6417.96     2425.75     2433.75    0.387774    -179.828     42.6896     2137.29     2334.24     2.86963    -42.0566       0.016     5.63503       3.696     3.46648     3.24569
        900           0         0.8      1694.8     300.285    -15.2994     3497.71     2941.28     6438.99     2425.63     2433.54    0.387659    -181.175     42.6896     2137.18     2334.03     2.86995    -42.3646       0.016      5.6376     3.69932      3.4695     3.24874
        800           0         0.8      1694.8     300.392    -15.1453     3498.57     2958.36     6456.92     2425.51     2433.33    0.387547     -182.43     42.6896     2137.06     2333.82     2.87026     -42.432       0.016     5.64014     3.70262     3.47252      3.2518
        700           0         0.8      1694.8     300.499    -14.6776     3499.91     2974.79      6474.7      2425.4     2433.13    0.387438    -183.589     42.6896     2136.95     2333.62     2.87057    -42.2354       0.016     5.64265     3.70589     3.47554     3.25487
        600           0         0.8      1694.8     300.604    -13.7413     3508.45     2994.22     6502.67     2425.28     2432.92     0.38733    -184.635     42.6896     2136.83     2333.42     2.87088    -41.6266       0.016     5.64513     3.70914     3.47855     3.25794
        500           0         0.8      1694.8     300.709    -12.5228     3517.48     3014.28     6531.77     2425.16     2432.72    0.387225    -185.557     42.6896     2136.72     2333.22     2.87118    -40.7592       0.016     5.64759     3.71235     3.48154       3.261
        400           0         0.8      1694.8     300.812    -10.9968     3538.93     3032.37      6571.3     2425.05     2432.52    0.387121    -186.349     42.6896     2136.61     2333.02     2.87148    -39.6185       0.016     5.65003     3.71554     3.48453     3.26406
        300           0         0.8      1694.8     300.915    -9.21913     3549.69     3055.56     6605.24     2424.93     2432.31    0.387019    -187.007     42.6896     2136.49     2332.83     2.87178    -38.2424       0.016     5.65244      3.7187      3.4875     3.26711
        200           0         0.8      1694.8     301.017     -6.9666     3567.26     3079.28     6646.54     2424.82     2432.12    0.386918    -187.526     42.6896     2136.38     2332.63     2.87208    -36.4833       0.016     5.65483     3.72182     3.49046     3.27015
        100           0         0.8      1694.8     301.118    -3.81036     3569.99     3098.94     6668.94     2424.71     2431.92    0.386819    -187.873     42.6896     2136.27     2332.44     2.87238    -33.9368       0.016      5.6572      3.7249     3.49339     3.27317
          0           0         0.8      1694.8     301.218   -0.166599     3580.25     3118.71     6698.96      2424.6     2431.72    0.386722    -188.022     42.6896     2136.16     2332.24     2.87267     -30.946       0.016     5.65955     3.72795     3.49631     3.27618