     20000          0          2          0    179.437    415.631     17.399    14.2831     31.682    2343.43    2426.93   0.785391    51.8336    39.9574    2049.96     2345.7    2.72671    328.445      0.016    5.73044    4.59858    4.35318    4.39114
     19900          0          2          0    179.437     414.68    28.2793    29.7361    58.0154    2343.43    2426.93   0.785563    51.7019    39.9574    2049.96     2345.7    2.72686    327.608      0.016    5.73044    4.59858    4.35318    4.39114
     19800          0          2          0    179.437    414.027    44.2321    46.3592    90.5912    2343.43    2426.93   0.785735    51.5707    39.9574    2049.96     2345.7    2.72701    326.992      0.016    5.73044    4.59858    4.35318    4.39114
     19700          0          2          0    179.437    413.765    53.1471    60.5222    113.669    2343.43    2426.93   0.785907    51.4563    39.9574    2049.96     2345.7    2.72716     326.68      0.016    5.73044    4.59858    4.35318    4.39114
     19600  0.0414251          2  0.0414251    179.437    413.802    62.7691    72.5053    135.274    2343.45    2426.98   0.786079    51.3637    39.9574    2049.96     2345.7    2.72731    326.622      0.016    5.73044    4.59858    4.35318    4.39114
     19500          0          2    4.14251     179.39    411.961     64.888    82.0656    146.954    2345.64    2431.32   0.786091    50.3308    39.9574     2050.4     2346.3    2.72657    325.305      0.016    5.73044    4.59858     4.3528    4.38872
     19400          0          2    4.14251    179.333    409.084    76.3439    94.2523    170.596    2345.27    2430.46   0.786155    50.4066    39.9574    2050.91       2347    2.72594    323.102      0.016    5.73036    4.59848    4.35137    4.38552
     19300          0          2    4.14251    179.306    406.459    86.1853    106.496    192.681    2345.01    2429.86   0.786426    50.3129    39.9574    2050.92    2347.05    2.72599    320.997      0.016    5.73014    4.59821    4.34983    4.38374
     19200          0          2    4.14251    179.293    403.845      87.54    118.784    206.324    2344.81    2429.41   0.786708    50.0858    39.9574    2050.84    2346.97    2.72614     318.92      0.016    5.72978    4.59776    4.34858    4.38273
     19100 0.00159497          2     4.1441    179.286    402.957    87.6974    130.588    218.285    2344.64    2429.05   0.786966     49.771    39.9574    2050.75    2346.87    2.72631    317.971      0.016    5.72933     4.5972    4.34766    4.38217
     19000          0          2    4.30201    179.281    403.104    88.5009    143.207    231.708    2344.58    2428.93   0.787194    49.4278    39.9574    2050.69     2346.8    2.72646    317.892      0.016    5.72883    4.59659      4.347     4.3818
     18900          0          2    4.30201    179.279    401.433    90.3342    156.638    246.972    2344.44    2428.67   0.787403    49.1435    39.9574    2050.64    2346.75    2.72662    316.692      0.016    5.72831    4.59598     4.3465    4.38158
     18800          0          2    4.30201    179.279    398.756    99.8185     167.33    267.148    2344.33    2428.46   0.787604    48.7816    39.9574    2050.58    2346.68     2.7268    314.617      0.016    5.72778    4.59539    4.34614    4.38153
     18700          0          2    4.30201     179.28    396.906    120.893     179.32    300.212    2344.24    2428.29   0.787794    48.3326    39.9574    2050.53    2346.61    2.72699     313.01      0.016    5.72728    4.59484    4.34589    4.38158
     18600          0          2    4.30201    179.282    395.457    155.245    193.938    349.183    2344.16    2428.15   0.787974    47.8455    39.9574    2050.48    2346.55    2.72717    311.757      0.016     5.7268    4.59435    4.34574    4.38168
     18500          0          2    4.30201    179.284    394.066     197.12    202.774    399.893    2344.09    2428.03   0.788148    47.3363    39.9574    2050.45     2346.5    2.72735    310.561      0.016    5.72636    4.59392    4.34564    4.38182
     18400          0          2    4.30201    179.287    392.736    205.734    211.157    416.891    2344.03    2427.94   0.788317    46.8087    39.9574    2050.41    2346.46    2.72753    309.405      0.016    5.72596    4.59355     4.3456    4.38197
     18300          0          2    4.30201    179.289    389.628    209.632    219.887    429.519    2343.98    2427.86   0.788483     46.237    39.9574    2050.38    2346.42    2.72771    307.066      0.016     5.7256    4.59323    4.34558    4.38213
     18200          0          2    4.30201    179.292    385.422     234.51    228.615    463.125    2343.94    2427.79   0.788647    45.5385    39.9574    2050.36    2346.39    2.72789    303.785      0.016    5.72528    4.59296    4.34558    4.38229
     18100          0          2    4.30201    179.294    381.837    283.433    236.814    520.247    2343.91    2427.74   0.788809    44.6987    39.9574    2050.34    2346.36    2.72806      300.8      0.016      5.725    4.59274    4.34561    4.38244
     18000          0          2    4.30201    179.297    378.486    327.807    245.571    573.378    2343.87    2427.69   0.788972    43.7601    39.9574    2050.32    2346.33    2.72823    298.017      0.016    5.72476    4.59256    4.34564    4.38259
     17900          0          2    4.30201    179.299    377.529    364.819    255.742    620.561    2343.85    2427.65   0.789134    42.7759    39.9574    2050.31    2346.31    2.72841    296.819      0.016    5.72455    4.59242    4.34568    4.38273
     17800          0          2    4.30201    179.301    378.047    399.912    266.771    666.683    2343.83    2427.61   0.789296    41.8643    39.9574    2050.29    2346.29    2.72857    296.861      0.016    5.72437     4.5923    4.34572    4.38285
     17700          0          2    4.30201    179.303    376.144    434.558    277.188    711.746    2343.81    2427.58   0.789458    41.0256    39.9574    2050.28    2346.28    2.72874    295.427      0.016    5.72422    4.59221    4.34577    4.38297
     17600          0          2    4.30201    179.305    372.923    458.315    291.608    749.923    2343.79    2427.56   0.789621    40.1344    39.9574    2050.27    2346.26    2.72891    292.848      0.016     5.7241    4.59215    4.34582    4.38309
     17500   0.204608          2    4.50661    179.306    372.996    466.039    305.687    771.726     2343.9    2427.78   0.789784    39.1534    39.9574    2050.26    2346.25    2.72907    292.369      0.016    5.72399     4.5921    4.34587    4.38319
     17400   0.328885          2    25.0917    181.835     404.99    495.519    315.634    811.153    2349.43    2450.28   0.817224    32.6001    39.0482    2090.64    2391.68    2.63898    339.878      0.016    5.71457    4.58529    4.34329    4.37349
     17300   0.298827          2    57.9501    182.212    414.566    525.445    326.145     851.59    2361.55    2483.13   0.848455    25.7213    38.2531    2100.74    2403.44    2.61219    347.981      0.016    5.71108    4.57664    4.32355    4.32821
     17200   0.341854          2    87.8758    182.009    420.263    562.778    341.222        904    2370.91    2508.19   0.876926    21.3796    37.5586    2107.31    2411.74    2.59316    352.435      0.016     5.7132    4.56565    4.28639     4.2575
     17100   0.490895          2     122.21    181.659    423.689    619.317    358.193     977.51    2382.02    2535.03   0.902206    17.1497    36.9519     2113.5    2419.78    2.57542    354.933      0.016    5.71777    4.54832    4.23433    4.57252
     17000   0.410902          2     171.22    181.197    425.397    671.974    379.096    1051.07    2400.12    2574.37   0.924395    10.6017     36.422    2119.85    2428.19    2.55609    355.938      0.016    5.72169    4.52453    4.56914    4.46781
     16900   0.312514          2    212.212    180.713    421.168    716.613    402.008    1118.62    2411.89    2599.68   0.943782    7.21308    35.9588    2126.63    2437.18    2.53599    352.455      0.016    5.72246    4.49298    4.48695    4.75132
     16800   0.296977          2    243.447    180.377    413.019    760.301    426.822    1187.12    2417.55    2611.82   0.960745    6.32173    35.5537     2133.4    2445.94    2.51833    345.474      0.016     5.7182    4.45283    4.79823    4.63591
     16700   0.300989          2    273.149    180.224    403.649     805.22    454.488    1259.71    2422.35    2621.79   0.975491    5.34588     35.199    2139.68    2453.85    2.50325    337.319      0.016    5.70798    4.40577    4.70455    4.92929
     16600   0.371157          2    303.318    180.214    393.105    847.295    487.424    1334.72     2427.3    2631.81   0.988136     3.7596    34.8882    2145.44    2460.92    2.48958    328.245      0.016    5.69179     4.7523    4.61259    4.82613
     16500    0.47057          2    340.533    180.262    393.671    893.806    515.515    1409.32    2435.85    2648.81   0.998832    0.35451    34.6155    2150.84    2467.46      2.476    327.043      0.016    5.67031    4.69166    4.92117    5.12517
     16400   0.567443          2    387.687    180.263    401.531    954.647    549.219    1503.87       2449    2674.64    1.00773   -4.51715     34.376    2156.23    2474.06    2.46103    332.551      0.016    5.64408    4.62603    4.82769    5.01596
     16300    0.63684          2    444.501    180.138    406.058       1025    581.598     1606.6    2466.01    2707.59    1.01503   -10.1926    34.1655    2161.98    2481.27    2.44392    336.263      0.016     5.6135    4.95861    5.13054    5.69453
     16200   0.577777          2    508.126    179.861    408.904    1099.99    621.182    1721.17    2484.91    2743.63    1.02094    -15.979    33.9801    2168.29    2489.42    2.42479    338.175      0.016    5.57884    4.88591    5.02467    5.55934
     16100   0.471857          2    565.797    179.515    399.361    1170.21    665.405    1835.61    2498.68    2768.74    1.02573   -19.3856    33.8167    2175.12    2498.31    2.40532    331.068      0.016    5.54011    4.80947    5.70986    5.42071
     16000   0.448503          2     612.96     179.24    381.575    1229.02    709.868    1938.89    2505.72    2780.08    1.02964   -20.6691    33.6725    2181.98    2507.14     2.3879     316.46      0.016     5.4974     5.1297    5.59062    6.09011
     15900   0.444226          2    657.806    179.081    372.394    1282.11    754.639    2036.75    2511.39    2788.72    1.03277   -22.2427    33.5449    2188.42    2515.28    2.37283    307.297      0.016    5.45106    5.04511    5.47536    5.96937
     15800   0.480254          2    702.265    179.007    368.304    1337.67    797.992    2135.66    2516.71    2796.88    1.03513   -24.0564     33.432    2194.35    2522.67    2.35906    303.053      0.016    5.40175    5.75784    6.16823    5.85942
     15700   0.493843          2    750.304    178.967    365.503    1393.47    842.535    2236.01    2523.78    2808.73    1.03673   -26.6915    33.3317    2199.87    2529.51    2.34566    300.125      0.016    6.14519    5.66688    6.06218    6.55374
     15600   0.498397          2    799.692    178.927    363.842    1450.36    886.368    2336.72    2531.06    2821.14     1.0376   -29.4351    33.2426     2205.2    2536.12     2.3321    298.111      0.016    6.08545     5.5753    5.95846    6.44595
     15500   0.492811          2    849.526    178.881    361.397    1506.81    931.017    2437.83    2538.09    2833.06    1.03785   -32.0317    33.1631    2210.44    2542.62    2.31853     295.69      0.016    6.02449    5.48401     5.8574    6.34166
     15400   0.550956          2    898.866    178.832    358.584    1567.76     976.19    2543.95     2544.4    2843.59    1.03758   -34.3549    33.0921    2215.61    2549.04    2.30516    292.899      0.016    5.96291    6.19478    6.56032    6.24185
     15300    0.63517          2    954.046    178.749     357.48    1636.56    1024.76    2661.32    2553.54    2859.79    1.03683    -37.723    33.0283    2220.71    2555.43    2.29153    291.313      0.016    5.90117    6.10394     6.4616    6.74082
     15200   0.700574          2    1017.63    178.564    357.453    1706.12    1074.27    2780.39    2566.45    2883.43    1.03559   -42.3099    32.9709    2225.96    2562.18    2.27654    290.693      0.016    5.83957    6.01335    6.36242    6.63308
     15100   0.823507          2    1087.81    178.235    364.203    1784.97     1124.8    2909.78    2581.68    2911.42    1.03389   -47.3074     32.919    2231.64    2569.68    2.25979    294.961      0.016    6.57604    5.92342    6.26135    6.51919
     15000   0.932703          2    1170.27    177.712    375.556    1878.48     1176.4    3054.87    2602.11    2949.38    1.03175   -53.3395    32.8718     2237.9     2578.2    2.24087    303.343      0.016    6.50756    5.83402    6.75606      6.501
     14900     1.0222          2    1263.63    176.948    384.219    1983.16    1228.09    3211.25    2626.32    2994.34    1.02918   -59.6887    32.8288    2244.98    2588.12    2.21922    310.173      0.016    6.43769    6.54346    6.64024      6.501
     14800   0.989526          2    1365.82    175.941    391.545    2099.64    1281.43    3381.08    2652.82     3043.2    1.02622    -65.936    32.7892       2253    2599.62    2.19508    315.537      0.016    6.36647     6.4491      6.516      6.501
     14700   0.226044          2       1464    174.724    381.773    2208.41     1335.7    3544.11    2674.46    3081.74      1.023   -69.9612    32.7525     2261.8    2612.46    2.17031    308.629      0.016    6.29333     6.3525      6.501      6.501
     14600   0.228078          2    1486.61    166.362    309.789    2273.17    1405.18    3678.35       2649    3017.54   0.960565   -59.8478    33.7363    2315.23    2693.58    2.25002    219.637      0.016      6.501     6.4469      6.501      6.501
     14500   0.187344          2    1509.38    163.813    281.721    2320.34    1480.71    3801.05    2628.94    2967.62   0.936671   -56.9022    34.6823    2298.07    2676.93    2.26647    193.266      0.016      6.501     6.5869      6.501      6.501
     14400   0.150987          2    1528.08    163.399    264.337    2359.08    1558.67    3917.75    2610.44    2922.99   0.912801   -56.2046    35.5885    2282.07    2657.79    2.28006    178.069      0.016      6.501    5.83073      6.501      6.501
     14300    0.14261          2    1543.17    163.695    249.246    2394.04    1634.12    4028.16    2593.35     2882.6   0.887775   -56.3553    36.4418     2267.5    2639.11    2.29438    166.199      0.016      6.501    5.80248      6.501      6.501
     14200   0.134127          2    1557.42    164.232    236.375    2421.56    1708.44       4130    2578.75    2848.32   0.862041   -57.2834    37.2291    2254.37    2621.81    2.30794    156.276      0.016      6.501    6.53636      6.501      6.501
     14100   0.152894          2    1570.85     164.86    229.615     2448.3    1781.92    4230.22     2566.1    2818.85   0.836274   -58.5099    37.9427    2242.81    2606.32    2.32007    150.604      0.016      6.501    6.45089      6.501      6.501
     14000  0.0791096          2    1586.07    165.507    226.555    2465.75     1853.4    4319.15    2556.37    2795.95    0.81106   -60.1373    38.5803    2232.92     2592.9    2.33037    147.986      0.016      6.501    6.36391      6.501      6.501
     13900  0.0378697          2    1593.94    166.223    221.242    2477.68    1927.74    4405.42    2544.13    2768.67   0.787158   -60.1941    39.1438    2223.87    2580.42    2.34041    144.374      0.016      6.501    6.28463      6.501      6.501
     13800   0.103709          2    1597.79    167.054    215.057    2498.04     1999.2    4497.24    2531.59    2741.48    0.76508    -59.786    39.6376    2214.69    2567.61    2.35147    140.011      0.016      6.501    6.21721      6.501      6.501
     13700 0.00442308          2    1608.06    167.894    210.519    2502.24    2072.66     4574.9    2524.24    2725.28   0.744401   -61.0623    40.0676    2206.62    2556.18     2.3613      136.6      0.016      6.501    6.76609      6.501      6.501
     13600  0.0974265          2     1608.6    168.802    206.962    2513.53    2145.06    4658.59    2512.52    2700.75   0.725327   -60.4176    40.4403    2199.22    2545.51    2.37124    134.046      0.016      6.501     6.7266      6.501      6.501
     13500   0.124548          2    1618.37    169.715    210.714       2525    2211.18    4736.18    2507.35    2689.75   0.707736   -61.8864    40.7621     2192.5    2535.69    2.38042    136.212      0.016      6.501    6.69892      6.501    6.51644
     13400   0.065784          2    1630.76    170.549    218.702    2538.61    2279.67    4818.28    2503.99    2682.49   0.691172   -63.3305    41.0391     2187.8    2528.52    2.38711    141.875      0.016      6.501    6.68224    6.51645    6.57773
     13300   0.343884          2    1637.62    171.399    215.186    2551.06    2345.13    4896.19    2497.89    2669.82   0.676116   -63.1733     41.277    2183.56    2521.91    2.39388    140.606      0.016      6.501    6.67523    6.55488    6.63882
     13200   0.376015          2    1672.04    174.255    237.193     2581.9    2410.79    4992.69    2502.34    2691.92   0.706065   -68.6273    40.2965    2204.67    2542.81    2.31192    179.824      0.016      6.501    6.63969    6.57421    6.64643
     13100   0.428215          2    1709.69    175.598     244.17    2619.12    2471.06    5090.18    2508.14    2714.22    0.73456   -72.4845    39.3976       2213    2550.92     2.2857    186.412      0.016      6.501    6.61553    6.58362    6.62943
     13000   0.351398          2    1752.44    176.381    250.056    2648.31    2533.16    5181.47    2516.21    2738.89   0.760071   -76.0336    38.5929    2219.21    2557.31    2.26635    192.023      0.016      6.501    6.58542    6.57017    6.59163
     12900   0.501511          2    1787.73    176.805     256.45    2692.74    2595.06     5287.8    2519.52    2752.17   0.782595   -77.0321    37.8817    2224.76    2563.47    2.24928    197.615      0.016      6.501    6.54914    6.53866    6.54036
     12800   0.539898          2    1837.92    176.854    262.853    2745.45    2659.09    5404.55    2530.97     2780.3   0.802425   -80.4398    37.2566    2229.77    2569.55    2.23349    203.117      0.016      6.501    6.50967      6.501      6.501
     12700   0.453468          2    1891.82    176.662    264.643    2792.37    2725.03     5517.4    2543.17    2808.56   0.819778   -83.6573     36.708    2234.96    2576.24    2.21619     205.12      0.016      6.501      6.501      6.501      6.501
     12600    0.26955          2    1936.98    176.508    263.363    2819.94    2793.68    5613.61    2549.44    2823.77   0.834838   -84.5961     36.226    2240.55    2583.37    2.19883    204.254      0.016      6.501      6.501      6.501      6.501
     12500   0.294261          2    1963.96    176.519    262.932    2849.74    2864.14    5713.88    2545.67    2818.19   0.847994   -82.0846    35.8017    2245.95    2590.01    2.18488    203.722      0.016      6.501      6.501      6.501      6.501
     12400   0.258387          2    1993.35    176.687    262.723    2877.23    2933.56    5810.79    2544.37    2817.39   0.859486    -80.798    35.4274    2250.59    2595.45    2.17414    203.541      0.016      6.501      6.501      6.501      6.501
     12300   0.355687          2    2019.29    176.951    261.129    2915.43    3003.39    5918.83    2541.68    2813.75   0.869386   -79.3795    35.0963     2254.6    2599.96    2.16475     202.36      0.016      6.501      6.501      6.501      6.501
     12200   0.514391          2    2055.02    177.227    258.444    2967.73    3075.47     6043.2    2544.94    2821.92   0.877821   -80.4919    34.8029    2258.16    2603.91    2.15552    200.182      0.016      6.501      6.501      6.501      6.501
     12100   0.613293          2    2106.55    177.365    257.348    3028.78    3150.54    6179.32    2556.45    2846.24   0.884836    -84.753    34.5423    2261.81    2608.18    2.14401    198.902      0.016      6.501      6.501      6.501      6.501
     12000   0.711668          2    2167.98    177.296    257.106    3098.36    3223.35    6321.71    2571.92    2877.77   0.890543   -90.2285    34.3104    2266.13    2613.61    2.12949    198.316      0.016      6.501      6.501      6.501      6.501
     11900   0.767514          2     2239.2    177.006    257.827     3172.6    3300.89    6473.49    2590.99    2915.61   0.895127   -96.5529    34.1037    2271.33     2620.5    2.11241    198.344      0.016      6.501      6.501      6.501      6.501
     11800    0.90794          2     2316.1    176.516    259.242    3252.74    3379.42    6632.15    2611.11     2954.6   0.898746   -102.699    33.9194    2277.48    2628.87    2.09335     198.87      0.016      6.501      6.501      6.501      6.501
     11700   0.429791          2    2406.41      175.8    269.176    3346.16     3460.2    6806.36    2636.49    3003.19   0.901495    -109.92    33.7547    2284.51    2638.72     2.0722     205.39      0.016      6.501      6.501      6.501      6.501
     11600   0.349889          2    2449.31    165.041    242.825    3419.87    3552.52     6972.4    2631.47    2980.83   0.857357   -106.511    34.6333    2312.92    2693.14    2.16356    153.646      0.016      6.501      6.501      6.501      6.501
     11500   0.246056          2     2484.2    161.621    222.707    3483.14    3656.67    7139.81     2623.6    2955.71   0.836866   -105.351    35.4829    2302.77    2686.93     2.1659    136.495      0.016      6.501      6.501      6.501      6.501
     11400    0.24702          2     2508.8    160.871    196.062    3532.25    3763.75       7296    2612.12       2925   0.816637   -104.686    36.2999    2292.99     2676.2    2.16968    116.011      0.016      6.501      6.501      6.501      6.501
     11300   0.246226          2     2533.5     160.97    183.596    3573.74    3868.26       7442    2603.06     2900.3   0.795533   -105.806    37.0709    2283.46    2664.15    2.17735    104.774      0.016      6.501      6.501      6.501      6.501
     11200   0.183945          2    2558.06    161.303    178.555    3609.66     3971.8    7581.46    2595.66    2879.79   0.773686    -107.41    37.7829    2275.04    2653.02    2.18522    100.179      0.016      6.501      6.501      6.501      6.501
     11100   0.027302          2     2576.3    161.754    169.522    3623.98    4074.95    7698.93    2586.23       2856   0.752017   -107.964    38.4281    2267.09    2642.28    2.19336    93.8931      0.016      6.501      6.501      6.501      6.501
     11000          0          2       2579     162.42     159.04    3628.43    4177.33    7805.75    2570.13    2819.77   0.731654   -106.156    39.0042     2257.8    2629.48    2.20443    86.3962      0.016      6.501      6.501      6.501      6.501
     10900  0.0701394          2    2579.07    163.278    153.304    3641.86    4281.65    7923.51    2555.25    2787.09   0.712762   -104.839    39.5127    2247.18     2614.7    2.21794    81.8963      0.016      6.501      6.501      6.501      6.501
     10800   0.141891          2    2586.16    164.157    149.959    3666.73    4383.04    8049.78    2546.29    2767.13   0.694638   -105.466    39.9577    2237.76    2601.41    2.23003     79.385      0.016      6.501      6.501      6.501      6.501
     10700   0.124649          2    2600.33    164.939    145.409    3689.49    4484.33    8173.82    2542.18    2757.34   0.677031   -107.535    40.3448       2231    2591.61    2.23869     76.179      0.016      6.501      6.501      6.501      6.501
     10600   0.105411          2    2612.78    165.668    140.407    3707.47    4585.56    8293.04    2537.45    2746.53   0.660406   -109.149    40.6796    2225.99    2584.12    2.24544    72.4721      0.016      6.501      6.501      6.501      6.501
     10500   0.109546          2    2623.32    166.415     137.42    3724.94    4686.65    8411.59    2532.22    2734.91   0.645184   -110.391    40.9683    2221.38     2577.1    2.25214     70.012      0.016      6.501      6.501      6.501      6.501
     10400    0.10845          2    2634.28    167.181    135.534    3741.58    4785.67    8527.24    2527.79    2725.12   0.631288   -111.706    41.2164    2217.06    2570.43    2.25876    68.4767      0.016      6.501      6.501      6.501      6.501
     10300   0.153022          2    2645.17    167.956    134.319     3764.7    4882.61    8647.31    2523.75    2716.29   0.618565    -112.95    41.4292    2213.16    2564.27    2.26513    67.4598      0.016      6.501      6.501      6.501      6.501
     10200   0.137698          2    2660.45    168.696    132.915    3786.74    4979.61    8766.36     2522.4    2712.99   0.606798   -114.937    41.6113    2210.06    2559.18    2.27046    66.4074      0.016      6.501      6.501      6.501      6.501
     10100  0.0197766          2    2674.11    169.415    130.362    3792.29     5073.9    8866.19    2520.08    2707.75    0.59596   -116.416    41.7671    2207.64    2554.98    2.27517    64.4871      0.016      6.501      6.501      6.501      6.501
     10000  0.0633133          2    2676.13    170.255    127.574    3804.16    5167.64    8971.81    2511.66    2690.48   0.586433   -115.715    41.9003    2204.05    2549.14    2.28223    62.4744      0.016      6.501      6.501      6.501      6.501
      9900   0.137059          2    2682.53    171.175    124.597    3826.62    5260.77    9087.39    2506.72    2680.52   0.577872   -116.318     42.014    2199.58    2542.11    2.29048    60.3447      0.016      6.501      6.501      6.501      6.501
      9800   0.125741          2    2696.23    172.024    121.342     3847.6    5352.49    9200.08    2506.08    2679.27   0.569571   -118.458    42.1111    2196.47    2536.89    2.29669    57.9264      0.016      6.501      6.501      6.501      6.501
      9700   0.173233          2    2708.85     172.82    117.916    3875.25    5442.86    9318.11    2504.57    2676.22   0.561637   -120.245    42.1939    2194.47    2533.14     2.3016    55.3204      0.016      6.501      6.501      6.501      6.501
      9600   0.173767          2    2726.17    173.562    114.316    3902.99    5531.93    9434.91    2505.53    2678.01   0.554165   -122.845    42.2647    2193.11    2530.27    2.30553    52.5273      0.016      6.501      6.501      6.501      6.501
      9500   0.144869          2    2743.52    174.258    110.594    3925.77    5619.74    9545.51    2506.04    2678.75   0.547128   -125.223    42.3252    2192.39    2528.27    2.30866    49.5935      0.016      6.501      6.501      6.501      6.501
      9400  0.0246287          2    2757.89    174.969    107.786    3931.29    5709.97    9641.27    2504.62    2675.58   0.540699   -126.888    42.3768    2191.41    2525.94    2.31231    47.2464      0.016      6.501      6.501      6.501      6.501
      9300  0.0313871          2    2760.36    175.829     105.64    3937.38    5797.94    9735.32    2496.86    2659.86   0.535116   -126.349     42.421    2188.72    2521.29     2.3189    45.5445      0.016      6.501      6.501      6.501    6.53809
      9200  0.0397057          2     2763.5    176.817     103.86     3944.4    5884.83    9829.23    2490.52    2647.33     0.5301   -126.396    42.4588    2184.53     2514.6    2.32756    44.2028      0.016      6.501      6.501      6.501    6.59038
      9100  0.0985229          2    2767.53     177.84    102.282    3959.42    5968.99    9928.41    2485.31    2637.33   0.525149   -126.902    42.4911    2180.42    2507.98     2.3361    43.0307      0.016      6.501      6.501      6.501    6.64717
      9000   0.113981          2     2777.4    178.818     100.78    3976.46    6049.47    10025.9    2483.67    2634.56   0.520058   -128.649    42.5188    2177.28    2502.64    2.34316    41.8805      0.016      6.501      6.501      6.501      6.704
      8900   0.036233          2    2788.72     179.73    99.3584    3982.65    6130.39      10113    2482.65    2632.95   0.514865    -130.52    42.5426    2175.28    2498.81    2.34868    40.7483      0.016      6.501      6.501    6.54136    6.75818
      8800   0.120211          2    2792.43    180.693    98.1248     4000.3    6210.22    10210.5    2477.42    2622.82   0.509981   -130.819    42.5629    2172.88    2494.43    2.35517    39.8038      0.016      6.501      6.501    6.58913     6.2122
      8700   0.174447          2     2804.5    181.645    96.9156    4025.33    6288.98    10314.3    2477.25    2622.87   0.505225   -132.847    42.5804    2170.49    2490.09    2.36126    38.8713      0.016      6.501      6.501    6.63697    6.25522
      8600   0.211441          2    2821.98    182.479    95.6689    4055.33    6367.05    10422.4    2479.63    2627.85   0.500278    -135.63    42.5954    2169.69     2487.9    2.36493    37.8394      0.016      6.501    6.50357    6.68303     6.2948
      8500   0.167813          2    2843.09    183.195    94.4019    4078.83    6444.55    10523.4    2483.27    2635.04   0.495326   -138.656    42.6083    2170.15     2487.4    2.36676    36.7325      0.016      6.501     6.5454    6.72635    6.32904
      8400   0.194532          2    2859.89    183.887    93.7282    4105.59    6521.96    10627.6     2483.8    2635.77     0.4907   -140.427    42.6195     2170.6    2486.95    2.36877    36.0335      0.016      6.501    6.58751    6.76656    6.36106
      8300    0.11131          2    2879.26    184.571    93.4008    4120.73    6595.69    10716.4    2485.47    2638.67   0.486407   -142.461     42.629    2170.65    2486.03    2.37108    35.6388      0.016      6.501    6.62973    6.20438    6.39219
      8200   0.144965          2    2890.43    185.316    93.4281    4140.22    6669.25    10809.5    2482.28    2631.88   0.482495   -142.729    42.6372    2169.89    2484.03    2.37481    35.5824      0.016      6.501    6.67161    6.23329    6.42511
      8100   0.123237          2     2904.9      186.1    93.6928    4156.57     6742.6    10899.2    2481.23    2629.52   0.478835   -143.708    42.6443    2168.32    2481.01    2.37936    35.7566      0.016      6.501     6.7128    6.26386    6.45964
      8000   0.182964          2    2917.29    186.895      94.16    4180.88    6815.43    10996.3    2478.98    2624.87   0.475224   -144.223    42.6505    2166.75    2477.96    2.38393    36.1155      0.016      6.501     6.7535    6.29722    6.49564
      7900   0.116593          2    2935.52    187.648    94.8009    4195.96    6887.78    11083.7    2479.99     2626.8   0.471555   -145.791    42.6557    2165.57    2475.48    2.38762    36.5943      0.016      6.501      6.794    6.33218    6.53097
      7800   0.134644          2    2947.19    188.414    95.6764    4213.35    6959.07    11172.4    2477.07    2620.84   0.467969   -145.895    42.6603    2164.41    2472.99    2.39159    37.2921      0.016      6.501    6.22863    6.36756    6.56742
      7700   0.152276          2    2960.68     189.21    96.7362    4233.02    7030.26    11263.3    2475.41    2617.51   0.464536   -146.373    42.6642    2162.66    2469.76    2.39619    38.1728      0.016      6.501    6.26088      6.404     5.8056
      7600   0.137727          2    2975.89    189.984    97.9471    4250.58    7100.38      11351     2474.7    2616.14   0.461063   -147.092    42.6676    2161.22    2466.95    2.40021    39.1781      0.016      6.501    6.29461      6.439     5.8283
      7500  0.0916717          2    2989.62    190.747    99.3119    4262.84    7169.45    11432.3    2473.11    2612.98   0.457642   -147.385    42.6706    2159.92    2464.33     2.4041    40.3234      0.016      6.501     6.3293    6.47121    5.85194
      7400  0.0640047          2    2998.75    191.563    99.6708     4271.8    7237.44    11509.2    2469.14    2605.14   0.454407    -146.79    42.6731       2158    2460.89    2.40899     40.873      0.016      6.501    6.36457    6.50362     5.8812
      7300  0.0518852          2    3005.14     192.46    99.5155    4279.37    7306.26    11585.6    2464.15    2595.43   0.451324   -145.883    42.6753    2155.21     2456.3    2.41514    41.0288      0.016      6.501    6.40038    6.53847    5.91712
      7200  0.0236603          2     3010.3    193.422    99.0732    4283.24    7375.83    11659.1    2459.06    2585.74   0.448242   -145.019    42.6772    2151.95    2451.07    2.42196    40.9894      0.016      6.501    6.43693    6.57696    5.95901
      7100  0.0174526          2    3012.66    194.451    98.4524    4286.39    7443.68    11730.1    2453.02    2574.29    0.44511   -143.901    42.6788    2148.33    2445.33     2.4294    40.8365      0.016      6.501    6.47456     5.8156    6.00667
      7000  0.0719213          2    3014.46    195.531    97.6904    4297.19    7505.75    11802.9    2447.35    2563.78   0.441886   -142.997    42.6803    2144.48    2439.26    2.43723    40.5874      0.016      6.501    6.51337    5.84716    6.05726
      6900   0.070308          2    3021.65     196.57    96.7457    4307.87    7567.28    11875.2    2445.15    2560.27   0.438395   -143.345    42.6815    2141.36    2434.15    2.44382    40.1544      0.016      6.501    6.55337    5.88615    6.10696
      6800  0.0818467          2     3028.7    197.559    95.6718     4320.2    7632.62    11952.8    2442.87     2556.5   0.434711   -143.635    42.6826    2139.15    2430.21    2.44925    39.5793      0.016      6.501    6.59485    5.92873    6.15536
      6700  0.0835809          2    3036.88    198.521    94.5102    4332.78     7696.2      12029    2441.29    2553.99   0.430997   -144.125    42.6835    2137.31    2426.76    2.45419    38.9076      0.016      6.501    5.82839    5.97284    5.40286
      6600  0.0767549          2    3045.23    199.457    93.3081    4344.44    7756.15    12100.6     2439.8    2551.54   0.427323   -144.595    42.6843    2135.71    2423.67    2.45878    38.1822      0.016      6.501    5.85982    6.01467    5.42983
      6500  0.0987879          2    3052.93    200.379    92.0789    4358.77    7816.87    12175.6       2438    2548.37   0.423773   -144.905     42.685    2134.16    2420.64    2.46333    37.4242      0.016      6.501    5.89442    6.05231    5.45716
      6400   0.102895          2    3062.81    201.269    91.1499    4373.47     7876.8    12250.3    2437.44    2547.62   0.420279   -145.614    42.6856    2132.82    2417.93    2.46744    36.8442      0.016      6.501    5.93103    6.08901    5.48698
      6300  0.0965561          2     3073.1    202.119    90.3864    4387.17    7937.63    12324.8    2436.97    2546.92   0.416824   -146.289    42.6861    2131.84     2415.7    2.47104    36.3879      0.016      6.501    5.96897    6.12548    5.51746
      6200  0.0376744          2    3082.69    202.956    89.7456    4392.73    7998.47    12391.2    2435.99    2545.14   0.413474   -146.731    42.6866    2130.87    2413.51     2.4746    36.0234      0.016      6.501    6.00776    6.16193    5.54887
      6100  0.0318559          2    3086.46    203.859    89.2915    4397.38    8059.26    12456.6    2431.86    2537.06   0.410348   -146.048     42.687    2129.15    2410.36    2.47943    35.8451      0.016      6.501    6.04709    6.19918     5.5845
      6000    0.11244          2    3089.72    204.838    88.9575    4412.92    8119.93    12532.8    2427.95    2529.56   0.407355   -145.481    42.6873    2126.59     2406.1    2.48534    35.8008      0.016      6.501    6.08684    5.42606    5.62441
      5900  0.0978353          2    3100.95    205.744    88.5914    4426.47    8177.88    12604.3    2428.67    2531.38   0.404156   -146.547    42.6876    2124.82    2402.89    2.48973    35.6929      0.016      6.501    6.12663    5.45228    5.66024
      5800  0.0516048          2    3110.69    206.569    88.2452    4433.68    8236.81    12670.5    2428.18    2530.66   0.400857   -147.105    42.6879    2124.03    2400.97    2.49291    35.5657      0.016      6.501    6.16643    5.48305    5.69234
      5700   0.123876          2    3115.92    207.428    87.9992    4450.63    8295.29    12745.9    2425.19    2524.88   0.397771   -146.728    42.6881    2122.71    2398.38    2.49701    35.5433      0.016      6.501    5.40546    5.51565    5.72646
      5600   0.136076          2    3128.32    208.249    87.7224    4469.21    8353.19    12822.4    2426.34    2527.38    0.39468   -147.785    42.6883    2121.55    2396.03    2.50043    35.4787      0.016      6.501     5.4292    5.54961     5.7603
      5500   0.056026          2    3141.85    208.969    87.4256    4477.73    8410.62    12888.3    2427.64    2530.05   0.391504   -148.812    42.6885    2121.38    2394.99    2.50244    35.3554      0.016      6.501    5.45274    5.58265    5.79058
      5400  0.0571778          2    3147.45    209.724    86.4375    4486.79    8467.32    12954.1    2424.33    2523.41   0.388599   -148.173    42.6886    2120.56    2393.13    2.50567     34.796      0.016      6.501    5.47946    5.61425    5.01741
      5300   0.110949          2    3153.22    210.553    85.0436    4503.31    8523.21    13026.5    2421.55    2517.96   0.385932   -147.794    42.6887    2118.67    2389.93    2.51017    33.9135      0.016      6.501    5.50819    5.64436    5.04152
      5200  0.0169624          2    3164.22    211.342    83.3311    4507.35    8581.67      13089    2421.82    2518.66   0.383159   -148.561    42.6888    2117.26    2387.34    2.51365    32.7376      0.016      6.501    5.53832    5.67455    5.06769
      5100   0.112724          2    3166.02     212.18    81.5457    4524.31    8638.69      13163    2416.89    2509.01   0.380489   -147.556    42.6889    2115.57    2384.37    2.51804    31.5152      0.016      6.501    5.56944    5.70536    5.09818
      5000   0.158156          2    3177.33        213    79.5405    4547.39    8694.29    13241.7    2417.72    2510.96   0.377772   -148.675     42.689    2113.84    2381.39    2.52188    30.0903      0.016      6.501    5.60141    5.73815    5.13023
      4900   0.430056          2    3193.42    213.679    77.3353    4571.63    8750.61    13322.2     2420.7    2517.07   0.374803   -150.546    42.6891    2113.78    2380.56     2.5233    28.4188      0.016      6.501    5.63412    5.77061    5.15705
      4800   0.128679          2    3236.13     213.94    74.6522       4591    8807.42    13398.4    2437.22    2549.75   0.371369   -156.971    42.6891    2117.49     2384.7    2.51836    26.1607      0.016      6.501    5.66715    5.79836    5.16449
      4700  0.0817627          2    3248.95    214.163    72.1298    4604.01    8864.76    13468.8    2434.93    2544.14    0.36851   -156.602    42.6892     2121.3    2389.01    2.51505    24.0276      0.016      6.501    5.69934    5.01315    5.16587
      4600   0.420959          2    3257.46    214.661    69.8101    4625.65     8919.9    13545.5    2430.99    2535.45   0.366632   -155.787    42.6892    2120.68    2387.72    2.51748    22.1904      0.016      6.501    5.72959    5.02369     5.1779
      4500   0.417294          2    3299.55    214.891    67.0754     4648.5    8974.11    13622.6    2445.58    2563.92   0.364256   -161.485    42.6893    2122.39     2389.5    2.51473     19.875      0.016      6.501    5.75778    5.03343    5.17861
      4400   0.435193          2     3341.3    214.727    64.5399    4671.27    9030.48    13701.8    2457.38    2586.17   0.361537   -165.954    42.6893     2128.2    2396.62    2.50676    17.5028      0.016      6.501    5.78364    5.03727    5.15939
      4300    0.44212          2    3384.83     214.38    62.1712    4690.95     9087.6    13778.6    2468.38     2606.3   0.359279   -169.906    42.6894    2134.36    2404.37     2.4982     15.222      0.016      6.501    5.00543    5.03282    5.12908
      4200   0.451913          2    3429.05    213.921    59.9175     4714.4    9145.88    13860.3    2478.19    2623.74   0.357504   -173.304    42.6894    2140.22     2411.9    2.48969    13.0029      0.016      6.501    5.01681    5.02243     5.0921
      4100   0.453229          2    3474.24    213.383    57.7736    4741.23     9204.2    13945.4    2487.17    2639.37   0.356135    -176.35    42.6894    2145.61    2418.95     2.4814    10.8562      0.016      6.501    5.02154     5.0081    5.05178
      4000   0.470554          2    3519.58    212.792    55.7196    4767.85    9264.71    14032.6    2495.01     2652.7   0.355091   -179.001    42.6894    2150.48    2425.46    2.47342    8.77505      0.016      6.501     5.0225    5.78932    5.01094
      3900   0.488374          2    3566.66     212.15    53.7226    4796.66    9327.46    14124.1    2502.72    2665.85   0.354252   -181.637    42.6894    2154.97    2431.58    2.46553    6.73054      0.016      6.501    5.02071    5.76572     5.7774
      3800   0.483848          2    3615.49    211.448    51.7578    4823.43    9389.46    14212.9    2510.33    2678.84   0.353526    -184.27    42.6895    2159.34    2437.62    2.45742    4.69602      0.016      6.501    5.01698    5.73949    5.73895
      3700   0.489279          2    3663.88    210.713    49.1733    4853.73    9452.07    14305.8    2516.68    2689.41   0.352931   -186.538    42.6895    2163.42    2443.37    2.44944     2.2815      0.016      6.501    5.01183     5.7101    5.69734
      3600   0.494839          2    3712.81    209.962    44.9397    4880.92    9515.31    14396.2    2522.53    2699.11   0.352457   -188.775    42.6895    2167.08    2448.64    2.44171   -1.44801      0.016      6.501    5.00552    5.67819    5.65429
      3500   0.514989          2    3762.32    209.197    39.9762    4906.56    9581.11    14487.7    2527.98    2708.15   0.352051   -191.072    42.6895    2170.46    2453.62    2.43409   -5.78636      0.016      6.501    5.79803    5.64444    5.61041
      3400   0.514569          2    3813.82    208.401    34.7326    4927.43    9646.71    14574.1    2533.84    2718.14    0.35166   -193.702    42.6895    2173.81    2458.58    2.42623   -10.4143      0.016      6.501    5.78612    5.60921    5.56532
      3300  0.0504891          2    3864.81    207.577    29.2188    4938.16    9713.48    14651.6    2538.68     2726.2    0.35129    -196.19    42.6895    2177.11    2463.54    2.41826   -15.2787      0.016      6.501    5.76963    5.57248    5.51938
      3200   0.524376          2    3870.33    207.272    24.6891    4949.96    9780.91    14730.9    2518.74    2685.22   0.351798   -191.122    42.6895    2175.06    2461.46    2.41928   -19.2465      0.016      6.501    5.74943     5.5384    5.49688
      3100     0.5295          2    3922.77    206.997    21.3177    4959.83    9848.56    14808.4    2527.48    2702.58   0.351899   -195.681    42.6895    2172.12    2458.24    2.41891   -22.3408      0.016      6.501    5.72723    5.51431    5.48156
      3000   0.535887          2    3975.73    206.359    18.2429    4972.18     9916.8      14889    2534.74    2716.77   0.350881   -199.699    42.6895    2174.83    2462.28    2.41131   -25.3836      0.016      6.501    5.70454    5.49292    5.45246
      2900   0.549963          2    4029.33    205.577    15.4997    4984.44    9986.73    14971.2    2541.34    2729.27   0.349821   -203.334    42.6895     2178.6    2467.77    2.40247   -28.2149      0.016      6.501    5.68162    5.47053    5.41698
      2800   0.556234          2    4084.34    204.723    12.9946    4996.51    10057.3    15053.8    2547.85    2741.34   0.348864   -206.808    42.6895    2182.51    2473.53    2.39326   -30.8783      0.016      6.501    5.65814    5.44304    6.19191
      2700  0.0190335          2    4139.42    203.828    10.4724    5001.04    10132.4    15133.4    2553.53    2751.58   0.347995   -209.938    42.6895    2186.37    2479.29    2.38394   -33.5266      0.016      6.501    5.63362    5.41831    6.16229
      2600          0          2    4141.31    203.529    8.24023    5005.63    10202.7    15208.4    2530.11    2704.03   0.348183   -204.143    42.6895     2184.1    2476.93    2.38498    -35.638      0.016      6.501    5.60818    5.40101    6.15634
      2500   0.573681          2    4141.88    203.918    6.25824    5013.81    10276.7    15290.5    2510.22    2665.02   0.348974   -199.953    42.6895    2174.52    2464.91    2.39549   -37.2601      0.016      6.501    5.58324    6.19693    6.18709
      2400   0.576176          2    4199.25    203.959     3.6221    5023.73    10350.4    15374.1    2523.61    2693.26      0.348   -206.636    42.6895     2170.5       2460    2.39612   -39.6414      0.016      6.501    5.56098    5.40194    5.40504
      2300   0.579436          2    4256.87     203.43   0.605447    5031.07    10424.1    15455.2    2534.39    2715.43   0.345668   -212.146    42.6895    2174.58    2465.57    2.38679    -42.597      0.016      6.501    5.54198    5.40057    6.19604
      2200          0          2    4314.24    202.686   -2.34339    5031.22    10498.1    15529.3    2543.39    2733.17   0.343486   -216.732    42.6895    2179.98    2473.01    2.37601   -45.6104      0.016      6.501    5.52499    6.19109    6.17267
      2100   0.579479          2    4314.81    202.509   -4.18999    5038.54    10572.4    15610.9     2520.9    2687.87   0.342682   -211.502    42.6895    2178.89    2471.92     2.3763   -47.4555      0.016      6.501    5.50859    6.17695    6.16952
      2000   0.585595          2    4372.77    202.349   -6.19112    5045.45    10646.9    15692.4    2533.17    2712.82   0.341706   -217.335    42.6896    2176.39    2469.11    2.37539   -49.4452      0.016      6.501    5.49275    6.16927    6.16967
      1900   0.597302          2    4431.34    201.744    -8.3306       5051    10722.7    15773.7    2543.33    2733.03   0.339637   -222.265    42.6896    2180.57    2474.91    2.36594   -51.7635      0.016      6.501    5.47771    6.15778     6.1476
      1800   0.606057          2    4491.08    200.957   -10.4196    5056.95    10799.4    15856.4    2552.64    2750.91   0.337708   -226.624    42.6896    2185.91    2482.36    2.35516   -54.0974      0.016      6.501    5.46272    6.13824    6.11268
      1700   0.621508          2     4551.7    200.082    -12.555    5063.59      10878    15941.6    2561.19    2766.86   0.336102   -230.524    42.6896    2191.24    2489.91    2.34421   -56.4676      0.016      6.501    5.44669    6.11091    6.06959
      1600  0.0128565          2    4613.24    199.146    -14.907     5066.8    10959.1    16025.9    2569.12     2781.3    0.33479    -234.09    42.6896    2196.38    2497.34    2.33322   -59.0185      0.016      6.501    5.42873    6.07708    6.02081
      1500  0.0125836          2    4614.53    198.842   -16.6021    5069.64    11038.8    16108.5     2543.9    2729.83    0.33477   -227.808    42.6896    2194.62    2495.62     2.3338   -60.7107      0.016      6.501     5.4114    6.04354    5.99888
      1400   0.606901          2    4616.38    199.249   -17.9594    5073.43    11116.5      16190    2523.63    2689.86   0.335521   -223.512    42.6896    2184.83    2483.25    2.34472   -61.8154      0.016      6.501    5.40135    6.02661    6.01537
      1300          0          2    4676.46     199.29   -19.9645    5073.61      11195    16268.6    2537.44    2718.83   0.334545   -229.957    42.6896    2180.87    2478.41    2.34533   -63.6785      0.016      6.501    6.19313    6.02344    6.02394
      1200          0          2    4676.46    199.431   -21.2899    5085.33    11274.1    16359.4    2516.34    2677.67   0.333245   -225.614    42.6896    2178.66    2475.56    2.34715    -65.009      0.016      6.501    6.18384    6.02213    6.03664
      1100          0          2    4676.46     200.09   -21.5184    5093.42    11353.2    16446.6    2499.02    2644.83   0.332587   -222.602    42.6896    2170.12    2464.41    2.35744   -65.2347      0.016      6.501    6.17525    6.03094    6.07592
      1000          0          2    4676.46    200.958   -21.3571    5098.78      11432    16530.8     2484.2     2617.7   0.331358   -220.543    42.6896    2161.16    2452.49    2.36842    -65.083      0.016      6.501    6.16937    6.05188    6.13038
       900          0          2    4676.46    201.926    -20.819     5103.9    11509.7    16613.6    2471.37    2594.94   0.329437   -219.157    42.6896    2152.99    2441.43     2.3788   -64.6159      0.016      6.501    6.16789    6.08305    6.19411
       800          0          2    4676.46     202.95   -20.0311    5109.65    11590.1    16699.7    2460.23    2575.67   0.326946   -218.241    42.6896    2145.73    2431.42    2.38842   -63.9269      0.016      6.501    6.17185    6.12066    5.44287
       700          0          2    4676.46    204.007   -18.9373    5112.56    11670.1    16782.7    2450.53    2559.26    0.32404   -217.645    42.6896    2139.34    2422.43     2.3973   -63.0021      0.016      6.501    6.18158    6.16096    5.49362
       600          0          2    4676.46    205.087   -17.3809    5124.74    11746.2      16871    2442.05    2545.14   0.320809   -217.252    42.6896    2133.71    2414.36    2.40552   -61.6937      0.016      6.501    6.19695    5.40477    5.54987
       500          0          2    4676.46    206.179   -15.5594    5136.81    11820.7    16957.5     2434.6    2532.89   0.317337   -216.973    42.6896    2128.73    2407.08    2.41321   -60.1525      0.016      6.501    5.41152    5.43581    5.60756
       400          0          2    4676.46     207.26   -13.4337     5160.7    11896.2    17056.9    2428.02    2522.16   0.313715   -216.745    42.6896    2124.33    2400.52     2.4204   -58.3582      0.016      6.501    5.42191     5.4727    5.66414
       300          0          2    4676.46    208.329   -11.0675     5173.3    11965.6    17138.9    2422.18    2512.71   0.310015   -216.519    42.6896     2120.4    2394.55    2.42714    -56.347      0.016      6.501    5.43593    5.51509    5.72129
       200          0          2    4676.46    209.396   -8.19311     5192.1    12033.5    17225.6    2416.98    2504.31   0.306282   -216.258    42.6896    2116.84    2389.05    2.43352   -53.9587      0.016      6.501    5.45642    5.56059    5.77938
       100 0.00794354          2    4676.47    210.468   -4.36479    5195.39    12104.4    17299.8    2412.32    2496.78   0.302546   -215.904    42.6896    2113.59    2383.94    2.43965   -50.7778      0.016      6.501    5.48213    5.60771    5.03019
         0     0.5306          2    4677.79    211.537 -0.0366008    5205.78    12174.4    17380.1    2408.86    2491.48    0.29884   -215.647    42.6896    2110.69    2379.26    2.44542   -47.1563      0.016      6.501    5.51206    5.65362    5.07547