     20000          0        1.5          0    179.437    415.631     17.399    14.2831     31.682    2343.43    2426.93   0.785391    51.8336    39.9574    2049.96     2345.7    2.72671    328.445      0.016    5.73044    4.59858    4.35318    4.39114
     19900          0        1.5          0    179.437     414.68    28.2793    29.7361    58.0154    2343.43    2426.93   0.785563    51.7019    39.9574    2049.96     2345.7    2.72686    327.608      0.016    5.73044    4.59858    4.35318    4.39114
     19800          0        1.5          0    179.437    414.027    44.2321    46.3592    90.5912    2343.43    2426.93   0.785735    51.5707    39.9574    2049.96     2345.7    2.72701    326.992      0.016    5.73044    4.59858    4.35318    4.39114
     19700          0        1.5          0    179.437    413.765    53.1471    60.5222    113.669    2343.43    2426.93   0.785907    51.4563    39.9574    2049.96     2345.7    2.72716     326.68      0.016    5.73044    4.59858    4.35318    4.39114
     19600  0.0414251        1.5  0.0414251    179.437    413.802    62.7691    72.5053    135.274    2343.45    2426.97   0.786079    51.3637    39.9574    2049.96     2345.7    2.72731    326.622      0.016    5.73044    4.59858    4.35318    4.39114
     19500          0        1.5    4.14251     179.42    411.951    64.8982    82.0356    146.934    2345.63    2430.22   0.786131    50.3296    39.9574    2050.31    2346.15    2.72696    325.307      0.016    5.73044    4.59858    4.35299    4.38987
     19400          0        1.5    4.14251    179.399    409.061    76.3768    94.1563    170.533    2345.22    2429.58   0.786223    50.4022    39.9574    2050.72    2346.67    2.72669    323.108      0.016    5.73041    4.59853    4.35224    4.38819
     19300          0        1.5    4.14251    179.389    406.427    86.2499    106.317    192.567    2344.94    2429.13   0.786462    50.3066    39.9574    2050.74    2346.71    2.72679    321.003      0.016     5.7303     4.5984    4.35143    4.38724
     19200          0        1.5    4.14251    179.384    403.807    87.6431    118.512    206.155    2344.72    2428.79   0.786704     50.079    39.9574    2050.68    2346.65    2.72695    318.925      0.016    5.73012    4.59818    4.35076    4.38669
     19100 0.00134488        1.5    4.14385    179.382    402.914    87.7569     130.22    217.977    2344.54    2428.52   0.786928    49.7645    39.9574    2050.62    2346.58    2.72713    317.973      0.016     5.7299    4.59789    4.35027    4.38637
     19000          0        1.5      4.277     179.38    403.056    88.5133     142.74    231.253    2344.47    2428.41   0.787129    49.4277    39.9574    2050.57    2346.52    2.72728    317.892      0.016    5.72964    4.59758    4.34991    4.38616
     18900          0        1.5      4.277     179.38    401.384    90.2969     156.07    246.367    2344.34    2428.22   0.787318    49.1428    39.9574    2050.54    2346.48    2.72745    316.692      0.016    5.72937    4.59726    4.34965    4.38604
     18800          0        1.5      4.277     179.38    398.704    99.8326    166.661    266.493    2344.24    2428.06   0.787503    48.7807    39.9574    2050.49    2346.43    2.72762    314.615      0.016     5.7291    4.59695    4.34945    4.38601
     18700          0        1.5      4.277     179.38    396.853    120.959     178.55     299.51    2344.15    2427.94    0.78768    48.3318    39.9574    2050.45    2346.38    2.72779    313.007      0.016    5.72884    4.59667    4.34932    4.38603
     18600          0        1.5      4.277    179.381    395.404    155.365    193.069    348.435    2344.08    2427.84   0.787852    47.8449    39.9574    2050.42    2346.33    2.72796    311.753      0.016    5.72859    4.59641    4.34924    4.38608
     18500          0        1.5      4.277    179.382    394.012    197.293    201.807      399.1    2344.02    2427.75   0.788021     47.336    39.9574    2050.39     2346.3    2.72813    310.555      0.016    5.72836    4.59618    4.34919    4.38615
     18400          0        1.5      4.277    179.383    392.682    205.961    210.094    416.055    2343.97    2427.68   0.788187    46.8087    39.9574    2050.36    2346.27     2.7283    309.399      0.016    5.72815    4.59598    4.34916    4.38623
     18300          0        1.5      4.277    179.384    389.575    209.806     218.73    428.536    2343.92    2427.62   0.788352    46.2373    39.9574    2050.34    2346.24    2.72847    307.059      0.016    5.72795    4.59581    4.34915    4.38631
     18200          0        1.5      4.277    179.385    385.369    234.737    227.365    462.102    2343.89    2427.57   0.788516     45.539    39.9574    2050.32    2346.21    2.72863    303.777      0.016    5.72778    4.59567    4.34915     4.3864
     18100          0        1.5      4.277    179.386    381.785    283.712    235.472    519.184    2343.86    2427.53    0.78868    44.6994    39.9574    2050.31    2346.19     2.7288    300.792      0.016    5.72763    4.59555    4.34916    4.38648
     18000          0        1.5      4.277    179.387    378.434    328.137    244.139    572.276    2343.83     2427.5   0.788844     43.761    39.9574     2050.3    2346.18    2.72896    298.009      0.016     5.7275    4.59545    4.34918    4.38656
     17900          0        1.5      4.277    179.388    377.477      365.2    254.221    619.421    2343.81    2427.47   0.789008    42.7769    39.9574    2050.28    2346.16    2.72912     296.81      0.016    5.72739    4.59537     4.3492    4.38664
     17800          0        1.5      4.277    179.389    377.996    400.344    265.162    665.506    2343.79    2427.44   0.789172    41.8655    39.9574    2050.27    2346.15    2.72928    296.853      0.016    5.72729     4.5953    4.34922    4.38671
     17700          0        1.5      4.277     179.39    376.094    435.041    275.492    710.533    2343.78    2427.42   0.789337    41.0269    39.9574    2050.26    2346.13    2.72944    295.418      0.016    5.72721    4.59525    4.34925    4.38678
     17600          0        1.5      4.277     179.39    372.873    458.848    289.827    748.675    2343.76     2427.4   0.789502    40.1357    39.9574    2050.26    2346.12    2.72959     292.84      0.016    5.72714    4.59521    4.34928    4.38684
     17500   0.204189        1.5    4.48119    179.391    372.947    466.621    303.821    770.442    2343.87    2427.57   0.789667    39.1549    39.9574    2050.25    2346.11    2.72975     292.36      0.016    5.72708    4.59518    4.34931     4.3869
     17400   0.327817        1.5    25.0237    182.015    404.912    496.023    313.589    809.612    2349.35    2444.49   0.817146    32.6062    39.0482    2090.66    2391.45    2.64066    339.861      0.016    5.71769    4.58845    4.34763    4.38295
     17300   0.296408        1.5    57.7739    182.673      414.4    525.783    323.639    849.422     2361.2    2469.34   0.848461    25.7233    38.2531    2100.71    2402.77    2.61694    347.971      0.016    5.71437    4.58004    4.33279    4.35454
     17200   0.337741        1.5    87.4561    182.889    419.948    562.801    337.835    900.636    2369.98    2488.32    0.87703    21.3748    37.5586    2107.08    2410.22    2.60213    352.424      0.016    5.71713    4.57005    4.30614    4.30838
     17100    0.48464        1.5    121.377    183.049    423.169    618.819    353.416    972.235    2380.26    2508.54   0.902387     17.144    36.9519    2112.97    2417.18    2.58899    354.905      0.016    5.72322    4.55588    4.26936    4.25058
     17000   0.401798        1.5    169.758    183.234    424.599    670.678    372.282    1042.96    2397.29    2538.02   0.924673    10.6053     36.422    2118.96    2424.22    2.57533    355.878      0.016    5.72995    4.53588    4.22324    4.58218
     16900   0.300468        1.5    209.837    183.491    420.052    714.199    392.417    1106.62     2407.7     2556.8    0.94419    7.24776    35.9588    2125.27    2431.56    2.56162    352.345      0.016    5.73515    4.51031    4.56845    4.50588
     16800   0.282168        1.5    239.865    183.879    411.576    756.446    413.727    1170.17    2411.83    2565.55   0.961276    6.42374    35.5537    2131.48    2438.58    2.54966    345.295      0.016    5.73731    4.47887    4.50644    4.42863
     16700    0.28356        1.5    268.083    184.405    401.891    799.607    437.212    1236.82    2415.08    2572.54   0.976113    5.55279     35.199    2137.23    2444.85    2.53943    337.057      0.016    5.73556    4.44154    4.44087    4.75654
     16600   0.350841        1.5    296.507    185.042    391.054     839.63    465.321    1304.95    2418.52    2579.46   0.988842    4.10361    34.8882    2142.51     2450.4    2.53024    327.897      0.016    5.72952    4.40087    4.77751    4.68543
     16500   0.447111        1.5    331.687    185.753     391.24    883.711    487.921    1371.63    2425.58     2591.5   0.999651   0.860833    34.6155    2147.47    2455.45    2.52129    326.612      0.016    5.71934    4.75638    4.71247    4.61388
     16400   0.540584        1.5    376.492     186.49    398.658    941.678    515.399    1457.08    2437.18    2610.04    1.00873   -3.83927     34.376    2152.44    2460.48    2.51172     332.03      0.016    5.70526    4.70747    4.64443    4.94161
     16300   0.605938        1.5    430.615    187.216    402.721     1008.7    540.699     1549.4     2452.5    2633.79    1.01631   -9.34604    34.1655    2157.72     2465.9    2.50112    335.636      0.016    5.68775    4.65518    4.97803    4.86142
     16200   0.542556        1.5    491.146    187.916    405.032    1079.81    572.227    1652.04    2469.48    2659.68    1.02262   -14.9583    33.9801    2163.48    2471.94    2.48956    337.431      0.016    5.66729    4.60181    4.90496    5.17636
     16100   0.432464        1.5    545.291    188.614    395.071    1145.74    607.351    1753.09     2481.1    2677.19    1.02788   -18.1642    33.8167    2169.64    2478.48    2.47801    330.199      0.016      5.644    4.94686    4.82836    5.08827
     16000    0.40503        1.5     588.51     189.36    376.951    1199.93    641.695    1841.63    2485.88    2684.23    1.03228   -19.1987    33.6725    2175.77    2484.92    2.46779    315.475      0.016    5.61806    4.88855    5.15333    5.00397
     15900    0.39691        1.5    629.005    190.168    367.332    1247.96    675.379    1923.34    2489.31    2689.13    1.03587   -20.4806    33.5449    2181.48    2490.75    2.45899    306.219      0.016    5.58979    4.82809    5.07608    5.72584
     15800   0.429331        1.5    668.729    191.024    362.811    1298.03    706.716    2004.74    2492.47    2693.59    1.03865   -21.9744     33.432    2186.74    2495.97    2.45097    301.887      0.016    5.55955    5.16847    5.00368    5.65101
     15700   0.438967        1.5    711.671    191.907     359.57     1347.9    738.319    2086.22    2497.46    2700.76    1.04064    -24.284    33.3317    2191.65    2500.74    2.44316    298.859      0.016    5.52786    5.10683    5.73222    5.57949
     15600   0.439539        1.5    755.569    192.801    357.442    1398.38    768.278    2166.66    2502.71    2708.28    1.04193   -26.6881    33.2426     2196.4    2505.29    2.43527    296.739      0.016    5.49515    5.04453    5.66174    5.50997
     15500   0.429839        1.5    799.513      193.7    354.546    1447.98    798.108    2246.09    2507.71    2715.36    1.04262   -28.9331    33.1631    2201.07    2509.74     2.4274    294.207      0.016    5.46173    5.78354    5.59419    5.44257
     15400   0.484301        1.5    842.551    194.607    351.284    1501.63    827.506    2329.14    2511.98    2721.32    1.04279   -30.8891    33.0921    2205.65    2514.07    2.41966    291.307      0.016    5.42786    5.72122    5.52681    6.18155
     15300   0.564894        1.5    891.062    195.504    349.684    1562.63    859.318    2421.95    2519.08    2731.45    1.04247   -33.9089    33.0283    2210.19    2518.38    2.41175    289.615      0.016    6.19315    5.65881    5.46293    6.11974
     15200   0.625201        1.5    947.612    196.363    349.122    1623.87    891.028    2514.89    2529.92    2747.11     1.0417   -38.1786    32.9709    2214.88    2522.93    2.40304    288.884      0.016    6.15504    5.59691    5.40403     6.0548
     15100   0.742865        1.5    1010.25    197.167    355.106    1693.62    922.634    2616.26     2542.9    2765.85    1.04056   -42.8564     32.919    2219.92    2527.96    2.39336    293.028      0.016    6.11586    5.53608    6.14428    5.98853
     15000    0.84624        1.5    1084.64    197.896    365.526     1777.1    954.041    2731.14    2560.84    2791.89    1.03911   -48.5997    32.8718    2225.44    2533.69    2.38246    301.248      0.016    6.07622    5.47646    6.07968    5.91628
     14900   0.928763        1.5    1169.35    198.525    373.236    1870.79    984.163    2854.96    2582.29    2822.98    1.03739   -54.6846    32.8288    2231.68    2540.42    2.37006    307.872      0.016    6.03661    5.41801    6.01005    5.83585
     14800   0.889297        1.5    1262.18    199.048    379.483    1975.22    1014.39    2989.61    2605.65    2856.73    1.03547   -60.6681    32.7892    2238.74    2548.28    2.35633    313.001      0.016    5.99668    6.16171    5.93657    6.54973
     14700   0.151314        1.5    1350.37    199.444    369.174    2071.39    1043.95    3115.33    2623.84    2882.51    1.03344   -64.3871    32.7525    2246.44    2557.08    2.34264    305.873      0.016    5.95619    6.10255    5.86014    6.45616
     14600   0.153026        1.5    1365.51    191.749    296.905    2123.26    1088.04    3211.29    2598.39     2834.9   0.979231   -53.9555    33.7363    2271.23    2598.14    2.46733    220.178      0.016    6.54082    5.43625    5.93841    6.43114
     14500   0.111909        1.5    1380.77    189.506    268.962    2157.67    1137.88    3295.55    2578.71    2797.52   0.950096   -50.5956    34.6823    2256.79    2583.78    2.49083    194.015      0.016      6.501    5.60462    6.04214    6.48043
     14400  0.0759096        1.5    1391.92    189.542    251.824     2183.9    1189.69    3373.59       2561    2763.86    0.92012   -49.4764    35.5885    2243.85    2567.97    2.50427    178.959      0.016      6.501    5.70044    6.08779    6.56381
     14300  0.0687817        1.5    1399.51    190.366      237.1    2206.71    1238.47    3445.19    2545.01    2733.26   0.888659   -49.2261    36.4418     2232.1    2552.49    2.51702     167.18      0.016      6.501    5.72297    6.09887    5.84418
     14200  0.0609014        1.5    1406.38    191.443    224.585    2222.44    1285.58    3508.03    2531.77    2707.26   0.856546   -49.8024    37.2291    2221.47    2538.04    2.52904    157.348      0.016      6.501    5.69922    6.09619    5.91254
     14100  0.0807251        1.5    1412.49    192.587    217.988    2237.56    1331.33    3568.89    2520.57    2684.81   0.824716    -50.705    37.9427    2212.08    2525.04    2.53995    151.807      0.016      6.501    5.65359    6.09369    5.97797
     14000 0.00572859        1.5    1420.49    193.732    214.997    2243.45    1374.58    3618.04    2512.33    2667.28    0.79392   -52.0551    38.5803    2204.03    2513.69    2.54952    149.321      0.016      6.501    5.60221    6.09693    6.03966
     13900          0        1.5    1421.05    194.893      209.9    2244.04    1420.26     3664.3    2501.47    2646.31   0.764936    -51.795    39.1438     2196.6    2503.11    2.55875    145.788      0.016      6.501    5.55414    6.10736    6.10032
     13800  0.0329198        1.5    1421.09    196.077    203.916    2253.25     1462.7    3715.95    2492.11     2628.1   0.738113    -51.773    39.6376    2189.31    2492.69    2.56789    141.424      0.016      6.501    5.51383    6.12565    6.16219
     13700          0        1.5    1424.34    197.256    199.539    2260.04    1506.79    3766.83    2485.85    2615.01   0.713264   -52.7004    40.0676    2182.96    2483.45    2.57615    138.058      0.016      6.501    5.48311    6.15098    5.41834
     13600  0.0261075        1.5    1424.37    198.432    196.072    2260.44    1549.56       3810     2478.7    2600.99   0.690534    -53.007    40.4403    2177.38    2475.17    2.58394     135.47      0.016      6.501    5.46224    6.17797    5.45798
     13500  0.0529408        1.5    1427.01    199.598    199.613    2260.81    1585.79    3846.61    2473.94    2590.95   0.669882   -53.8828    40.7621    2172.38    2467.64    2.59123    137.676      0.016      6.501    5.45054    5.40629    5.50229
     13400          0        1.5    1432.25     200.73    207.283       2263    1624.11     3887.1    2471.08    2584.07   0.651067   -54.8502    41.0391     2168.4     2461.4    2.59762    143.431      0.016      6.501    5.44695    5.42543    5.54662
     13300   0.236603        1.5    1432.49    201.842    204.032     2264.3    1659.12    3923.42    2465.77    2573.79   0.634178   -54.3826     41.277    2164.76     2455.6    2.60396    142.161      0.016      6.501    5.45001     5.4483    5.59017
     13200   0.266962        1.5    1456.18    205.204    225.827    2283.77    1693.83    3977.61    2467.66    2585.35   0.668097   -58.8979    40.2965     2194.3    2486.72    2.50397    178.176      0.016      6.501    5.43593    5.47125    5.60544
     13100   0.318593        1.5    1482.92    207.228      232.5    2309.32    1722.47    4031.79    2471.01    2597.85   0.701712   -62.0656    39.3976     2203.2    2494.94     2.4758    184.619      0.016      6.501    5.42525    5.48674     5.6055
     13000   0.236979        1.5     1514.7    208.782    238.161    2326.61    1752.17    4078.78    2476.68     2612.7   0.732092   -65.0932    38.5929    2208.87    2499.87    2.45891    190.202      0.016      6.501    5.40778    5.48446    5.59125
     12900   0.388404        1.5    1538.55    209.986     244.25    2358.84     1780.9    4139.74    2477.39     2619.1    0.75906   -65.5455    37.8817    2213.64    2504.15    2.44563    195.792      0.016      6.501    6.18528    5.46903    5.56649
     12800     0.4254        1.5    1577.43    210.834    250.292       2399    1810.94    4209.94    2486.44    2637.18    0.78289   -68.6319    37.2566    2217.83    2508.16    2.43434    201.285      0.016    6.60393     6.1574    5.44595    5.53147
     12700   0.334004        1.5    1619.88    211.516     251.86    2433.13    1842.03    4275.16    2496.21    2655.57    0.80393   -71.5914     36.708    2222.13    2512.52    2.42255    203.278      0.016    6.71285    6.12743    5.41768    5.48583
     12600   0.142302        1.5    1653.09    212.272      250.4    2447.74    1874.91    4322.64    2499.84    2664.07   0.822394   -72.1734     36.226    2226.72    2517.13    2.41061    202.414      0.016    6.20151    6.09503    6.18678    5.43664
     12500   0.165719        1.5    1667.34    213.136    249.748    2464.35    1908.76    4373.11    2493.19    2656.65   0.838574   -69.0952    35.8017    2231.03    2521.27    2.40085    201.902      0.016    6.26741    6.06149    6.14898    6.19645
     12400    0.12735        1.5    1683.87    214.099     249.35    2478.47    1940.76    4419.24    2489.27    2653.01   0.852609   -67.3265    35.4274    2234.61    2524.43    2.39295    201.733      0.016    6.31894    6.02782     6.1129    6.16395
     12300   0.226214        1.5    1696.71    215.133    247.645    2503.19    1972.41     4475.6    2484.12    2647.29   0.864653   -65.4255    35.0963    2237.61    2526.82     2.3859    200.566      0.016    6.35863    5.99481    6.07931    6.13302
     12200   0.387417        1.5    1719.49    216.198     244.87    2541.91    2005.52    4547.43    2485.28     2650.8   0.874911   -66.2344    34.8029    2240.24    2528.72    2.37888    198.403      0.016    6.38866    5.96297     6.0477    6.10157
     12100   0.486209        1.5    1758.33    217.222    243.529    2589.14    2040.74    4629.88    2494.96    2666.81   0.883579   -70.4056    34.5423    2243.02    2530.86     2.3705    197.133      0.016    6.41079    5.93244    6.01592    6.06383
     12000    0.58332        1.5    1807.05    218.167    242.961    2644.58    2072.67    4717.25    2508.57    2688.35   0.890911   -75.8727    34.3104    2246.43    2533.85    2.36041    196.542      0.016    6.42632    5.90295    5.98107    6.01701
     11900   0.635403        1.5    1865.43    219.021    243.212     2704.2     2108.2     4812.4    2525.62    2714.64   0.897162   -82.2392    34.1037    2250.67    2537.94    2.34893    196.537      0.016     6.4361    5.87388    5.94132    5.96089
     11800   0.770908        1.5    1929.11    219.788    244.039    2769.13    2143.45    4912.59    2543.41    2741.61   0.902516   -88.3948    33.9194    2255.75    2543.15    2.33643    196.996      0.016    6.44062    5.84447     5.8958    5.89668
     11700   0.332384        1.5    2005.76    220.456    252.727    2846.11    2179.58    5025.69    2566.13    2775.59   0.907082   -95.6548    33.7547    2261.64    2549.44    2.32279    203.364      0.016     6.4402    5.81353    5.84624    5.82424
     11600   0.251257        1.5    2038.92    209.021    225.118    2902.11    2227.92    5130.04     2562.8    2761.87   0.866873   -92.4663    34.6333     2262.7    2564.65    2.47175    157.219      0.016      6.501    5.96185    5.94266    5.80729
     11500   0.147622        1.5    2063.94    205.353    205.688    2948.37    2288.34     5236.7    2556.36    2745.02   0.839647   -91.2106    35.4829    2254.04    2558.88    2.49044    140.446      0.016      6.501    6.16818    6.05804    5.84295
     11400    0.15122        1.5    2078.71    204.908     180.28    2981.69    2351.38    5333.07    2546.34    2723.45   0.812207   -90.3506    36.2999    2246.25    2550.07    2.49845    120.041      0.016      6.501    5.48491    6.11127    5.90596
     11300   0.152463        1.5    2093.83    205.579    168.292    3007.88    2411.28    5419.16    2538.89    2706.15   0.783586    -91.322    37.0709    2238.74    2540.16    2.50693    109.091      0.016      6.501    5.52988    6.12701    5.97495
     11200  0.0905939        1.5    2109.01    206.594    163.572    3028.81    2469.53    5498.35    2533.14    2691.76   0.754274   -92.7891    37.7829    2232.12    2530.91    2.51515    104.817      0.016      6.501    5.53166    6.12905    6.03925
     11100          0        1.5    2117.98    207.726    155.202    3028.82    2526.71    5555.53    2525.31    2674.61   0.725403   -93.1615    38.4281    2225.84    2521.93    2.52333    98.7061      0.016      6.501    5.51087     6.1298    6.09852
     11000          0        1.5    2117.98    208.939    145.342    3038.08    2582.57    5620.65    2514.22    2653.05   0.697926   -92.3069    39.0042     2218.9    2512.09    2.53225    91.2165      0.016      6.501    5.48176    6.13536    6.15702
     10900          0        1.5    2117.98    210.203    139.838    3038.11    2639.97    5678.08    2505.09    2634.96   0.672067   -92.1776    39.5127    2211.68    2501.87    2.54128    86.6463      0.016      6.501    5.45287    6.14843    5.41318
     10800  0.0545781        1.5    2118.04    211.482      136.7    3049.72    2694.04    5743.76    2497.46    2619.61   0.647862   -92.4127    39.9577    2205.05    2492.38    2.54972    84.1434      0.016      6.501    5.42878    6.16535    5.45061
     10700  0.0384751        1.5    2123.48    212.736    132.489    3059.56    2747.52    5807.08    2493.82    2610.71   0.625329   -93.8851    40.3448    2199.63    2484.39    2.55695    81.0169      0.016      6.501    5.41333    6.18598    5.49106
     10600  0.0195605        1.5    2127.31    213.968    127.833    3064.97    2800.46    5865.43    2489.69    2601.41   0.604609   -95.0331    40.6796    2195.29    2477.73    2.56335    77.4206      0.016      6.501    5.41026    5.40875    5.53325
     10500  0.0249993        1.5    2129.27    215.201     125.05    3070.07    2852.76    5922.82    2485.05    2591.68    0.58585   -95.8909    40.9683    2191.23    2471.44    2.56965    75.0924      0.016      6.501    5.41222    5.42523    5.57596
     10400  0.0245939        1.5    2131.77    216.419    123.324    3074.49    2902.54    5977.03    2481.28    2583.56   0.568907   -96.9113    41.2164    2187.44    2465.52    2.57571    73.6806      0.016      6.501    5.41656    5.44632    5.61809
     10300   0.072283        1.5    2134.27    217.619    122.212    3085.51    2949.82    6035.33    2477.91    2576.31    0.55361   -97.9166    41.4292    2184.05     2460.1    2.58144    72.7651      0.016      6.501    5.42261    5.47453    5.66114
     10200  0.0570565        1.5    2141.49    218.784    120.918    3095.55    2996.73    6092.29    2477.35     2573.5   0.539736   -99.7814    41.6113    2181.36    2455.59     2.5864    71.7936      0.016      6.501    5.43287    5.50692    5.70452
     10100          0        1.5    2147.14    219.922    118.521    3101.84    3040.51    6142.35    2475.75    2569.29   0.527218   -101.147    41.7671    2179.27    2451.83    2.59093    69.9365      0.016      6.501    5.44857    5.54177    5.74821
     10000          0        1.5    2147.14    221.078    115.858       3102    3083.43    6185.43    2471.19     2560.8   0.516109   -101.403    41.9003    2176.76    2447.55    2.59605    67.8777      0.016      6.501     5.4688    5.57878    5.79459
      9900  0.0594997        1.5     2147.2    222.259    113.052    3112.91    3125.47    6238.39    2467.24    2553.42   0.506173   -101.923     42.014    2173.76    2442.69    2.60158    65.7075      0.016      6.501    5.49285     5.6174    5.03362
      9800  0.0490893        1.5    2153.14     223.42    110.021    3122.56     3165.8    6288.36    2466.85    2551.52   0.497048   -103.762    42.1111    2171.35    2438.57    2.60638    63.3247      0.016      6.501    5.52016    5.65576    5.07118
      9700   0.100759        1.5     2158.1    224.555    106.845    3139.15    3204.43    6343.58    2465.68    2548.55   0.488683   -105.316    42.1939    2169.61     2435.3    2.61068    60.7922      0.016      6.501    5.55021    5.69467     5.1103
      9600   0.102815        1.5    2168.17    225.656    103.496    3156.06    3241.41    6397.47    2467.19    2549.66   0.481019   -107.831    42.2647    2168.43    2432.72    2.61436    58.0822      0.016      6.501    5.58253     5.7343    5.14948
      9500  0.0733927        1.5    2178.43    226.724    100.021    3168.28    3276.76    6445.03    2468.26    2550.12   0.474003   -110.156    42.3252    2167.83    2430.88    2.61754    55.2356      0.016      6.501    5.61672    5.77407    5.18788
      9400          0        1.5    2185.69     227.79    97.3882    3173.15    3314.17    6487.32    2467.34    2547.64   0.467703   -111.746    42.3768    2167.05    2428.85    2.62099    52.9725      0.016      6.501    5.65239    5.01161    4.82054
      9300          0        1.5    2185.69    228.892      95.35    3177.36    3349.08    6526.43    2462.57    2539.48   0.462141   -111.939     42.421     2165.3    2425.63    2.62552     51.256      0.016      6.501    5.68903    5.03857    4.84865
      9200          0        1.5    2185.69     230.02    93.6425    3180.55    3382.76    6563.31     2458.5    2532.49    0.45708   -112.412    42.4588    2162.76    2421.47    2.63062    49.8373      0.016      6.501    5.72613    5.06871    4.88127
      9100  0.0268481        1.5    2185.72    231.153    92.1362    3185.43     3413.6    6599.03    2454.92    2526.35   0.452284   -113.081    42.4911     2160.2    2417.28    2.63567    48.5909      0.016      6.501     5.7638    5.10261    4.91744
      9000  0.0439456        1.5    2188.42    232.275    90.7407    3192.43    3440.63    6633.06    2453.13    2522.97   0.447664   -114.382    42.5188       2158    2413.53    2.64028    47.4295      0.016      6.501     5.0021    5.13926     4.9557
      8900          0        1.5    2192.77    233.374    89.4346    3196.16     3467.9    6664.07    2452.24    2520.96   0.443207   -115.956    42.5426    2156.34    2410.48    2.64435    46.3266      0.016      6.501    5.03099    5.17761     4.9947
      8800  0.0517373        1.5    2192.82    234.469    88.2804    3203.96    3493.96    6697.92    2448.96    2515.39   0.439051   -116.608    42.5629     2154.6    2407.33    2.64864    45.3595      0.016      6.501    5.05962    4.81373     4.6259
      8700   0.182511        1.5    2198.13    235.538    87.1684    3219.25    3518.82    6738.07    2448.88    2514.66   0.435112   -118.355    42.5804    2152.97    2404.36     2.6526     44.423      0.016      6.501    5.09105    4.83981    4.65288
      8600   0.176927        1.5    2216.37    236.497    85.9093    3239.49    3542.88    6782.37    2455.44    2523.86   0.431146   -122.362    42.5954    2153.07    2403.54    2.65454    43.3045      0.016      6.501     5.1241    4.86753     4.6763
      8500   0.171679        1.5    2234.06     237.36     84.617    3253.21    3566.22    6819.42    2460.31    2530.41   0.427393   -125.548    42.6083    2154.58    2404.48    2.65532    42.1154      0.016      6.501    5.15812    4.89489    4.69584
      8400   0.169986        1.5    2251.23    238.181    83.8345    3270.07    3589.33    6859.41    2463.97    2535.08   0.424085   -128.126    42.6195    2156.05    2405.43    2.65614    41.2939      0.016      6.501    5.19253    4.92094    4.71397
      8300   0.141279        1.5     2268.2     238.98    83.3913     3275.2    3608.65    6883.86    2466.85    2538.52   0.421146   -130.284     42.629    2157.24    2406.07    2.65715    40.7774      0.016      6.501    4.82065    4.94583     4.7318
      8200   0.139538        1.5    2282.32     239.77    83.2337     3284.5    3627.76    6912.26    2467.67    2538.89   0.418518   -131.618    42.6372    2157.92    2406.12    2.65861     40.519      0.016    6.51011     4.8415    4.96976    4.75056
      8100   0.137863        1.5    2296.27    240.554    83.3172    3290.47    3646.66    6937.13    2468.23    2538.91   0.416096   -132.798    42.6443    2158.08    2405.57     2.6604    40.4843      0.016    6.53579    4.86452    4.99332    4.77072
      8000   0.134002        1.5    2310.06    241.329    83.5888    3304.21    3665.05    6969.26    2468.54     2538.6   0.413775   -133.835    42.6505    2158.02    2404.77    2.66226     40.624      0.016    6.56038    4.88889    4.61395    4.79174
      7900   0.130244        1.5    2323.45    242.096    84.0993    3308.59    3682.96    6991.54    2468.53    2537.85   0.411525   -134.698    42.6557    2157.83    2403.82    2.66418    40.9711      0.016    6.58413    4.91385    4.62957     4.4095
      7800   0.122253        1.5    2336.47    242.849    84.8041     3315.1    3699.81    7014.91    2468.27    2536.77   0.409354   -135.403    42.6603    2157.52    2402.75    2.66612    41.4987      0.016    6.60716    4.93883     4.6442    4.41918
      7700   0.121843        1.5     2348.7    243.592    85.6937    3323.73    3716.61    7040.34     2467.6    2535.14   0.407263   -135.884    42.6642    2157.09    2401.55    2.66812    42.1956      0.016    6.62958    4.96361    4.65955      4.429
      7600    0.11397        1.5    2360.87    244.327    86.7669    3330.12    3732.39     7062.5    2466.97    2533.62   0.405222   -136.305    42.6676    2156.56    2400.25    2.67012    43.0619      0.016    6.65151    4.98813     4.6759    4.44175
      7500   0.106321        1.5    2372.26    245.058    87.9968    3331.05    3747.16    7078.21    2465.98     2531.6   0.403214   -136.519    42.6706    2155.96    2398.87    2.67215    44.0769      0.016    6.67309    4.61006     4.6934    4.45686
      7400          0        1.5    2382.79    245.784    88.2673     3333.5    3760.92    7094.42    2464.64    2529.07   0.401237   -136.554    42.6731    2155.23    2397.34    2.67427    44.4345      0.016    6.69435    4.62327    4.71195    4.47411
      7300   0.105437        1.5    2382.89    246.552    88.1563    3337.28    3775.64    7112.92    2457.92    2518.55   0.399409   -134.732    42.6753    2153.49    2394.59    2.67756    44.4846      0.016    6.71536    4.63502    4.73177    4.49614
      7200   0.112851        1.5    2393.44    247.315    87.6872     3344.8    3791.33    7136.13     2457.9    2518.16   0.397452   -135.343    42.6772    2151.62     2391.7    2.68046    44.2353      0.016    6.73658    4.64964    4.75368     4.5204
      7100   0.102283        1.5    2404.72    248.032    86.9459    3353.15     3805.6    7158.75    2458.04    2518.01     0.3953   -136.016    42.6788     2150.9    2390.21    2.68231     43.726      0.016    6.75801    4.66648    4.77644    4.54357
      7000  0.0616124        1.5    2414.91    248.731    86.0505       3354    3814.47    7168.46    2457.46    2516.74   0.393193   -136.415    42.6803    2150.41       2389    2.68404     43.078      0.016    6.77932    4.68499    4.79935    4.56646
      6900   0.059806        1.5    2421.06    249.446    85.1109    3354.95    3823.12    7178.07    2454.75    2512.28   0.391212   -136.074    42.6815    2149.51     2387.3    2.68625    42.4011      0.016     6.2004    4.70469    4.41812    4.59036
      6800  0.0903033        1.5    2427.08    250.177    84.1243    3355.72    3835.84    7191.57    2452.36    2508.35   0.389289   -135.888    42.6826    2148.19    2385.11    2.68878    41.6927      0.016    6.21973    4.72508    4.43385    4.21142
      6700  0.0790757        1.5     2436.1    250.889    83.0497    3356.84    3847.05     7203.9    2451.89    2507.32   0.387329   -136.403    42.6835    2147.14    2383.25    2.69093    40.8947      0.016     6.2388    4.74581    4.44976    4.22361
      6600   0.053627        1.5    2443.98    251.581    81.9482    3357.14    3854.87    7212.02    2450.78    2505.34   0.385393   -136.685    42.6843     2146.4    2381.77    2.69285    40.0608      0.016    6.25764    4.76673    4.46603    4.23662
      6500  0.0610766        1.5    2449.35    252.274    80.8552    3360.25     3863.7    7223.95    2448.46    2501.55   0.383556   -136.543     42.685    2145.43    2380.02    2.69503    39.2364      0.016    6.27621    4.78777    4.48311    4.25234
      6400  0.0566135        1.5    2455.45     252.97    80.0663    3363.86    3871.93    7235.79    2446.86    2498.86   0.381755   -136.673    42.6856    2144.31     2378.1    2.69728    38.6307      0.016    6.29464    4.40745    4.50137    4.27025
      6300  0.0645983        1.5    2461.12    253.658     79.453    3366.64    3881.22    7247.86    2445.19    2496.09   0.379956   -136.779    42.6861    2143.24    2376.26    2.69947    38.1782      0.016    6.31301    4.41981    4.52061    4.28966
      6200  0.0660324        1.5    2467.58    254.329     78.936    3371.89    3890.69    7262.58    2444.13    2494.23   0.378159   -137.084    42.6866    2142.28    2374.55    2.70151    37.7999      0.016    6.33121    4.42945     4.5404    4.30997
      6100  0.0675797        1.5    2474.19    254.978    78.5044    3378.03    3900.36     7278.4    2443.22    2492.58   0.376376   -137.414     42.687    2141.47    2373.04    2.70338     37.487      0.016    6.34915    4.44125    4.56045    4.33066
      6000  0.0692062        1.5    2480.95    255.611    78.1296    3382.75    3910.25       7293    2442.43    2491.13   0.374626   -137.761    42.6873    2140.76    2371.67    2.70513    37.2191      0.016    6.36678    4.45529    4.58067    4.35154
      5900  0.0511329        1.5    2487.85    256.233    77.7985     3385.5    3917.72    7303.22    2441.76    2489.83   0.372913   -138.113    42.6876    2140.12    2370.39    2.70679    36.9861      0.016    6.38415    4.47089    4.20097    4.37248
      5800  0.0598475        1.5    2492.97    256.858    77.5307       3389    3926.36    7315.36    2440.15    2487.13   0.371261   -138.112    42.6879    2139.36    2368.98    2.70861    36.8118      0.016    6.40127    4.48757    4.21733    4.39359
      5700  0.0582575        1.5    2498.95    257.478    77.2977    3395.25    3934.79    7330.03     2439.2    2485.43   0.369643   -138.324    42.6881    2138.54    2367.49    2.71043    36.6697      0.016    6.41821    4.50485    4.23102    4.01074
      5600  0.0556511        1.5    2504.78    258.084    77.0944     3403.2    3942.85    7346.05    2438.25    2483.73   0.368059   -138.504    42.6883    2137.81    2366.13    2.71214    36.5513      0.016    6.43493    4.52238     4.2437    4.02051
      5500  0.0531168        1.5    2510.34    258.678    76.9231    3405.19    3950.57    7355.76    2437.25    2481.98   0.366534   -138.636    42.6885    2137.12    2364.82    2.71382    36.4605      0.016     6.4514    4.53998     4.2568    4.03061
      5400  0.0489605        1.5    2515.65    259.264    76.0251    3406.54    3957.73    7364.28    2436.22    2480.19   0.365058   -138.743    42.6886    2136.42    2363.52    2.71548    35.8407      0.016    6.46762     4.5576    4.27056    4.04262
      5300  0.0448238        1.5    2520.54    259.844    74.6964    3412.72    3964.34    7377.06    2435.07    2478.24   0.363622   -138.839    42.6887     2135.7     2362.2    2.71715    34.8336      0.016    6.48362    4.57523    4.28509    4.05616
      5200  0.0653601        1.5    2525.04    260.422    73.1332    3418.88    3973.72     7392.6    2433.84    2476.16   0.362217   -138.955    42.6888    2134.94    2360.82    2.71885    33.6208      0.016    6.49947    4.59288    4.30039    4.07104
      5100  0.0568301        1.5    2531.57    260.987    71.3857    3425.69    3981.93    7407.62    2433.82     2475.9   0.360805    -139.55    42.6889    2134.34    2359.66    2.72032    32.2375      0.016    6.51522    4.20859    4.31632    4.08637
      5000  0.0483666        1.5    2537.24    261.536    69.4955    3438.72       3989    7427.72    2433.25    2474.81   0.359416   -139.992     42.689    2133.91    2358.71    2.72167    30.7193      0.016    6.53101    4.21882    4.33241     4.1019
      4900  0.0547466        1.5    2542.09    262.077    67.5353    3453.16    3996.92    7450.08    2432.26    2473.09   0.358084   -140.339    42.6891    2133.36    2357.63    2.72313    29.1302      0.016    6.54675    4.22695    4.34852    4.11808
      4800  0.0564241        1.5    2547.56    262.606    65.4912    3463.37    4005.06    7468.43    2431.71    2472.02   0.356777   -140.898    42.6891    2132.79    2356.52    2.72456    27.4599      0.016    6.56235     4.2352    4.36469    4.13464
      4700  0.0581635        1.5    2553.21    263.123    63.3789    3467.63    4013.44    7481.07    2431.26     2471.1   0.355482   -141.544    42.6892     2132.3    2355.53    2.72588    25.7159      0.016    6.57775    4.24555    4.38089    4.15122
      4600  0.0418472        1.5    2559.01    263.631    61.2298    3480.68    4019.61    7500.29    2430.89     2470.3   0.354209   -142.267    42.6892    2131.87    2354.62    2.72712    23.9283      0.016    6.59296    4.25744    4.39711    4.16774
      4500  0.0328245        1.5    2563.18    264.143    59.0501    3495.51    4024.57    7520.08    2429.64    2468.18    0.35298    -142.73    42.6893    2131.32    2353.57    2.72851     22.109      0.016    5.80726    4.27041    4.01137    4.18456
      4400  0.0437272        1.5    2566.48    264.663    57.2342    3510.98       4031    7541.98    2428.08    2465.61   0.351786   -143.138    42.6893    2130.55    2352.24    2.73012    20.5529      0.016    5.82038    4.28405    4.02337    3.80136
      4300  0.0429531        1.5    2570.85    265.178    55.5996    3524.09    4037.33    7561.41    2427.29    2464.22   0.350583   -143.853    42.6894    2129.78    2350.94    2.73164    19.1542      0.016    5.83312    4.29799    4.03428    3.81276
      4200  0.0444973        1.5    2575.14    265.679     54.061    3541.68    4043.85    7585.53    2426.52    2462.87   0.349392   -144.583    42.6894    2129.16    2349.82    2.73303     17.827      0.016    5.84557    4.31203      4.044    3.81989
      4100  0.0373038        1.5    2579.59    266.164    52.6006    3563.33    4049.38    7612.71    2425.91    2461.77   0.348237   -145.365    42.6894    2128.63    2348.81    2.73433    16.5596      0.016    5.85774    4.32602    4.05401    3.82741
      4000  0.0456087        1.5    2583.33     266.64    51.1973    3585.43    4056.04    7641.47    2424.97    2460.18   0.347126    -146.03    42.6894    2128.08     2347.8    2.73564    15.3378      0.016    5.86962    4.33992    4.06454    3.83647
      3900  0.0540197        1.5     2587.9    267.104    49.8196    3610.35    4063.84    7674.18    2424.59    2459.43   0.346039    -146.89    42.6894    2127.58    2346.85    2.73686    14.1336      0.016    5.88125    4.35373    4.07566    3.84655
      3800  0.0401448        1.5    2593.28    267.552    48.4462     3633.8    4069.74    7703.54    2424.64    2459.32   0.344962   -147.897    42.6895    2127.26    2346.12    2.73788    12.9258      0.016    5.89265    4.36746    4.08714    3.85694
      3700  0.0359631        1.5    2597.29    267.992    46.4973    3661.43    4075.07     7736.5    2423.88    2457.99   0.343933   -148.618    42.6895    2126.93    2345.39    2.73895    11.3335      0.016    5.90377    4.38109    4.09882     3.8679
      3600   0.031768        1.5    2600.89    268.434    42.9767    3686.65    4079.84    7766.48    2422.99    2456.47   0.342948   -149.374    42.6895    2126.43    2344.47    2.74016    8.43011      0.016    5.91468    4.39462    4.11083    3.87974
      3500  0.0417217        1.5    2604.07    268.879    38.7772    3711.09    4085.96    7797.04    2421.98    2454.78   0.341978   -150.234    42.6895    2125.85    2343.44    2.74144    4.93537      0.016    5.92546    4.00668    4.12324     3.8924
      3400  0.0312515        1.5    2608.23    269.316    34.3186    3731.55    4090.64    7822.19     2421.6    2454.04   0.340998   -151.474    42.6895    2125.32    2342.48    2.74263    1.17006      0.016    5.93618    4.01492    4.13594    3.90538
      3300  0.0307079        1.5    2611.36    269.744    29.6206    3742.68    4095.25    7837.92    2420.66    2452.45   0.340028   -152.666    42.6895    2124.82    2341.56    2.74381   -2.81404      0.016    5.94674    4.02158    4.14869    3.91867
      3200  0.0302227        1.5    2614.43    270.166    25.2806    3755.07    4099.78    7854.85    2419.79    2450.99   0.339077   -154.033    42.6895    2124.24    2340.56    2.74504   -6.61899      0.016    5.95713    4.02768    4.16148    3.93237
      3100  0.0268599        1.5    2617.45    270.579    22.3034    3765.92    4103.85    7869.78    2418.98    2449.61   0.338129   -155.497    42.6895    2123.66    2339.57    2.74624   -9.30942      0.016    5.96736    4.03364    4.17433    3.94629
      3000  0.0235198        1.5    2620.13    270.987    19.8195    3779.86    4107.46    7887.32    2418.06    2448.07   0.337191   -156.941    42.6895    2123.07    2338.57    2.74744    -11.587      0.016    5.97744    4.04008    4.18723    3.96041
      2900  0.0271511        1.5    2622.49    271.392    17.6889     3794.3    4111.57    7905.87    2417.05    2446.42   0.336263   -158.355    42.6895    2122.45    2337.54    2.74867   -13.5694      0.016     5.9874     4.0479    3.80021    3.97477
      2800  0.0227804        1.5     2625.2    271.793       15.8    3809.18    4115.08    7924.26    2416.34    2445.21   0.335337   -159.855    42.6895    2121.85    2336.53    2.74984   -15.3466      0.016     5.9973    4.05673    3.81138    3.98902
      2700   0.046245        1.5     2627.5     272.19     13.913    3817.15    4121.79    7938.94    2415.46    2443.75    0.33442   -161.272    42.6895    2121.28    2335.57      2.751   -17.0897      0.016    6.00711    4.06622    3.82125    3.60243
      2600 0.00701532        1.5    2632.08    272.568    11.6534    3818.33    4123.12    7941.45    2415.89    2444.24     0.3335   -163.128    42.6895    2120.93    2334.87    2.75189    -19.147      0.016    6.01682    4.07609    3.83007    3.61078
      2500  0.0334826        1.5    2632.81    272.945    9.32894    3829.58    4128.08    7957.65    2414.12    2441.46   0.332657   -164.217    42.6895    2120.49    2334.08    2.75299   -21.2578      0.016     6.0263    4.08613    3.83749    3.61657
      2400  0.0287115        1.5    2636.16    273.315    6.96438    3842.84    4132.36     7975.2    2414.04    2441.22    0.33185   -165.907    42.6895    2119.95    2333.17    2.75406   -23.4076      0.016     6.0356     4.0962    3.84418    3.62146
      2300  0.0229111        1.5    2639.02    273.668    4.56655    3854.14    4135.84    7989.98    2413.66    2440.52   0.331054   -167.494    42.6895    2119.63    2332.52    2.75494   -25.5918      0.016    6.04471    4.10619    3.85059     3.6269
      2200  0.0171276        1.5    2641.31    274.013    2.31802    3858.95    4138.53    7997.48    2412.99     2439.4   0.330305    -168.99    42.6895    2119.27    2331.85    2.75587   -27.6794      0.016    6.05356    4.11606    3.85754    3.63316
      2100  0.0153546        1.5    2643.02    274.356   0.501061    3870.96    4140.97    8011.94     2412.1    2437.95   0.329593   -170.402    42.6895    2118.81    2331.06    2.75688   -29.4055      0.016    6.06219    4.12582    3.86515    3.64043
      2000   0.013589        1.5    2644.55    274.698   -1.13492    3882.93    4143.18     8026.1    2411.23    2436.54   0.328897   -171.804    42.6896    2118.29     2330.2    2.75793   -30.9738      0.016    6.07069    4.13551    3.87336     3.6486
      1900  0.0157265        1.5    2645.91    275.039    -2.6338    3894.17    4145.67    8039.84    2410.36    2435.15   0.328207   -173.189    42.6896    2117.75    2329.32      2.759   -32.4226      0.016    6.07911    4.14516     3.8821    3.65752
      1800  0.0142459        1.5    2647.48    275.378   -4.03199    3906.51    4147.96    8054.47     2409.7    2434.07   0.327515   -174.617    42.6896    2117.24    2328.47    2.76002   -33.7823      0.016    6.08751     4.1548    3.89126    3.66694
      1700  0.0188113        1.5    2648.91    275.714   -5.44681    3920.26    4150.87    8071.13    2409.02    2432.96   0.326826   -176.007    42.6896    2116.76    2327.66    2.76102   -35.1356      0.016     6.0959    4.16447    3.90073     3.6767
      1600  0.0285359        1.5     2650.8    276.045   -7.06302    3931.31    4155.11    8086.43    2408.65    2432.31   0.326142   -177.479    42.6896    2116.34    2326.93    2.76194   -36.6544      0.016    6.10426    4.17416    3.91042    3.68662
      1500  0.0135636        1.5    2653.64    276.365   -8.75191    3942.01    4157.29     8099.3    2408.79    2432.41   0.325456   -179.105    42.6896    2116.07    2326.38     2.7627   -38.2373      0.016    6.11261    4.18389    3.92016    3.69625
      1400          0        1.5    2654.98    276.683   -10.4706    3953.28    4157.56    8110.84    2408.04    2431.18   0.324807   -180.413    42.6896    2115.79    2325.82    2.76354   -39.8427      0.016    6.12115    4.19362    3.92983    3.70597
      1300 0.00279131        1.5    2654.99    277.015   -12.1882    3960.88    4158.28    8119.16    2406.67    2429.03   0.324199   -181.509    42.6896    2115.25    2324.94    2.76464   -41.4399      0.016    6.12986    3.80303    3.93969    3.71654
      1200  0.0059708        1.5    2655.27    277.356   -13.6215    3964.93    4159.44    8124.37    2405.64    2427.39   0.323583   -182.729    42.6896    2114.57     2323.9    2.76583   -42.8405      0.016    6.13878    3.81011    3.94996    3.72783
      1100 0.00860621        1.5    2655.87    277.695   -14.2873    3965.79    4160.96    8126.75    2404.89    2426.18    0.32294    -184.01    42.6896    2113.96    2322.94    2.76694   -43.5962      0.016    6.14791    3.81596    3.96053    3.73939
      1000   0.010265        1.5    2656.73    278.028   -14.6238    3967.17    4162.69    8129.86    2404.34    2425.27   0.322283   -185.289    42.6896    2113.44    2322.09    2.76796   -44.0647      0.016    6.15715    3.82138    3.97122    3.75092
       900  0.0070975        1.5    2657.75    278.354   -14.6046    3968.26    4163.99    8132.25     2403.9    2424.52   0.321626   -186.521    42.6896       2113    2321.35     2.7689   -44.2339      0.016    6.16643    3.82671    3.98189     3.7623
       800   0.031454        1.5    2658.49    278.675   -14.3138    3968.29    4168.63    8136.92    2403.31    2423.56   0.320985   -187.606    42.6896    2112.58    2320.62    2.76985   -44.1574      0.016    6.17568    3.83211     3.9925    3.77362
       700     0.0348        1.5    2661.64    278.979    -13.733    3970.58    4173.72     8144.3    2404.06    2424.57   0.320334   -189.032    42.6896    2112.36    2320.15    2.77051   -43.8458      0.016    6.18485    3.83762    3.60274    3.78416
       600  0.0118661        1.5    2665.09    279.261    -12.696    3978.07    4175.63    8153.71    2404.76     2425.5   0.319701   -190.304    42.6896    2112.44    2320.03    2.77092    -43.143      0.016    6.19382    3.84325    3.61111    3.79333
       500 0.00593349        1.5    2666.28     279.54   -11.3463    3985.93    4176.74    8162.66    2404.09    2424.35   0.319149   -190.971    42.6896    2112.37    2319.75    2.77156    -42.154      0.016    5.40221    3.84892    3.61841    3.40185
       400  0.0189919        1.5    2666.88    279.827   -9.65903    4006.04    4179.64    8185.68    2403.21    2422.91   0.318651   -191.442    42.6896    2111.99    2319.11    2.77245   -40.8608      0.016    5.40949    3.85476    3.62507    3.40821
       300          0        1.5    2668.76    280.106   -7.72425     4015.3    4182.02    8197.32    2403.13    2422.68    0.31815   -192.052    42.6896    2111.64    2318.49    2.77325   -39.3369      0.016    5.41634    3.86114    3.63096    3.41265
       200          0        1.5    2668.76    280.382   -5.28137    4031.18    4185.11    8216.29    2402.01    2420.92   0.317672   -192.173    42.6896    2111.25    2317.85    2.77413    -37.405      0.016    5.42287    3.86784    3.63621    3.41641
       100 0.00380637        1.5    2668.77     280.66   -1.90369    4032.01     4185.9    8217.91    2401.08    2419.43   0.317215   -192.186    42.6896    2110.71    2317.02    2.77512   -34.6606      0.016     5.4292    3.87467    3.64119    3.42019
         0 0.00189503        1.5    2669.14    280.932    1.97024    4044.41    4186.43    8230.83    2400.46    2418.45   0.316748   -192.114    42.6896    2110.21    2316.25    2.77604   -31.4667      0.016    5.43541    3.88155    3.64626    3.42484