     20000          0        1.8          0    179.437    415.631     17.399    14.2831     31.682    2343.43    2426.93   0.785391    51.8336    39.9574    2049.96     2345.7    2.72671    328.445      0.016    5.73044    4.59858    4.35318    4.39114
     19900          0        1.8          0    179.437     414.68    28.2793    29.7361    58.0154    2343.43    2426.93   0.785563    51.7019    39.9574    2049.96     2345.7    2.72686    327.608      0.016    5.73044    4.59858    4.35318    4.39114
     19800          0        1.8          0    179.437    414.027    44.2321    46.3592    90.5912    2343.43    2426.93   0.785735    51.5707    39.9574    2049.96     2345.7    2.72701    326.992      0.016    5.73044    4.59858    4.35318    4.39114
     19700          0        1.8          0    179.437    413.765    53.1471    60.5222    113.669    2343.43    2426.93   0.785907    51.4563    39.9574    2049.96     2345.7    2.72716     326.68      0.016    5.73044    4.59858    4.35318    4.39114
     19600  0.0414251        1.8  0.0414251    179.437    413.802    62.7691    72.5053    135.274    2343.45    2426.97   0.786079    51.3637    39.9574    2049.96     2345.7    2.72731    326.622      0.016    5.73044    4.59858    4.35318    4.39114
     19500          0        1.8    4.14251    179.402    411.957    64.8921    82.0536    146.946    2345.64    2430.88   0.786107    50.3304    39.9574    2050.37    2346.24    2.72673    325.306      0.016    5.73044    4.59858    4.35288    4.38918
     19400          0        1.8    4.14251     179.36    409.075    76.3571    94.2139    170.571    2345.25    2430.11   0.786182    50.4048    39.9574    2050.83    2346.87    2.72624    323.104      0.016    5.73038     4.5985    4.35172    4.38659
     19300          0        1.8    4.14251     179.34    406.446    86.2111    106.424    192.636    2344.98    2429.57    0.78644    50.3104    39.9574    2050.85    2346.92    2.72631    320.999      0.016     5.7302    4.59829    4.35047    4.38514
     19200          0        1.8    4.14251    179.329     403.83    87.5812    118.675    206.256    2344.77    2429.16   0.786707    50.0831    39.9574    2050.78    2346.84    2.72646    318.922      0.016    5.72992    4.59793    4.34946    4.38431
     19100  0.0014949        1.8      4.144    179.324     402.94    87.7212    130.441    218.162     2344.6    2428.84   0.786951    49.7684    39.9574     2050.7    2346.76    2.72664    317.971      0.016    5.72956    4.59748    4.34871    4.38385
     19000          0        1.8      4.292    179.321    403.085    88.5058     143.02    231.526    2344.53    2428.72   0.787168    49.4277    39.9574    2050.64    2346.69    2.72679    317.892      0.016    5.72915    4.59699    4.34817    4.38355
     18900          0        1.8      4.292    179.319    401.413    90.3192    156.411     246.73     2344.4    2428.49   0.787369    49.1432    39.9574     2050.6    2346.64    2.72695    316.692      0.016    5.72873    4.59649    4.34776    4.38337
     18800          0        1.8      4.292    179.319    398.735    99.8241    167.062    266.886    2344.29     2428.3   0.787563    48.7812    39.9574    2050.55    2346.58    2.72713    314.617      0.016    5.72831    4.59601    4.34747    4.38332
     18700          0        1.8      4.292     179.32    396.885    120.919    179.012    299.931     2344.2    2428.15   0.787748    48.3323    39.9574     2050.5    2346.52    2.72731    313.009      0.016     5.7279    4.59557    4.34727    4.38336
     18600          0        1.8      4.292    179.322    395.436    155.293     193.59    348.883    2344.12    2428.02   0.787925    47.8453    39.9574    2050.46    2346.46    2.72749    311.755      0.016    5.72752    4.59517    4.34714    4.38345
     18500          0        1.8      4.292    179.324    394.044    197.189    202.386    399.576    2344.06    2427.92   0.788097    47.3362    39.9574    2050.42    2346.42    2.72767    310.559      0.016    5.72716    4.59482    4.34706    4.38356
     18400          0        1.8      4.292    179.325    392.714    205.825    210.731    416.556    2344.01    2427.83   0.788265    46.8087    39.9574    2050.39    2346.38    2.72784    309.402      0.016    5.72683    4.59452    4.34702    4.38368
     18300          0        1.8      4.292    179.327    389.607    209.701    219.424    429.125    2343.96    2427.76    0.78843    46.2371    39.9574    2050.37    2346.35    2.72801    307.063      0.016    5.72654    4.59426    4.34701    4.38381
     18200          0        1.8      4.292    179.329      385.4    234.601    228.114    462.715    2343.92     2427.7   0.788594    45.5387    39.9574    2050.35    2346.32    2.72819    303.782      0.016    5.72628    4.59405    4.34702    4.38394
     18100          0        1.8      4.292    179.331    381.816    283.545    236.276    519.821    2343.89    2427.65   0.788757     44.699    39.9574    2050.33    2346.29    2.72836    300.797      0.016    5.72606    4.59387    4.34703    4.38406
     18000          0        1.8      4.292    179.333    378.465     327.94    244.997    572.936    2343.86    2427.61    0.78892    43.7605    39.9574    2050.31    2346.27    2.72852    298.014      0.016    5.72586    4.59372    4.34706    4.38418
     17900          0        1.8      4.292    179.335    377.508    364.972    255.132    620.104    2343.83    2427.58   0.789083    42.7763    39.9574     2050.3    2346.25    2.72869    296.815      0.016    5.72569     4.5936    4.34709     4.3843
     17800          0        1.8      4.292    179.336    378.026    400.086    266.126    666.211    2343.81    2427.54   0.789246    41.8648    39.9574    2050.28    2346.23    2.72886    296.858      0.016    5.72554    4.59351    4.34713     4.3844
     17700          0        1.8      4.292    179.338    376.124    434.752    276.508     711.26    2343.79    2427.52   0.789409    41.0261    39.9574    2050.27    2346.22    2.72902    295.423      0.016    5.72542    4.59343    4.34717     4.3845
     17600          0        1.8      4.292    179.339    372.903    458.529    290.894    749.423    2343.78    2427.49   0.789573    40.1349    39.9574    2050.26    2346.21    2.72918    292.845      0.016    5.72532    4.59338    4.34721    4.38459
     17500    0.20444        1.8    4.49644     179.34    372.976    466.272    304.939    771.211    2343.89     2427.7   0.789737     39.154    39.9574    2050.26    2346.19    2.72934    292.365      0.016    5.72523    4.59333    4.34725    4.38468
     17400   0.328456        1.8    25.0644    181.907    404.959    495.721    314.814    810.535     2349.4    2447.96   0.817193    32.6026    39.0482    2090.64    2391.59    2.63966    339.871      0.016    5.71582    4.58656    4.34503    4.37728
     17300   0.297857        1.8    57.8794    182.397    414.499    525.581    325.141    850.721    2361.41     2477.6   0.848458    25.7221    38.2531    2100.73    2403.17    2.61409    347.977      0.016     5.7124      4.578    4.32725    4.33874
     17200   0.340202        1.8    87.7074    182.361    420.137    562.787    339.864    902.652    2370.54    2500.22   0.876969    21.3777    37.5586    2107.22    2411.13    2.59675    352.431      0.016    5.71478    4.56746    4.29428    4.27781
     17100   0.488381        1.8    121.876    182.216     423.48    619.117    356.279    975.396    2381.31    2524.39   0.902282    17.1477    36.9519    2113.29    2418.74    2.58086    354.922      0.016    5.71996    4.55127    4.24844    4.20324
     17000   0.407237        1.8    170.633    182.013    425.076    671.453    376.366    1047.82    2398.98    2559.75   0.924512    10.6034     36.422    2119.49     2426.6    2.56381    355.914      0.016      5.725    4.52902    4.59108    4.51386
     16900   0.307656        1.8    211.257    181.825    420.719    715.642    398.166    1113.81    2410.21     2582.4   0.943956    7.22758    35.9588    2126.09    2434.92     2.5463    352.412      0.016    5.72754    4.49987     4.5204    4.41237
     16800   0.290998        1.8    242.006     181.78    412.437    758.749    421.576    1180.33    2415.25    2593.12   0.960975    6.36363    35.5537    2132.63    2442.98    2.53095    345.404      0.016    5.72587    4.46323    4.44012    4.71398
     16700   0.293935        1.8    271.109      181.9    402.939    802.958    447.566    1250.52    2419.43    2601.82   0.975764    5.43025     35.199     2138.7    2450.22    2.51787    337.217      0.016    5.71902    4.41962    4.76083     4.6192
     16600   0.362924        1.8    300.571     182.15    392.275    844.202    478.566    1322.77    2423.76    2610.53   0.988454    3.89973    34.8882    2144.27    2456.67    2.50606    328.108      0.016    5.70681    4.77203    4.67748    4.93109
     16500   0.461045        1.8    336.962    182.466    392.685    889.727    504.454    1394.18    2431.71    2625.45     0.9992   0.560212    34.6155     2149.5     2462.6    2.49441    326.873      0.016    5.68965     4.7177    4.99813    4.84096
     16400   0.556514        1.8    383.162    182.763    400.363      949.4    535.658    1485.06    2444.23    2648.26    1.00818   -4.24149     34.376    2154.72    2468.56    2.48169    332.346      0.016    5.66827    4.65858    4.91541    5.14755
     16300   0.624246        1.8    438.881    182.981    404.699     1018.4    565.193    1583.59    2460.54    2677.41    1.01561   -9.84812    34.1655    2160.27    2475.03    2.46728    336.017      0.016    5.64299    4.99744    4.82895    5.04355
     16200   0.563389        1.8    501.244    183.096    407.324     1091.8    601.542    1693.34    2478.65    2709.26    1.02169   -15.5631    33.9801    2166.37    2482.31    2.45128    337.883      0.016    5.61404    4.93305    5.13816    5.72937
     16100   0.455729        1.8    557.476    183.169    397.606    1160.27     642.11    1802.38    2491.53    2731.16    1.02669   -18.8878    33.8167    2172.93    2490.23    2.43512    330.726      0.016    5.58156    4.86454    5.03975    5.60933
     16000   0.430667        1.8    603.024    183.304    379.679    1217.19     682.51     1899.7    2497.65    2740.62    1.03082   -20.0685    33.6725     2179.5    2498.07    2.42075    316.073      0.016    5.54561    5.19387    5.73892    5.49509
     15900   0.424773        1.8    646.084    183.534    370.313    1268.19    722.828    1991.02     2502.4    2747.61    1.03418   -21.5199    33.5449    2185.63    2505.23    2.40838    306.873      0.016    5.50656    5.11997    5.63646    6.19253
     15800   0.459286        1.8    688.596    183.835     366.04    1321.49    761.353    2082.84    2506.83    2754.12    1.03674   -23.2006     33.432    2191.29    2511.71    2.39711    302.595      0.016    5.46496    5.04315     5.5394    6.09639
     15700   0.471218        1.8    734.537    184.166    363.053    1374.84    800.696    2175.54    2513.04    2763.92    1.03852   -25.7007    33.3317    2196.58     2517.7    2.38614    299.629      0.016    5.42139    5.76543     5.4477    6.00417
     15600   0.474071        1.8    781.661    184.501    361.195    1429.08    838.956    2268.03    2519.47    2774.17    1.03958   -28.3039    33.2426     2201.7    2523.47    2.37506    297.574      0.016    6.17422    5.68501     6.1632    5.91599
     15500    0.46671        1.8    829.061    184.837    358.556    1482.69    877.649    2360.34    2525.63    2783.92    1.04003   -30.7556    33.1631     2206.7    2529.09    2.36401    295.109      0.016      6.123    5.60461    6.07725    5.83265
     15400   0.523255        1.8    875.789    185.178    355.547     1540.6    916.476    2457.08    2531.06    2792.35    1.03995   -32.9279    33.0921    2211.61    2534.59    2.35317    292.275      0.016    6.07038    5.52503    5.99252    6.54886
     15300   0.605892        1.8    928.197    185.495    354.227    1606.15    958.297    2564.44    2539.31    2805.85     1.0394   -36.1516    33.0283    2216.45    2540.05    2.34211    290.648      0.016    6.01761    5.44659     5.9095    6.46239
     15200   0.669112        1.8    988.849    185.732    353.968    1672.22    1000.64    2672.86    2551.33    2826.02    1.03838   -40.6057    32.9709    2221.46    2545.83    2.32992    289.986      0.016    5.96484    6.17088    5.82706    6.37304
     15100   0.789756        1.8    1055.88     185.86    360.388    1747.26    1043.55    2790.81    2565.58    2850.02    1.03693   -45.4685     32.919    2226.87    2552.26    2.31631    294.208      0.016    5.91215    6.09358    6.54507    6.27977
     15000   0.896412        1.8    1134.96     185.84    371.338    1836.55    1087.01    2923.56    2584.93    2882.89     1.0351   -51.3775    32.8718    2232.81    2559.55    2.30092    302.529      0.016    5.85957    6.01628    6.45612    6.77905
     14900   0.982877        1.8    1224.69    185.635    379.586     1936.6    1130.03    3066.62    2607.94    2921.94    1.03291   -57.6127    32.8288    2239.54    2568.08    2.28333     309.28      0.016    5.80675    5.93892    6.36112    6.66204
     14800   0.947214        1.8    1322.94    185.237     386.44    2047.98    1174.07    3222.04    2633.09    2964.36     1.0304   -63.7447    32.7892    2247.16    2577.99    2.26377    314.554      0.016    6.54858    5.86097    6.25938    6.53479
     14700   0.194296        1.8    1416.91    184.657    376.422    2151.39     1218.4     3369.8    2653.24    2997.36    1.02772   -67.6347    32.7525     2255.5    2589.08    2.24391    307.557      0.016    6.48718    6.58231     6.7507      6.501
     14600   0.196028        1.8    1436.34    176.558    304.247     2210.6    1277.69    3488.29    2627.73    2939.74   0.968585   -57.3807    33.7363    2296.88    2653.07    2.34384     219.96      0.016      6.501    5.89067    6.20361      6.501
     14500   0.154977        1.8     1455.9    174.144      276.2    2252.25    1342.89    3595.14    2607.75    2894.72   0.942499   -54.2554    34.6823    2280.72    2637.17    2.36392    193.668      0.016      6.501    6.04226    6.27057      6.501
     14400   0.118607        1.8    1471.37    173.928    258.894    2285.55    1410.32    3695.87    2589.49    2854.33    0.91604   -53.3758    35.5885    2265.88    2619.23    2.37796    178.522      0.016      6.501    6.11436    6.28819      6.501
     14300   0.110605        1.8    1483.22     174.46    243.932     2315.2    1475.01    3790.21    2572.74    2817.69   0.888245   -53.3527    36.4418    2252.38     2601.7    2.39209    166.684      0.016      6.501    6.11072    6.28016    6.51994
     14200   0.102248        1.8    1494.27    175.243    231.189    2337.54    1538.32    3875.85    2558.58    2786.53   0.859722   -54.1276    37.2291    2240.18    2585.39    2.40548    156.795      0.016      6.501    6.06165    6.26726    6.59475
     14100   0.121341        1.8    1504.51     176.11    224.477    2359.14    1600.54    3959.68     2546.4    2759.67   0.831263   -55.2122    37.9427     2229.4    2570.73    2.41756    151.178      0.016      6.501    5.99327    6.25927    6.66728
     14000  0.0468982        1.8    1516.57    176.991    221.425    2371.46    1660.53       4032    2537.15    2738.71   0.803531   -56.7165    38.5803    2220.16    2557.97      2.428    148.617      0.016      6.501    5.92217    6.25942    6.73646
     13900 0.00551993        1.8    1521.22    177.923    216.183    2378.33    1723.18    4101.51    2525.34    2713.71   0.777302   -56.6286    39.1438    2211.67    2546.08    2.43815    145.039      0.016      6.501    5.85727    6.26802    6.20498
     13800  0.0725725        1.8    1521.84    178.946    210.088    2393.72    1782.75    4176.47    2513.21    2688.78   0.753075   -56.0784    39.6376    2203.02    2533.88    2.44901    140.701      0.016      6.501    5.80465    6.28441    6.26496
     13700          0        1.8    1529.03    179.977    205.611    2394.43    1844.12    4238.55    2506.36    2673.92   0.730475   -57.2693    40.0676    2195.42    2522.99    2.45871    137.326      0.016      6.501    6.56961    6.30786    6.32633
     13600    0.06588        1.8    1529.09    181.041    202.079    2400.84    1904.29    4305.12     2496.5    2654.04   0.709613   -57.0371    40.4403    2188.71    2513.18    2.46803    134.762      0.016      6.501    6.54382      6.338    6.39048
     13500  0.0927185        1.8    1535.71    182.109    205.719    2407.32    1958.01    4365.32     2491.5    2643.28   0.690457   -58.2918    40.7621    2182.67     2504.2    2.47668    136.952      0.016      6.501     6.5279    6.37453    6.45632
     13400  0.0333843        1.8    1544.92    183.127    213.538    2415.76    2013.92    4429.68     2488.3    2635.99   0.672676   -59.5574    41.0391     2178.2    2497.24    2.48364    142.661      0.016      6.501    6.52146    6.41542    6.52045
     13300   0.295785        1.8    1548.52    184.164    210.106    2423.13    2066.62    4489.75    2482.31    2623.83   0.656584   -59.2253     41.277    2174.07    2490.69    2.49075    141.391      0.016      6.501    6.52359    6.45939    6.58552
     13200   0.326931        1.8    1578.13    187.278    232.044    2448.82    2119.25    4568.08    2485.51    2640.95   0.688116   -64.2923    40.2965     2199.1    2516.33    2.40063    179.183      0.016      6.501    6.49663    6.48593    5.80091
     13100   0.378639        1.8    1610.87    188.965    238.865    2480.74    2166.15    4646.89    2490.11    2658.62   0.718799   -67.8641    39.3976    2207.61    2524.31    2.37375    185.711      0.016      6.501    6.47922    6.50296    6.59475
     13000    0.29949        1.8    1648.66     190.13    244.627    2504.49    2214.51       4719    2496.98    2678.68   0.746404   -71.1932    38.5929    2213.49    2529.82     2.3558    191.315      0.016      6.501    6.45469    6.49798    6.56962
     12900   0.449895        1.8    1678.76    190.937    250.858    2543.33    2262.28    4805.61    2499.01    2688.52   0.770847   -71.9534    37.8817    2218.61    2534.92    2.34079    196.911      0.016      6.501    6.42354    6.47589    6.53143
     12800   0.487393        1.8    1723.79    191.371    257.073    2590.27    2311.79    4902.06    2509.25    2711.98   0.792408    -75.217    37.2566    2223.17    2539.86    2.32737    202.415      0.016      6.501    6.38916    6.44318    6.48011
     12700   0.398525        1.8    1772.44    191.588    258.735    2631.28    2362.81    4994.08    2520.23    2735.66   0.811364    -78.313     36.708    2227.89    2545.31    2.31287    204.416      0.016      6.501    6.35344    6.40088    6.41446
     12600   0.210942        1.8     1812.1    191.851    257.347    2652.83     2416.1    5068.93     2525.2    2747.54   0.827915   -79.0818     36.226    2232.98    2551.13     2.2983    203.551      0.016      6.501    6.31534     6.3494    6.34292
     12500   0.234847        1.8    1833.22    192.258    256.791    2676.49    2470.83    5147.32    2520.01    2740.54   0.842407   -76.3029    35.8017    2237.85    2556.49    2.28668    203.031      0.016      6.501    6.27573      6.294    6.27791
     12400    0.19763        1.8    1856.67    192.801    256.473    2697.73    2524.13    5221.87    2517.42    2737.97   0.855042   -74.7842    35.4274    2241.96    2560.74    2.27771    202.859      0.016      6.501    6.23554    6.24059    6.22142
     12300   0.295364        1.8    1876.53    193.433    254.805    2729.61    2577.49    5307.09     2513.5    2732.89   0.865913   -73.1318    35.0963    2245.47    2564.13    2.26987    201.687      0.016      6.501    6.79513    6.79345    6.77319
     12200   0.454902        1.8    1906.22    194.088    252.054    2775.52     2632.7    5408.22    2515.67    2738.62   0.875169    -74.091    34.8029    2248.56    2566.97     2.2621    199.516      0.016      6.501    6.75302    6.74804    6.72594
     12100   0.553481        1.8    1951.81    194.644    250.819    2830.04     2690.5    5520.53    2526.21    2759.08   0.882923   -78.2946    34.5423    2251.75    2570.09    2.25239    198.244      0.016      6.501    6.71192    6.70243    6.67103
     12000   0.651025        1.8    2007.26    195.037    250.401    2892.91    2745.56    5638.47     2540.7    2786.06   0.889352   -83.7481    34.3104     2255.6    2574.22    2.24019    197.662      0.016      6.501    6.67161    6.65269    6.60421
     11900   0.704944        1.8    2072.41    195.252     250.88     2960.2    2804.86    5765.06    2558.72    2818.72   0.894678   -90.0718    34.1037    2260.32    2579.66    2.22592    197.683      0.016      6.501    6.63133    6.59621    6.52515
     11800   0.842951        1.8    2143.05    195.303    251.999     3033.1     2864.6    5897.69    2577.66    2852.31   0.899075   -96.2008    33.9194    2265.94    2586.44    2.21009     198.19      0.016      6.501    6.58985    6.53215      6.501
     11700   0.383413        1.8    2226.88    195.167    261.335    3118.68    2926.01    6044.69    2601.73    2894.42   0.902644   -103.419    33.7547    2272.43    2594.52    2.19258    204.667      0.016      6.501    6.54617      6.501      6.501
     11600   0.302579        1.8    2265.14    184.065    234.259    3183.83    2999.31    6183.14    2597.45    2875.79   0.859888   -100.083    34.6333     2288.2    2630.41    2.31276    155.587      0.016      6.501    6.68213     6.5322      6.501
     11500   0.198439        1.8     2295.3    180.541      214.4    3238.79    3084.54    6323.33    2590.16    2854.05   0.836051   -98.8515    35.4829    2278.57    2624.14    2.32358     138.58      0.016      6.501    6.26254    6.61805      6.501
     11400   0.200353        1.8    2315.14    179.955    188.282    3280.12    3172.53    6452.65     2579.2    2826.93   0.812242   -98.0728    36.2999     2269.5    2613.96    2.33008     118.09      0.016      6.501    6.36419    6.64957      6.501
     11300   0.200271        1.8    2335.18    180.349    176.004    3314.02    3257.66    6571.68    2570.69    2805.06   0.787375   -99.1051    37.0709    2260.67    2602.52    2.33889    106.978      0.016      6.501     6.3986      6.651      6.501
     11200    0.13791        1.8    2355.14    181.033     171.08    3342.46    3341.48    6683.94    2563.84    2786.82   0.761741   -100.627    37.7829    2252.85    2591.86    2.34772    102.536      0.016      6.501    6.38913    6.64375      6.501
     11100          0        1.8     2368.8    181.843    162.323    3349.59    3424.54    6774.12     2554.9    2765.43   0.736371   -101.073    38.4281    2245.42     2581.5    2.35671     96.327      0.016      6.501    6.35746    6.63819    6.53643
     11000          0        1.8     2368.8    182.825    152.124    3352.06    3506.51    6858.57    2540.25     2734.5   0.712353    -99.459    39.0042    2236.84    2569.49    2.36775    88.8464      0.016      6.501    6.31828    6.63943    6.59392
     10900  0.0239777        1.8    2368.82     183.94    146.482    3358.67    3590.17    6948.84    2528.06    2708.82   0.689806   -98.7636    39.5127    2227.46    2556.32    2.37988    84.3227      0.016      6.501     6.2804    6.65121    6.65795
     10800  0.0982186        1.8    2371.29    185.088    143.227    3376.82    3670.63    7047.45    2518.94    2689.39   0.668377   -99.0226    39.9577    2219.02     2544.3    2.39102    81.8389      0.016      6.501    6.24873    6.67343    6.72523
     10700  0.0812736        1.8     2381.1    186.186    138.815    3392.98    3750.67    7143.65    2514.91    2679.58   0.647981   -100.869    40.3448    2212.51    2534.73    2.39989    78.6875      0.016      6.501    6.22554    6.70385    6.79141
     10600  0.0619446        1.8     2389.2    187.249    133.947     3404.5    3830.32    7234.83    2510.26    2668.96   0.628916   -102.299    40.6796    2207.53    2527.13    2.40731    75.0409      0.016      6.501     6.2126    6.73871    6.24556
     10500    0.06642        1.8     2395.4    188.328    131.023    3415.57     3909.5    7325.07     2505.1    2657.69   0.611527   -103.377    40.9683    2202.92    2519.95    2.41466    72.6534      0.016      6.501    6.20985    6.77582    6.29878
     10400  0.0653708        1.8    2402.04    189.424    129.176    3425.85    3986.27    7412.12    2500.74    2648.15   0.595692   -104.557    41.2164    2198.58    2513.12    2.42188     71.187      0.016      6.501    6.21374     6.2141    6.35438
     10300   0.111139        1.8    2408.63    190.523     127.97    3442.63    4060.65    7503.27    2496.76    2639.52   0.581242   -105.683    41.4292    2194.65     2506.8     2.4288    70.2293      0.016      6.501    6.22212    6.24826    6.41026
     10200  0.0956011        1.8    2419.73    191.581     126.58    3458.33    4134.77     7593.1    2495.53    2636.01   0.567963   -107.601    41.6113    2191.52    2501.53    2.43475    69.2257      0.016      6.501    6.23537    6.28735    6.46449
     10100          0        1.8    2429.19    192.612    124.066    3459.07    4205.86    7664.93    2493.29    2630.77   0.555819   -109.006    41.7671    2189.04    2497.11    2.44013    67.3436      0.016      6.501    6.25407    6.32906    6.51774
     10000  0.0199078        1.8    2429.21    193.722    121.318    3464.69    4276.13    7740.82     2486.1     2616.8   0.545043   -108.604    41.9003    2185.69    2491.54    2.44703    65.3262      0.016      6.501    6.27741    6.37315    6.57531
      9900  0.0960408        1.8    2431.28    194.902    118.414    3480.97    4345.53     7826.5    2480.97    2606.78   0.535342   -108.999     42.014    2181.54    2484.93    2.45484    63.2057      0.016      6.501    6.30484     6.4203    5.82785
      9800  0.0849667        1.8    2440.87    196.036    115.247    3495.84    4413.24    7909.08    2480.36    2605.06   0.526175   -111.037    42.1111    2178.44    2479.67    2.46115    60.8244      0.016      6.501      6.336    6.46661    5.87084
      9700   0.134279        1.8    2449.42    197.118    111.919     3517.5    4479.31    7996.81    2478.92    2601.86   0.517567   -112.732    42.1939     2176.4    2475.78    2.46641    58.2661      0.016      6.501    6.37033    6.51249    5.91503
      9600    0.13539        1.8    2462.84    198.145     108.42    3539.34     4543.8    8083.14    2480.04    2603.24   0.509557   -115.297    42.2647    2175.01    2472.76    2.47079    55.5236      0.016      6.501    6.40727    6.55845    5.95859
      9500   0.106119        1.8    2476.35    199.121      104.8    3556.33    4606.75    8163.08    2480.72    2603.75   0.502107   -117.645    42.3252    2174.26    2470.59    2.47444    52.6423      0.016      6.501     6.4463    5.80347    6.00054
      9400          0        1.8    2486.86    200.099    102.063    3556.54    4671.85    8228.39    2479.44    2600.71   0.495339   -119.258    42.3768    2173.29    2468.18    2.47848    50.3494      0.016      6.501    6.48678    5.83448     6.0415
      9300          0        1.8    2486.86     201.17    99.9749    3556.96    4734.48    8291.44    2472.57    2587.73   0.489391   -118.884     42.421     2170.9    2463.94    2.48461    48.6681      0.016      6.501     6.5279    5.86821    6.08557
      9200          0        1.8    2486.86    202.334    98.2491    3558.37    4795.85    8354.22    2466.66    2576.72   0.483995   -118.923    42.4588    2167.21    2458.03    2.49215    47.3304      0.016      6.501    6.56973    5.90805    6.13609
      9100  0.0601221        1.8    2486.92    203.538     96.735    3567.85    4854.31    8422.15    2461.45    2567.17   0.478773   -119.262    42.4911    2163.45       2452    2.49971    46.1774      0.016      6.501    5.81087    5.95282    6.19133
      9000  0.0763683        1.8    2492.95    204.707    95.2935     3579.4     4908.9     8488.3    2459.94     2564.4    0.47355   -120.914    42.5188    2160.48    2446.98    2.50612    45.0575      0.016      6.501    5.84203    5.99933    5.43023
      8900          0        1.8    2500.51    205.805    93.9286    3580.16    4963.75     8543.9    2459.16    2562.89   0.468393   -122.718    42.5426    2158.59    2443.38    2.51122    43.9601      0.016      6.501    5.87619    6.04233    5.46329
      8800  0.0836144        1.8    2500.59    206.923    92.7573    3592.44    5017.35    8609.78    2454.26    2553.94   0.463623   -122.951    42.5629     2156.4     2439.4    2.51704    43.0444      0.016      6.501    5.91341    6.08458    5.50172
      8700   0.139689        1.8    2509.01    208.018    91.6077    3612.16    5069.73    8681.89     2454.4    2554.11   0.459025   -124.938    42.5804    2154.27    2435.54    2.52234    42.1382      0.016      6.501    5.95293    6.12821    5.54257
      8600   0.177977        1.8    2523.02    209.004    90.4097     3636.9    5121.28    8758.18    2457.17    2558.88    0.45435   -127.733    42.5954    2153.66    2433.64     2.5256    41.1366      0.016      6.501    5.99425    6.17194    5.58026
      8500   0.133181        1.8    2540.77    209.879    89.1789    3655.18     5172.1    8827.28     2461.2    2565.72   0.449771    -130.79    42.6083    2154.26    2433.33    2.52734    40.0605      0.016      6.501    6.03681    5.41113    5.61308
      8400   0.160747        1.8    2554.12    210.718    88.5205    3676.73    5222.68    8899.41    2462.02    2566.59   0.445566   -132.537    42.6195    2154.88    2433.09    2.52927    39.3916      0.016      6.501    6.07971    5.43379     5.6415
      8300  0.0752328        1.8    2570.11    211.526    88.2011    3686.67    5269.45    8956.13       2464    2569.52   0.441718   -134.567     42.629    2155.16    2432.49    2.53135    39.0212      0.016      6.501    6.12192    5.45875    5.66637
      8200   0.109892        1.8    2577.66    212.373     88.237    3700.97    5315.96    9016.93    2461.02     2563.5   0.438261   -134.753    42.6372    2154.66    2430.92    2.53459    38.9831      0.016      6.501    6.16327    5.48615    5.69319
      8100  0.0875777        1.8    2588.63    213.254    88.5023    3712.13    5362.15    9074.29    2460.25    2561.61   0.435038   -135.689    42.6443    2153.38    2428.38    2.53842     39.168      0.016      6.501    5.40347    5.51588    5.72328
      8000   0.149008        1.8    2597.45    214.144    88.9668    3731.24    5407.73    9138.98    2458.26    2557.61   0.431868   -136.145    42.6505    2152.09    2425.82    2.54228    39.5354      0.016      6.501    5.42812    5.54725    5.75561
      7900  0.0807062        1.8    2612.28    214.982    89.5956    3741.12    5452.75    9193.87    2459.63    2559.68   0.428663   -137.709    42.6557    2151.17    2423.78    2.54534    40.0208      0.016      6.501     5.4511    5.57941    5.78771
      7800  0.0992774        1.8    2620.37    215.813    90.4629    3753.29    5496.64    9249.93    2456.95    2554.46   0.425569   -137.745    42.6603    2150.27    2421.77    2.54863    40.7242      0.016      6.501    5.47727     5.6112    5.01618
      7700   0.117391        1.8    2630.32    216.665    91.5126    3767.74    5540.37    9308.11    2455.59    2551.72   0.422643   -138.177    42.6642    2148.83     2419.1    2.55237    41.6059      0.016      6.501    5.50559    5.64138    5.03888
      7600   0.102364        1.8    2642.04    217.492    92.7082    3780.07    5582.98    9363.05    2455.23     2550.8   0.419699   -138.866    42.6676    2147.71    2416.85    2.55556    42.6108      0.016      6.501    5.53535    5.67096    5.06395
      7500  0.0552578        1.8    2652.23    218.308     94.055    3787.06     5624.5    9411.56    2453.93    2548.19   0.416803   -139.116    42.6706    2146.72    2414.77    2.55866    43.7544      0.016      6.501     5.5661    5.70076    5.09078
      7400  0.0272438        1.8    2657.73     219.17    94.4503     3790.8    5664.88    9455.68    2450.18    2541.24   0.414065   -138.448    42.6731    2145.12    2411.92    2.56263    44.2997      0.016      6.501    5.59757    5.73161    5.12148
      7300  0.0153682        1.8    2660.44    220.105    94.3538    3793.22    5706.05    9499.27    2445.42    2532.58    0.41144   -137.464    42.6753    2142.67    2407.98    2.56762    44.4513      0.016      6.501     5.6297     5.7648    5.15755
      7200          0        1.8    2661.96    221.101    93.9919    3794.43    5747.95    9542.38     2440.6    2523.98    0.40879   -136.539    42.6772    2139.76    2403.44    2.57314    44.4123      0.016      6.501    5.66264    5.00106    5.19858
      7100          0        1.8    2661.96    222.146    93.4519    3796.28     5788.1    9584.38    2435.53    2515.05   0.406067   -135.596    42.6788    2136.65    2398.63    2.57895     44.243      0.016      6.501    5.69658    5.03067    4.83215
      7000  0.0377735        1.8       2662    223.213    92.7674    3802.15    5822.49    9624.64    2431.09    2507.36   0.403268   -134.927    42.6803    2133.55    2393.82    2.58476    43.9577      0.016      6.501    5.73137    5.06035    4.86598
      6900  0.0368794        1.8    2665.78     224.25    91.9206    3808.01    5856.34    9664.35    2429.13    2504.15   0.400315   -135.158    42.6815    2131.05    2389.76    2.58971    43.5135      0.016      6.501    5.76709    5.09406    4.90177
      6800   0.049528        1.8    2669.48    225.252    90.9576    3815.62    5893.99    9709.61    2427.17     2500.9    0.39728   -135.367    42.6826    2129.21    2386.53    2.59396    42.9483      0.016      6.501    5.00357    5.12991    4.93824
      6700    0.05209        1.8    2674.43    226.228    89.9096     3823.6    5929.86    9753.46    2425.98    2498.95   0.394256   -135.817    42.6835    2127.68    2383.71    2.59782    42.2917      0.016      6.501    5.03076    5.16692    4.97511
      6600  0.0458399        1.8    2679.63    227.174    88.8203    3830.77    5962.09    9792.86    2424.89    2497.09   0.391273   -136.268    42.6843    2126.41    2381.24    2.60136    41.5822      0.016      6.501    5.05815    4.80384     4.6102
      6500  0.0691515        1.8    2684.24    228.103    87.7021    3840.73    5995.08    9835.81    2423.47    2494.59   0.388399    -136.57     42.685    2125.19    2378.84    2.60487    40.8391      0.016      6.501    5.08837    4.82995    4.63311
      6400  0.0739658        1.8    2691.16    228.991    86.8666    3851.14    6027.29    9878.44    2423.36     2494.4   0.385603   -137.301    42.6856    2124.19    2376.77    2.60798    40.2713      0.016      6.501     5.1201    4.85451    4.65543
      6300  0.0679856        1.8    2698.55    229.832    86.1877    3860.65    6060.41    9921.06    2423.34     2494.3   0.382879   -138.002    42.6861    2123.56    2375.18    2.61061    39.8241      0.016      6.501    5.15268    4.88075    4.67786
      6200 0.00803009        1.8    2705.29    230.651    85.6232    3862.08    6093.56    9955.64    2422.82    2493.24   0.380282   -138.467    42.6866    2122.96    2373.65     2.6132    39.4637      0.016      6.501    5.18576    4.90771    4.70111
      6100 0.00262916        1.8    2706.09    231.519    85.2456    3862.68    6126.69    9989.38    2419.08    2486.39   0.377898   -137.763     42.687    2121.65    2371.24    2.61683    39.2841      0.016      6.501    4.81551    4.93565     4.7282
      6000   0.244885        1.8    2706.59    232.444    84.9893    3874.26    6159.75      10034    2415.68    2480.28   0.375623   -137.221    42.6873    2119.53    2367.83    2.62131    39.2331      0.016    6.50456    4.83623     4.9656    4.76021
      5900   0.227919        1.8    2731.07    233.154    84.4659    3883.68    6190.29      10074    2425.43    2497.76   0.372908   -141.309    42.6876    2119.78    2367.43    2.62185    38.8614      0.016    6.53311    4.85946    4.99593    4.78445
      5800  0.0191721        1.8    2753.65    233.621    83.8488     3886.5    6222.17    10108.7    2432.23    2509.52   0.370084   -144.077    42.6879    2122.81    2370.56    2.61948    38.3141      0.016    6.55981    4.88487    4.61705    4.79637
      5700   0.235856        1.8    2755.78    234.183    83.5431    3898.99    6253.89    10152.9    2427.02    2499.48   0.368021   -142.469    42.6881    2123.71    2371.08    2.62056    38.0952      0.016    6.58355    4.91082       4.63    4.40785
      5600   0.235084        1.8    2779.37    234.701    83.1183    3912.97    6285.34    10198.3    2434.24    2511.93   0.366079   -145.273    42.6883    2124.05    2370.98    2.62094    37.7668      0.016    6.60545    4.93634    4.64255    4.41209
      5500    0.02106        1.8    2802.66    235.044    82.6177    3916.68    6316.69    10233.4     2439.9     2521.4   0.363995   -147.391    42.6885     2126.5    2373.54    2.61888    37.3039      0.016    6.62539    4.96099    4.65298    4.40991
      5400  0.0231573        1.8    2804.77     235.51    81.6494    3920.95    6347.61    10268.6    2433.36    2508.86    0.36251   -145.194    42.6886    2126.88    2373.54    2.62019    36.6188      0.016     6.6429    4.98436    4.66209    4.41415
      5300   0.224421        1.8    2807.29    236.163    80.3867    3932.81     6377.9    10310.7    2428.27     2499.3   0.361353   -143.718    42.6887    2124.49    2370.09    2.62433    35.7492      0.016    6.65963    4.60561     4.6736    4.42514
      5200          0        1.8     2829.5    236.693    78.6339    3933.48       6411    10344.5    2434.41    2510.12    0.35969   -146.343    42.6888    2123.82     2368.8    2.62537    34.3972      0.016    6.67693    4.61852    4.68717    4.43408
      5100   0.236944        1.8    2829.74    237.237    76.9078     3945.8    6442.96    10388.8    2427.58    2497.55   0.358099    -144.43    42.6889    2123.35    2367.73    2.62737    33.0719      0.016    6.69386    4.62745    4.70028    4.44601
      5000   0.230495        1.8    2853.43      237.7    74.8431    3964.19    6473.86    10438.1    2434.49    2509.78   0.356406   -147.451     42.689    2122.98    2366.85      2.628    31.4248      0.016    6.71056    4.63743     4.7146    4.45703
      4900   0.239562        1.8    2876.49    237.966    72.5631    3983.65     6505.9    10489.6    2439.67    2518.69   0.354475   -149.789    42.6891    2125.09    2369.09    2.62587    29.5016      0.016    6.72624    4.64931    4.72639    4.45981
      4800   0.244273        1.8    2900.45    238.137    70.1678    3998.54    6538.51    10537.1    2444.51    2526.75   0.352768   -151.927    42.6891     2127.5    2371.77    2.62342    27.4486      0.016    6.73973      4.662    4.73456    4.45801
      4700   0.249293        1.8    2924.88    238.249    67.6953    4007.11    6571.76    10578.9    2448.85    2533.78   0.351292   -153.863    42.6892    2129.86    2374.45    2.62092    25.3052      0.016    6.75075    4.67458    4.73934    4.45312
      4600    0.23634        1.8     2949.8    238.321    65.1886    4024.13    6603.24    10627.4    2452.81    2540.05   0.350009    -155.67    42.6892    2132.07       2377    2.61846    23.1162      0.016    6.75936    4.68639    4.74131    4.44616
      4500    0.23074        1.8    2973.43    238.378    62.6569    4042.56    6633.96    10676.5    2455.52    2544.03   0.348899    -157.08    42.6893    2133.95    2379.16    2.61633    20.9003      0.016    6.76581      4.697    4.74112    4.43851
      4400   0.245201        1.8    2996.51    238.437     60.509     4061.3    6666.63    10727.9    2457.58     2546.9   0.347918   -158.333    42.6893    2135.38    2380.79    2.61462    18.9568      0.016    6.77051    4.70618    4.73968     4.4313
      4300   0.248016        1.8    3021.04    238.481    58.5531    4077.37    6699.65      10777    2460.15    2550.73   0.346973   -159.811    42.6894    2136.66    2382.27     2.6129    17.1779      0.016     6.7739    4.71391    4.73752    4.42401
      4200   0.253199        1.8    3045.84    238.502     56.703     4097.6    6733.34    10830.9     2462.5    2554.21   0.346038   -161.252    42.6894    2137.98     2383.8    2.61104    15.4762      0.016    6.77619    4.72026    4.73464    4.41657
      4100   0.249608        1.8    3071.16    238.503    54.9381    4121.59    6766.54    10888.1    2464.81    2557.64   0.345116   -162.704    42.6894    2139.27    2385.32    2.60913    13.8383      0.016     6.7775    4.72531    4.73163    4.41171
      4000   0.261607        1.8    3096.13    238.494    53.2339    4145.72    6801.35    10947.1    2466.62     2560.2   0.344207   -164.016    42.6894    2140.46    2386.73    2.60728    12.2485      0.016    6.77793    4.72917    4.72904     4.4085
      3900   0.273789        1.8    3122.31    238.472    51.5573    4172.38    6837.77    11010.2    2468.85    2563.54   0.343288   -165.498    42.6894     2141.6    2388.11    2.60536    10.6769      0.016    6.77765    4.73199    4.72679    4.40576
      3800    0.26358        1.8    3149.67    238.424     49.886    4197.27     6872.8    11070.1     2471.4    2567.48   0.342335   -167.108    42.6895    2142.89    2389.68    2.60316    9.10014      0.016    6.77671     4.7339    4.72451    4.40277
      3700   0.263081        1.8    3176.03    238.368    47.6069    4226.01    6907.76    11133.8    2473.06    2569.82   0.341394   -168.435    42.6895    2144.13    2391.19    2.60104    7.13273      0.016    6.77511    4.73498    4.72202    4.40012
      3600   0.262546        1.8    3202.34    238.318    43.7091    4251.96    6942.64    11194.6     2474.5     2571.8   0.340471   -169.793    42.6895    2145.13    2392.42    2.59912    3.84388      0.016    6.77296    4.73529    4.71944    4.79722
      3500   0.276271        1.8    3228.61    238.271    39.1017    4276.73    6979.37    11256.1    2475.76    2573.49   0.339542   -171.253    42.6895       2146    2393.49     2.5973 -0.0499392      0.016    6.77043    4.73492    4.71657    4.79355
      3400    0.26943        1.8    3256.23    238.214    34.2202    4297.09    7015.15    11312.2    2477.61    2576.28   0.338575   -173.082    42.6895    2146.92    2394.64    2.59533   -4.22667      0.016    6.76763    4.73395    4.71325    4.78882
      3300   0.272536        1.8    3283.17     238.15    29.0806    4307.68    7051.35      11359    2478.86       2578   0.337596   -174.869    42.6895    2147.87    2395.81    2.59335   -8.63287      0.016    6.76454    4.73244     4.7093     4.7833
      3200   0.275687        1.8    3310.43    238.085     24.317    4319.11    7087.97    11407.1    2480.16    2579.84   0.336618    -176.83    42.6895    2148.72    2396.88    2.59142   -12.8638      0.016    6.76116    4.73041    4.70488    4.77742
      3100   0.275924        1.8       3338    238.015    20.9491    4328.61     7124.6    11453.2    2481.49    2581.75   0.335625   -178.885    42.6895    2149.57    2397.95    2.58946   -15.9797      0.016    6.75755    4.72791     4.7005    4.77114
      3000   0.276166        1.8    3365.59    237.941    18.0914    4340.81    7161.26    11502.1     2482.7    2583.46   0.334624   -180.921    42.6895     2150.4    2399.01    2.58748   -18.6785      0.016    6.75372    4.72501    4.69641    4.76472
      2900   0.283455        1.8    3393.22    237.865    15.6007    4353.16     7198.9    11552.1    2483.81    2585.02   0.333618   -182.926    42.6895     2151.2    2400.02    2.58552   -21.0778      0.016    6.74968    4.72176    4.69232    4.75839
      2800   0.282692        1.8    3421.56    237.784    13.3612    4365.61    7236.41      11602    2485.21    2587.11   0.332594   -185.013    42.6895    2152.03    2401.08    2.58349   -23.2697      0.016    6.74549    4.71823    4.68815     4.7519
      2700   0.310082        1.8    3449.86    237.696    11.1187    4370.78    7277.62    11648.4    2486.43    2588.89    0.33156    -187.02    42.6895    2152.89    2402.18     2.5814    -25.428      0.016    6.74111    4.71442    4.68376    4.74521
      2600   0.274191        1.8    3480.83    237.581    8.49404    4375.12    7313.94    11689.1    2488.97    2593.02   0.330488   -189.445    42.6895    2153.98    2403.59    2.57892    -27.904      0.016    6.73652    4.71036    4.67898     4.7373
      2500   0.304536        1.8    3508.28    237.471    5.79499    4382.83    7354.37    11737.2     2489.3    2593.15   0.329459   -191.147    42.6895    2154.99    2404.88     2.5767   -30.4381      0.016    6.73156    4.70601    4.67359    4.72947
      2400   0.303397        1.8    3538.73    237.359    3.05054    4392.18    7394.61    11786.8     2491.3    2596.31   0.328437    -193.42    42.6895    2155.85    2406.01    2.57448   -33.0154      0.016    6.72636    4.70135    4.66808    4.72165
      2300    0.30119        1.8    3569.07    237.227   0.266748    4399.18    7434.53    11833.7    2492.98     2598.9   0.327384   -195.599    42.6895    2156.96    2407.44    2.57197    -35.633      0.016     6.7209    4.69639    4.66212    4.71291
      2200   0.298963        1.8    3599.19     237.09   -2.36339    4399.31    7474.14    11873.4    2494.38    2600.96   0.326352   -197.694    42.6895    2158.02    2408.83    2.56953   -38.1572      0.016    6.71512    4.69112     4.6557     4.7039
      2100   0.300772        1.8    3629.08    236.955    -4.5537    4406.27    7513.98    11920.3    2495.54     2602.6    0.32534   -199.711    42.6895    2158.97    2410.08    2.56719   -40.3219      0.016    6.70905    4.68552    4.64897    4.69499
      2000   0.302595        1.8    3659.16    236.822   -6.55958    4412.81    7554.06    11966.9    2496.71    2604.28   0.324331    -201.72    42.6896    2159.85    2411.25    2.56491   -42.3297      0.016    6.70277    4.67961    4.64209    4.68621
      1900   0.308398        1.8    3689.43    236.687   -8.42575    4418.26    7594.91    12013.2     2497.9       2606   0.323315   -203.711    42.6896    2160.72    2412.41    2.56262   -44.2191      0.016    6.69634    4.67342    4.63508    4.67743
      1800   0.310587        1.8    3720.27    236.545   -10.1898    4424.44    7636.03    12060.5     2499.3    2608.11   0.322285   -205.744    42.6896    2161.63    2413.63    2.56024   -46.0212      0.016    6.68977    4.66698    4.62793    4.66843
      1700   0.318952        1.8    3751.34    236.394   -11.9765    4431.67    7678.26    12109.9    2500.69    2610.21   0.321248   -207.742    42.6896     2162.6    2414.92    2.55778   -47.8202      0.016    6.68304    4.66031     4.6207    4.65909
      1600   0.332639        1.8    3783.25    236.232   -13.9734    4435.81    7722.32    12158.1    2502.42    2612.89   0.320203   -209.819    42.6896    2163.65    2416.32    2.55519   -49.7885      0.016    6.67612    4.65342    4.61357    4.64932
      1500   0.321378        1.8     3816.5    236.048   -16.0482     4439.2    7764.82      12204    2504.68    2616.53   0.319143   -212.044    42.6896     2164.9    2417.98    2.55231   -51.8267      0.016    6.66894    4.64632    4.60614    4.63859
      1400   0.311049        1.8    3848.63    235.857   -18.1595    4442.79    7805.91    12248.7    2506.09     2618.6    0.31811   -213.976    42.6896    2166.15    2419.65    2.54948   -53.8926      0.016    6.66141    4.63898    4.99811    4.62752
      1300   0.318188        1.8    3879.74    235.682   -20.2758    4443.28    7847.96    12291.2    2506.86    2619.53   0.317128   -215.706    42.6896    2167.11    2420.96    2.54699   -55.9533      0.016    6.65356    4.63136    4.98933    4.61728
      1200   0.325312        1.8    3911.57    235.514   -22.0931    4455.81    7890.96    12346.8       2508    2621.17    0.31614   -217.565    42.6896    2167.94    2422.11     2.5446   -57.8201      0.016     6.6456    4.62347    4.98103    4.61101
      1100   0.331894        1.8     3944.1     235.34   -23.1215     4465.5    7934.83    12400.3    2509.44    2623.34   0.315107   -219.484    42.6896    2168.87    2423.38    2.54205   -59.0455      0.016    6.63759    4.61657    4.97391    4.60688
      1000    0.33746        1.8     3977.3    235.159   -23.8102    4473.31    7979.44    12452.7    2511.08    2625.87   0.314036     -221.4    42.6896    2169.91    2424.79    2.53935   -59.9841      0.016    6.62957    4.61254    4.96765    4.60333
       900   0.338077        1.8    4011.04    234.976   -24.1307    4481.75    8024.11    12505.9    2512.84     2628.6   0.312939    -223.27    42.6896    2171.05    2426.32    2.53653   -60.6239      0.016    6.62156    4.60962    4.96191    4.99992
       800   0.366639        1.8    4044.88    234.795   -24.1749    4491.64    8072.64    12564.3    2514.46    2631.07   0.311833   -225.001    42.6896    2172.21    2427.87    2.53371   -61.0192      0.016    6.61357    4.60711    4.95633    4.99529
       700   0.373964        1.8    4081.55    234.596   -23.9156    4499.53    8122.11    12621.6    2517.43    2635.94    0.31069   -227.042    42.6896     2173.6    2429.72    2.53052   -61.1814      0.016    6.60559    4.60478    4.95018    4.98784
       600   0.354543        1.8    4118.93     234.37   -23.1869    4517.52    8168.91    12686.4    2520.39    2640.74   0.309529   -228.937    42.6896    2175.34       2432    2.52695   -60.9563      0.016    6.59743    4.60248    4.94276    4.97744
       500   0.352241        1.8    4154.38    234.149   -22.1409    4536.17    8215.41    12751.6    2521.97    2643.01   0.308435   -230.267    42.6896    2176.91    2434.08    2.52368   -60.4462      0.016    6.58893    4.60012    4.93409    4.96599
       400   0.369194        1.8    4189.62    233.951   -20.7514    4567.37    8264.18    12831.6    2523.34    2644.91   0.307393    -231.41    42.6896    2178.11    2435.71    2.52079   -59.6328      0.016    6.58021    4.99669    4.92484    4.95471
       300   0.333849        1.8    4226.51     233.75   -19.1113    4588.02    8308.16    12896.2    2525.49    2648.25   0.306329   -232.671    42.6896    2179.34    2437.37    2.51779   -58.5919      0.016    6.57143    4.99155    4.91527    4.94286
       200   0.331796        1.8    4259.89    233.571   -16.9183    4615.54    8351.88    12967.4    2525.54    2647.83   0.305292   -233.165    42.6896    2180.33    2438.72     2.5152   -57.1175      0.016    6.56258    4.98514    4.90543    4.93175
       100   0.363713        1.8     4293.1    233.428   -13.7461    4628.21    8399.91    13028.1    2525.66    2647.59   0.304273   -233.542    42.6896    2180.84    2439.47    2.51313   -54.8071      0.016    6.55388    4.97779    4.89605     4.9224
         0   0.365184        1.8    4329.47    233.273   -10.0885    4628.55    8448.09    13076.6    2527.55     2650.6   0.303163   -234.288    42.6896    2181.58     2440.5    2.51065   -52.0741      0.016    6.54551    4.96982    4.88726    4.91276