      20000           0         0.3           0     179.437     415.631      17.399     14.2831      31.682     2343.43     2426.93    0.785391     51.8336     39.9574     2049.96      2345.7     2.72671     328.445       0.016     5.73044     4.59858     4.35318     4.39114
      19900           0         0.3           0     179.437      414.68     28.2793     29.7361     58.0154     2343.43     2426.93    0.785563     51.7019     39.9574     2049.96      2345.7     2.72686     327.608       0.016     5.73044     4.59858     4.35318     4.39114
      19800           0         0.3           0     179.437     414.027     44.2321     46.3592     90.5912     2343.43     2426.93    0.785735     51.5707     39.9574     2049.96      2345.7     2.72701     326.992       0.016     5.73044     4.59858     4.35318     4.39114
      19700           0         0.3           0     179.437     413.765     53.1471     60.5222     113.669     2343.43     2426.93    0.785907     51.4563     39.9574     2049.96      2345.7     2.72716      326.68       0.016     5.73044     4.59858     4.35318     4.39114
      19600   0.0414251         0.3   0.0414251     179.437     413.802     62.7691     72.5053     135.274     2343.45     2426.94    0.786079     51.3637     39.9574     2049.96      2345.7     2.72731     326.622       0.016     5.73044     4.59858     4.35318     4.39114
      19500           0         0.3     4.14251     179.492     411.926     64.9227     81.9633     146.886      2345.6     2427.59    0.786225     50.3268     39.9574      2050.1     2345.79     2.72788     325.314       0.016     5.73045     4.59859     4.35342     4.39265
      19400           0         0.3     4.14251     179.558     409.007     76.4558     93.9257     170.382     2345.11     2427.46    0.786385     50.3916     39.9574     2050.26     2345.89     2.72848     323.124       0.016     5.73051     4.59866     4.35431     4.39462
      19300           0         0.3     4.14251     179.589     406.351      86.405     105.887     192.292     2344.76     2427.37    0.786548     50.2915     39.9574      2050.3      2345.9     2.72873     321.018       0.016     5.73068     4.59885     4.35526     4.39566
      19200           0         0.3     4.14251     179.605     403.715     87.8902     117.861     205.751     2344.51      2427.3    0.786695     50.0625     39.9574     2050.31     2345.89     2.72891     318.935       0.016     5.73094     4.59916       4.356      4.3962
      19100 0.000744672         0.3     4.14325     179.613      402.81     87.8997     129.338     217.238     2344.32     2427.25    0.786835     49.7489     39.9574     2050.31     2345.87     2.72907     317.978       0.016     5.73125     4.59954     4.35654     4.39647
      19000           0         0.3     4.21698     179.617     402.944     88.5434     141.621     230.164     2344.21     2427.22    0.786973     49.4276     39.9574      2050.3     2345.86     2.72923     317.894       0.016     5.73159     4.59994     4.35691     4.39659
      18900           0         0.3     4.21698     179.619     401.265     90.2088     154.711      244.92      2344.1     2427.18    0.787113     49.1413     39.9574      2050.3     2345.85     2.72939      316.69       0.016     5.73193     4.20027     4.35717     4.39663
      18800           0         0.3     4.21698     179.619     398.583     99.8663     165.063     264.929     2344.01     2427.15    0.787258     48.7789     39.9574     2050.29     2345.84     2.72954      314.61       0.016     5.73226     4.20048     4.35734      4.3966
      18700           0         0.3     4.21698     179.617     396.729     121.117     176.716     297.833     2343.94     2427.13    0.787408     48.3302     39.9574     2050.28     2345.84     2.72968     312.999       0.016     5.73256     4.20063     4.35744     4.39653
      18600           0         0.3     4.21698     179.615     395.278     155.649     191.001      346.65     2343.89     2427.11    0.787561     47.8438     39.9574     2050.27     2345.83     2.72982     311.742       0.016     5.73284     4.20073     4.35749     4.39643
      18500           0         0.3     4.21698     179.612     393.886     197.703     199.509     397.212     2343.85      2427.1    0.787719     47.3355     39.9574     2050.26     2345.82     2.72996     310.542       0.016     5.73308      4.2008     4.35749     4.39632
      18400           0         0.3     4.21698     179.609     392.556     206.496     207.571     414.067     2343.82     2427.08     0.78788     46.8089     39.9574     2050.26     2345.82      2.7301     309.384       0.016     5.73328     4.20085     4.35748     4.39621
      18300           0         0.3     4.21698     179.606      389.45     210.216     215.985     426.201     2343.79     2427.08    0.788044     46.2381     39.9574     2050.25     2345.82     2.73024     307.043       0.016     5.73345     4.20087     4.35744      4.3961
      18200           0         0.3     4.21698     179.603     385.246     235.271     224.402     459.673     2343.77     2427.07     0.78821     45.5403     39.9574     2050.25     2345.81     2.73037      303.76       0.016      5.7336     4.20089     4.35739     4.39599
      18100           0         0.3     4.21698       179.6     381.663     284.367     232.296     516.663     2343.75     2427.06    0.788378     44.7012     39.9574     2050.24     2345.81     2.73051     300.774       0.016     5.73371      4.2009     4.35734     4.39588
      18000           0         0.3     4.21698     179.597     378.314     328.913     240.752     569.665     2343.74     2427.06    0.788547     43.7632     39.9574     2050.24     2345.81     2.73064     297.991       0.016      5.7338      4.2009     4.35728     4.39577
      17900           0         0.3     4.21698     179.595     377.358     366.095     250.627     616.722     2343.73     2427.06    0.788717     42.7795     39.9574     2050.23     2345.81     2.73077     296.791       0.016     5.73386     4.20089     4.35721     4.39567
      17800           0         0.3     4.21698     179.592     377.877     401.357     261.365     662.722     2343.72     2427.05    0.788887     41.8684     39.9574     2050.23     2345.81     2.73091     296.833       0.016     5.73391     4.20088     4.35715     4.39558
      17700           0         0.3     4.21698      179.59     375.977     436.171     271.495     707.665     2343.72     2427.05    0.789059       41.03     39.9574     2050.23     2345.82     2.73104     295.398       0.016     5.73394     4.20087     4.35708     4.39549
      17600           0         0.3     4.21698     179.588     372.758     460.093     285.632     745.725     2343.71     2427.05     0.78923     40.1391     39.9574     2050.23     2345.82     2.73118     292.819       0.016     5.73396     4.20085     4.35702      4.3954
      17500    0.203224         0.3      4.4202     179.586     372.832     467.981     299.431     767.412     2343.83     2427.09    0.789402     39.1586     39.9574     2050.23     2345.82     2.73131     292.339       0.016     5.73396     4.20084     4.35695     4.39531
      17400     0.32531         0.3     24.8647     182.436      404.73     497.201     308.778     805.979     2349.16     2430.71    0.816971     32.6203     39.0482     2090.71     2390.93     2.64461     339.824       0.016     5.72462     4.59458      4.3574     4.00447
      17300    0.290717         0.3     57.3611     183.765      414.01     526.571     317.736     844.307     2360.37      2436.6    0.848488     25.7272     38.2531     2100.65     2401.18     2.62826     347.946       0.016     5.72167     4.58696     4.35374     4.01361
      17200    0.328109         0.3     86.4702     184.981     419.207     562.848      329.84     892.687      2367.8      2441.5    0.877285      21.363     37.5586     2106.53     2406.65     2.62343     352.395       0.016     5.72589     4.57927       4.351     4.02249
      17100    0.470088         0.3     119.423     186.352     421.951     617.648     342.117     959.766     2376.14     2446.67    0.902795     17.1296     36.9519      2111.7     2411.05     2.62103     354.832       0.016     5.73552     4.57121     4.34918     4.03212
      17000    0.380773         0.3     166.343     188.074     422.743     667.652     356.143     1023.79     2390.65     2453.64    0.925218     10.6071      36.422     2116.82     2414.95     2.62047     355.717       0.016     5.74876     4.56236     4.34899     4.04762
      16900    0.272901         0.3     204.312     190.094     417.475     708.597     369.674     1078.27      2397.9     2458.37    0.944909     7.31645     35.9588     2121.97     2418.49     2.62124     352.051       0.016     5.76435     4.55276     4.35168     4.06628
      16800    0.248588         0.3     231.578     192.193     408.279     747.546     382.671     1130.22     2398.53     2461.01    0.962074     6.63935     35.5537     2126.85     2421.63     2.62157      344.82       0.016     5.78151     4.54276     4.35495     4.07942
      16700     0.24442         0.3     256.432     194.295     397.914      786.73     396.266        1183      2398.3     2463.21    0.976881     6.00111      35.199     2131.34     2424.34     2.62117     336.373       0.016      5.7996     4.53251      4.3557     4.08469
      16600    0.305671         0.3     280.936     196.414      386.46      822.16     413.002     1235.16     2398.42     2465.33    0.989557     4.85905     34.8882     2135.51     2426.66     2.62057     326.999       0.016     5.01676     4.52191     4.35277     4.08389
      16500    0.395506         0.3     311.593      198.62      385.86      860.86     422.735     1283.59     2402.27      2468.4     1.00036     1.97785     34.6155      2139.5     2428.69     2.62029     325.499       0.016     5.03339     4.51074      4.3467     4.08108
      16400     0.48215         0.3      351.23      201.02     392.371     912.541     435.682     1348.22     2410.61     2472.69     1.00957    -2.34547      34.376     2143.52     2430.55     2.62102     330.684       0.016     5.04926     4.49896     4.33966      4.0816
      16300     0.53942         0.3     399.502     203.691     395.506     972.348     444.508     1416.86     2422.41     2477.95     1.01747    -7.49075     34.1655     2147.73     2432.36     2.62302     334.021       0.016     5.06435     4.48694     4.33447     4.08933
      16200     0.46757         0.3     453.372     206.654      396.76     1035.19     457.299     1492.49     2435.41     2483.54     1.02427    -12.7426     33.9801     2152.21     2434.18     2.62616     335.511       0.016     5.07892      4.4753     4.33343     4.10551
      16100    0.349551         0.3     500.011     209.794     386.017     1092.06     471.242     1563.31     2442.61     2487.38     1.03013    -15.5373     33.8167     2156.81     2436.01     2.62948     327.973       0.016     5.09343     4.46471     4.33707     4.12548
      16000    0.314465         0.3     534.931     212.913     367.314     1136.62     482.033     1618.65     2442.83     2489.06     1.03506    -16.0643     33.6725     2161.27     2437.75     2.63167     312.975       0.016     5.10825      4.4557     4.34291     4.14117
      15900    0.299367         0.3     566.363     215.932      356.91     1174.22     489.954     1664.17     2441.84     2490.26     1.03904    -16.7485     33.5449     2165.42     2439.31     2.63252      303.48       0.016     5.12354     4.44833     4.34762     4.14971
      15800    0.325526         0.3     596.325     218.869     351.639     1213.12     493.444     1706.56     2440.88     2491.33     1.04212    -17.5879      33.432     2169.32      2440.7     2.63256     298.916       0.016     5.13914     4.44224     4.34967     4.15248
      15700    0.328371         0.3     628.881     221.781     347.655     1251.07     495.173     1746.24     2442.07     2492.92      1.0444    -19.2399     33.3317     2173.04     2441.97     2.63225     295.637       0.016      5.1548     4.43694     4.34907     4.15239
      15600    0.322338         0.3     661.712     224.706     344.757     1288.87     497.119     1785.99     2443.68     2494.54     1.04601    -20.9685     33.2426     2176.68     2443.18     2.63183     293.255       0.016     5.17029     4.43205     4.34684     4.15144
      15500    0.306001         0.3      693.93     227.643     341.158     1325.09     501.232     1826.32     2445.16     2496.05     1.04705    -22.5258     33.1631     2180.25     2444.35     2.63117     290.463       0.016     5.18545     4.42736     4.34372     4.14988
      15400     0.35488         0.3     724.578     230.575     337.221     1364.67     507.802     1872.47        2446      2497.3     1.04758    -23.7742     33.0921     2183.76     2445.49     2.63015     287.313       0.016      4.8002     4.42278     4.34001      4.1473
      15300    0.430233         0.3     760.142     233.544     334.876     1410.86     514.029     1924.89     2449.82     2499.38     1.04767    -26.1355     33.0283     2187.24     2446.62     2.62899     285.368       0.016     4.81373     4.41827     4.33601     4.14569
      15200    0.482351         0.3     803.217     236.645     333.518     1456.49       522.6     1979.09     2457.38     2502.58     1.04742    -29.8287     32.9709     2190.85      2447.8     2.62823     284.373       0.016     4.82657     4.41389     4.33319     4.14905
      15100    0.591773         0.3     851.562     239.936     338.286     1509.43     533.763     2043.19     2466.78     2506.33     1.04693    -33.9412      32.919     2194.66      2449.1     2.62801     288.183       0.016      4.8389     4.40987     4.33347     4.15962
      15000    0.686159         0.3     910.833     243.491     347.215     1574.59     547.952     2122.54     2480.76     2511.51     1.04628    -39.2059     32.8718     2198.78     2450.56     2.62848     295.961       0.016     4.85107     4.40669     4.33853     4.18022
      14900    0.757586         0.3     979.521     247.391     353.442     1648.49     566.696     2215.19     2497.66     2517.64     1.04558    -44.8953     32.8288      2203.3     2452.23     2.62985     302.059       0.016     4.86352     4.40495     4.35046     3.81253
      14800    0.708105         0.3     1055.23     251.657     358.012     1731.45     589.074     2320.52     2515.73     2524.24     1.04488    -50.5129     32.7892     2208.26     2454.16     2.63189     306.586       0.016     4.87683      4.4054     4.36997     3.85319
      14700   0.0192959         0.3     1125.35     256.123     347.085     1805.53     616.202     2421.73     2528.06     2529.24     1.04422    -53.8129     32.7525     2213.48     2456.29     2.63435     299.006       0.016     4.89164      4.4089     4.39749     3.90296
      14600    0.023196         0.3     1127.29      250.44     275.534     1836.03     630.802     2466.83     2503.29     2520.93     1.00781    -42.9365     33.7363     2185.86     2428.99     2.81709     219.184       0.016     5.44657     4.58592     4.15531     3.93692
      14500           0         0.3     1129.58     248.789     248.319     1849.79     640.244     2490.04     2485.59     2514.25    0.968403    -38.9276     34.6823     2179.08     2422.54     2.84211     193.612       0.016     5.91384     4.01325     3.91678     3.98849
      14400           0         0.3     1129.58     249.343     232.069     1856.27     648.233      2504.5     2471.94     2508.52    0.927477    -37.4435     35.5885     2174.65     2416.84     2.84665     178.986       0.016       6.556      4.1615     3.99548     3.63358
      14300           0         0.3     1129.58      250.67     218.337     1860.32     659.753     2520.07     2462.42     2503.87    0.885498    -37.4539     36.4418      2171.1     2411.49     2.84882      167.46       0.016     6.47364     3.83621     3.61163     3.66118
      14200           0         0.3     1129.58     252.169     206.707     1862.47      673.37     2535.84     2455.86     2499.98    0.843834    -38.2442     37.2291     2168.11     2406.65     2.85087     157.801       0.016     6.43592     3.85864     3.60055     3.67196
      14100           0         0.3     1129.58     253.621     200.584     1864.76     688.657     2553.41     2451.38     2496.67    0.803762     -39.356     37.9427     2165.53     2402.37     2.85294       152.4       0.016     6.42284     3.85537     3.97866     3.67023
      14000           0         0.3     1129.58     254.962     197.931     1875.93     706.634     2582.56     2448.36      2493.8     0.76617      -40.41     38.5803     2163.31     2398.59     2.85498     150.045       0.016     6.42368      3.8393     3.95223     3.66041
      13900           0         0.3     1129.58     256.182       193.3     1891.94     722.247     2614.19     2446.35     2491.29    0.731572    -41.3303     39.1438     2161.37     2395.28     2.85696     146.499       0.016     6.43242     3.81896     3.92621     3.64633
      13800           0         0.3     1129.58     257.291     187.729     1898.91     741.022     2639.93     2445.02     2489.07     0.70019      -42.27     39.6376     2159.68     2392.35     2.85886     142.028       0.016     6.44557      3.8044     3.90282     3.63093
      13700           0         0.3     1129.58     258.307     183.683     1921.55     757.979     2679.53     2444.16     2487.08    0.672037    -43.2584     40.0676      2158.2     2389.76      2.8607     138.609       0.016     6.46115     4.19397     3.88314     3.61626
      13600           0         0.3     1129.58     259.245     180.507     1936.71     776.019     2712.73      2443.6     2485.26    0.646985    -44.2403     40.4403     2156.89     2387.43     2.86249     135.955       0.016       6.478     4.18408     3.86794     3.60681
      13500           0         0.3     1129.58     260.116     183.777     1952.18     800.305     2752.48     2443.22     2483.58    0.624825    -45.0982     40.7621     2155.71     2385.32     2.86424      138.06       0.016     6.49538     4.17572     3.85773     3.60205
      13400           0         0.3     1129.58     260.927     191.033     1966.24     822.192     2788.43     2442.95        2482    0.605314    -45.5271     41.0391     2154.63     2383.38     2.86595     143.722       0.016     6.51288     4.16947     3.85184     3.60019
      13300   0.0696415         0.3     1129.65     261.687     188.249     1980.72     847.018     2827.74     2442.76     2480.51    0.588194     -45.663      41.277     2153.63     2381.58     2.86762     142.332       0.016     6.53045     4.16554     3.84939     3.60029
      13200   0.0984113         0.3     1136.64      265.46     209.215     1983.59     872.564     2856.15     2439.14     2480.37    0.630049    -47.5191     40.2965     2191.08     2422.11     2.74458      173.59       0.016     6.04383     4.17695      3.8713     3.61509
      13100    0.151213         0.3     1146.54     268.005     215.541     1992.18     904.704     2896.88     2437.75     2481.35     0.67164    -48.6898     39.3976     2200.67     2431.22     2.71122     179.715       0.016      5.4969     4.17472     3.88137     3.62292
      13000    0.063735         0.3     1161.57     270.218     221.035     1992.34     936.436     2928.78      2439.2     2483.25    0.709204    -50.2286     38.5929     2205.79      2435.4     2.69452     185.172       0.016     5.69438     4.15543     3.87825     3.62687
      12900     0.22078         0.3      1168.1     272.079     226.895     2007.22     969.807     2977.03     2435.67     2483.63    0.742485    -49.3527     37.8817     2209.58     2438.32     2.68265     190.695       0.016     5.05182     4.12545     3.86778     3.62353
      12800    0.258974         0.3     1190.22     273.658     232.678     2029.76     1002.58     3032.34     2441.12     2486.65    0.771849    -51.6167     37.2566      2212.7     2440.69     2.67408     196.135       0.016     5.17459     4.09139     3.85371      3.6173
      12700    0.162696         0.3     1216.02     275.337     234.234     2046.27     1035.32     3081.58      2447.4     2489.91    0.797865    -53.9951      36.708     2215.71     2442.88     2.66727     198.141       0.016     4.86981      4.0569     3.84069     3.61491
      12600           0         0.3     1232.13     277.214      232.84     2049.22     1067.38      3116.6      2447.3     2491.25    0.820756    -53.9663      36.226     2218.77     2444.96      2.6597     197.335       0.016     4.94298     4.02295     3.82826     3.61142
      12500           0         0.3     1232.13     278.986     232.147      2050.2     1099.38     3149.59     2438.77        2490    0.840714      -50.82     35.8017      2221.6     2446.87     2.65092     196.854       0.016     4.60017      4.3916     3.81425     3.99918
      12400           0         0.3     1232.13     280.579      231.77     2053.66     1133.86     3187.52     2432.07     2489.17     0.85794    -48.4927     35.4274      2224.1     2448.54     2.64129     196.712       0.016      4.6408     4.36024     4.19619     3.97598
      12300   0.0510568         0.3     1232.18     282.062     230.185     2060.92     1169.14     3230.06     2426.79     2488.63    0.872765    -46.8441     35.0963     2226.36     2450.04     2.63165     195.573       0.016     4.66889     4.32938     4.17227      3.9454
      12200    0.220574         0.3     1237.45     283.524     227.615     2082.39     1203.36     3285.75     2425.37     2489.17    0.885529    -46.8979     34.8029     2228.52     2451.43     2.62241     193.485       0.016     4.68775     4.29885     4.14446     3.91232
      12100    0.242428         0.3     1259.53     285.173     226.317     2112.41     1236.09     3348.49     2433.25     2492.46    0.896589    -50.7411     34.5423     2230.81     2452.84     2.61444     192.291       0.016     4.70019     4.26877     4.11572     3.88546
      12000    0.229033         0.3     1283.76     287.098     225.791     2150.67     1273.09     3423.76     2440.76     2495.69    0.906293    -54.4382     34.3104     2233.38     2454.38     2.60769     191.836       0.016     4.70771     4.24075      4.0901     3.86772
      11900    0.216966         0.3     1306.65     289.221     226.124     2193.21     1307.76     3500.96     2446.25     2498.37    0.914819    -57.2746     34.1037     2236.16     2456.03      2.6012     192.103       0.016     4.71156     4.21512     4.06899     3.85535
      11800    0.255909         0.3     1328.39     291.471     227.112     2241.21     1344.19      3585.4     2450.31     2500.66     0.92225     -59.431     33.9194     2239.06     2457.73      2.5946     192.987       0.016     4.71271     4.59143     4.05152     3.84551
      11700    0.198222         0.3     1353.92     293.854     235.385     2300.85     1381.46     3682.31     2455.89     2503.42    0.928663    -61.8969     33.7547     2242.04     2459.45     2.58802     199.754       0.016     4.71195     4.56816      4.0367     3.83839
      11600    0.148741         0.3     1373.69     281.148     208.772     2340.51     1405.24     3745.75     2461.69     2504.31    0.898087    -62.1562     34.6333     2203.57     2424.32     2.78614     161.004       0.016     5.75778     4.31476     4.16244      3.8401
      11500   0.0502143         0.3     1388.47     276.611     191.114     2372.18     1416.09     3788.27     2464.04     2504.04     0.86376    -63.7249     35.4829     2197.29     2420.52     2.81829     145.327       0.016     5.44494     4.11957      3.9031     3.89175
      11400  0.00387257         0.3     1393.44     275.902      167.81     2393.04     1424.04     3817.08     2461.72     2502.36    0.828972    -64.8238     36.2999     2194.01     2417.26      2.8263     125.575       0.016     6.07625     3.84833     3.96977     3.95589
      11300           0         0.3     1393.83     276.553     156.845     2407.78     1435.11     3842.89     2458.49      2500.3     0.79341    -66.1901     37.0709      2191.4     2413.72     2.83002     115.202       0.016     5.98202      3.9014     3.98798     3.60692
      11200           0         0.3     1393.83     277.618     152.938     2418.08     1447.88     3865.96     2456.59     2498.53    0.757971    -67.7758     37.7829     2189.09     2410.22     2.83273     111.457       0.016     5.93207     3.90972     3.97987     3.63205
      11100           0         0.3     1393.83     278.768     145.661     2427.61     1461.75     3889.36     2455.74        2497     0.72371    -69.3303     38.4281     2187.08     2407.01      2.8351     105.694       0.016     5.90787     3.89294     3.96003     3.64347
      11000           0         0.3     1393.83     279.881     136.675     2445.54     1476.83     3922.37     2455.56     2495.64    0.691433    -71.0107     39.0042     2185.32     2404.12     2.83725     98.2971       0.016     5.89905     3.86476     3.93717     3.64586
      10900           0         0.3     1393.83     280.919     131.539     2453.87     1490.15     3944.01     2455.77      2494.4    0.661638     -72.784     39.5127     2183.79     2401.55     2.83921     93.6755       0.016     5.89949     3.83339     3.91571     3.64284
      10800           0         0.3     1393.83     281.878     128.633     2457.42     1506.47     3963.89      2456.2     2493.24    0.634556    -74.4527     39.9577     2182.43     2399.26     2.84101     91.0633       0.016     5.90547     3.80737     3.89796      3.6375
      10700           0         0.3     1393.83     282.771     124.814     2459.57     1523.02     3982.59     2456.72     2492.16    0.610227    -76.0031     40.3448     2181.23      2397.2     2.84268     87.8891       0.016     5.91481     4.19032     3.88397      3.6319
      10600           0         0.3     1393.83     283.612      120.55     2461.44     1539.73     4001.18     2457.27     2491.12    0.588561    -77.5337     40.6796     2180.14     2395.32     2.84425     84.2673       0.016     5.92622     4.17505     3.87362     3.62723
      10500           0         0.3     1393.83     284.405     117.957     2463.44     1556.64     4020.08     2457.77     2490.11    0.569396    -79.0542     40.9683     2179.16     2393.59     2.84576     81.8644       0.016     5.93881     4.16223     3.86655     3.62413
      10400           0         0.3     1393.83     285.152     116.361     2465.98     1575.59     4041.57     2458.22     2489.13    0.552528    -80.4969     41.2164     2178.25     2391.99     2.84721     80.3573       0.016     5.95202     4.15222      3.8625     3.62287
      10300           0         0.3     1393.83     285.857     115.325     2470.11     1596.55     4066.65     2458.59     2488.17    0.537736    -81.8454     41.4292     2177.42     2390.51     2.84861     79.3275       0.016     5.96547     4.14505     3.86094     3.62349
      10200           0         0.3     1393.83     286.525     114.203     2473.43     1617.37     4090.81     2458.87     2487.22    0.524799    -83.1004     41.6113     2176.64     2389.12     2.84996      78.314       0.016     5.97893     4.14051     3.86148     3.62588
      10100           0         0.3     1393.83     287.158     112.055     2486.19     1640.83     4127.02     2459.08     2486.28    0.513504    -84.3239     41.7671      2175.9     2387.81     2.85127     76.4483       0.016     5.99226     4.13834     3.86379     3.62985
      10000           0         0.3     1393.83     287.761     109.583     2492.31     1664.59      4156.9      2459.2     2485.36    0.503653    -85.5664     41.9003     2175.21     2386.57     2.85254     74.2984       0.016     6.00536     4.13825      3.8676     3.63519
       9900           0         0.3     1393.83     288.337     106.939     2497.12     1688.63     4185.74     2459.25     2484.44    0.495063     -86.847      42.014     2174.55      2385.4     2.85377     71.9907       0.016     6.01819     4.13996     3.87265     3.64171
       9800           0         0.3     1393.83     288.888     104.163     2500.91     1713.77     4214.68     2459.23     2483.52    0.487572    -88.1742     42.1111     2173.93     2384.27     2.85497     69.5621       0.016     6.03074      4.1432     3.87873     3.64921
       9700           0         0.3     1393.83     289.419     101.278     2511.93        1740     4251.93     2459.15     2482.62    0.481033    -89.5528     42.1939     2173.33      2383.2     2.85614     67.0311       0.016     6.04299     4.14774     3.88569     3.65754
       9600           0         0.3     1393.83      289.93     98.3045     2523.65      1767.3     4290.95     2459.02     2481.73    0.475319    -90.9853     42.2647     2172.75     2382.17     2.85729     64.4148       0.016     6.05497     4.15337     3.89349     3.66656
       9500           0         0.3     1393.83     290.424     95.2542     2531.09     1795.65     4326.75     2458.85     2480.85    0.470317    -92.4726     42.3252     2172.19     2381.17     2.85841     61.7233       0.016     6.06667     4.15993     3.90199     3.67617
       9400           0         0.3     1393.83     290.903     92.9397     2540.42     1821.36     4361.78     2458.63     2479.97    0.465929    -93.9995     42.3768     2171.65      2380.2     2.85951     59.5688       0.016     6.07813     4.16727     3.91103     3.68628
       9300           0         0.3     1393.83      291.37     91.0606     2548.91     1848.92     4397.84     2458.39     2479.11    0.462069     -95.523      42.421     2171.12     2379.26     2.86059     57.8046       0.016     6.08936     4.17526     3.92052     3.69679
       9200           0         0.3     1393.83     291.824     89.4136     2556.34     1877.05     4433.38     2458.11     2478.25    0.458664    -97.0266     42.4588      2170.6     2378.34     2.86165     56.2395       0.016     6.10038     4.18379     3.93036     3.70763
       9100           0         0.3     1393.83     292.268     87.9246        2557     1907.32     4464.32     2457.81      2477.4     0.45565    -98.5031     42.4911      2170.1     2377.45      2.8627     54.8116       0.016     6.11122     4.19278     3.94048     3.71871
       9000           0         0.3     1393.83     292.703     86.5622     2559.82     1940.72     4500.54     2457.49     2476.56    0.452972    -99.9489     42.5188      2169.6     2376.57     2.86373     53.4948       0.016      6.1222     3.80192     3.95082     3.72998
       8900           0         0.3     1393.83      293.13     85.3211     2567.67      1973.2     4540.87     2457.15     2475.73    0.450585    -101.361     42.5426     2169.12     2375.72     2.86474     52.2834       0.016     6.13337     3.80811     3.96134      3.7414
       8800           0         0.3     1393.83     293.546      84.177     2571.37     2006.22     4577.59      2456.8     2474.91    0.448447    -102.739     42.5629     2168.64     2374.88     2.86575     51.1593       0.016     6.14455      3.8125      3.9719     3.75291
       8700           0         0.3     1393.83     293.949     83.1138      2582.6     2039.77     4622.37     2456.44      2474.1    0.446525     -104.08     42.5804     2168.18     2374.06     2.86672     50.1083       0.016     6.15562     3.81624     3.98242     3.76444
       8600           0         0.3     1393.83     294.341     82.1232     2599.06     2073.56     4672.62     2456.07      2473.3     0.44479    -105.384     42.5954     2167.72     2373.26     2.86768     49.1233       0.016     6.16652     3.81972     3.99288     3.77595
       8500           0         0.3     1393.83     294.721     81.1966     2609.35     2107.58     4716.93      2455.7     2472.51    0.443218    -106.651     42.6083     2167.28     2372.48     2.86861     48.1972       0.016     6.17721     3.82373     3.60306     3.78738
       8400           0         0.3     1393.83     295.091     80.7551     2623.14     2141.37     4764.51     2455.32     2471.73    0.441788    -107.872     42.6195     2166.84     2371.72     2.86952     47.6478       0.016     6.18769     3.82933     3.61226     3.79862
       8300           0         0.3     1393.83     295.454     80.6334     2625.51     2178.53     4804.04     2454.94     2470.97    0.440483    -109.024      42.629     2166.42     2370.99      2.8704      47.391       0.016     6.19798     3.83605     3.62087     3.40754
       8200           0         0.3     1393.83     295.809     80.7269      2632.3     2215.46     4847.76     2454.57     2470.24    0.439296    -110.098     42.6372     2166.01     2370.27     2.87127     47.3267       0.016     5.40723     3.84353     3.62851     3.41351
       8100           0         0.3     1393.83     296.156     81.0088     2635.97     2252.17     4888.13     2454.22     2469.55    0.438218     -111.09     42.6443     2165.63     2369.59     2.87211     47.4334       0.016      5.4157     3.85146     3.63522     3.41806
       8000           0         0.3     1393.83     296.491     81.4459     2647.56     2288.93     4936.49     2453.87     2468.89    0.437237    -111.996     42.6505     2165.26     2368.93     2.87292     47.6833       0.016     5.42372     3.85961     3.64135     3.42255
       7900           0         0.3     1393.83     296.815     82.0878     2649.93     2325.75     4975.67     2453.54     2468.27    0.436339    -112.815     42.6557     2164.91     2368.31     2.87371     48.1122       0.016     5.43139     3.86781     3.64737     3.42784
       7800           0         0.3     1393.83     297.127     82.8961     2654.53     2363.17     5017.71     2453.22     2467.67    0.435513    -113.542     42.6603     2164.58     2367.71     2.87447     48.6965       0.016     5.43875     3.87598      3.6535     3.43364
       7700           0         0.3     1393.83      297.43     83.8578     2661.32      2400.2     5061.53     2452.91     2467.08    0.434749    -114.177     42.6642     2164.25     2367.13     2.87521     49.4215       0.016     5.44585      3.8841     3.65976     3.43979
       7600           0         0.3     1393.83     297.724     84.9828     2665.93     2437.83     5103.75     2452.61     2466.52     0.43404    -114.717     42.6676     2163.94     2366.57     2.87592     50.2976       0.016     5.45273     3.89213     3.66613     3.44619
       7500           0         0.3     1393.83      298.01     86.2425     2666.74     2476.01     5142.76     2452.31     2465.97    0.433378    -115.161     42.6706     2163.64     2366.03     2.87662     51.3012       0.016      5.4594     3.90008     3.67258     3.45276
       7400           0         0.3     1393.83     298.289      86.593     2670.86     2514.75     5185.61     2452.01     2465.43    0.432758     -115.53     42.6731     2163.34      2365.5     2.87731     51.6407       0.016     5.46589     3.90792     3.67909     3.45945
       7300           0         0.3     1393.83     298.562     86.4165     2676.39     2552.04     5228.42     2451.72      2464.9    0.432175    -115.878     42.6753     2163.05     2364.97     2.87798     51.5055       0.016     5.47223     3.91565     3.68567     3.46623
       7200           0         0.3     1393.83     298.829     85.9709     2685.62     2587.87     5273.49     2451.43     2464.38    0.431624    -116.227     42.6772     2162.76     2364.46     2.87864     51.1403       0.016     5.47842     3.92329      3.6924     3.47309
       7100           0         0.3     1393.83     299.091     85.3423     2695.58     2624.66     5320.24     2451.15     2463.87    0.431101    -116.586     42.6788     2162.47     2363.96     2.87928     50.6166       0.016     5.48448     3.93084      3.6992     3.48003
       7000           0         0.3     1393.83     299.349     84.5776     2697.89     2666.41      5364.3     2450.87     2463.36    0.430603    -116.962     42.6803     2162.19     2363.46     2.87992     49.9736       0.016     5.49043     3.93829     3.70605     3.48703
       6900           0         0.3     1393.83     299.603     83.7184     2700.24     2707.91     5408.15     2450.59     2462.87    0.430127    -117.355     42.6815     2161.91     2362.97     2.88055     49.2453       0.016     5.49629     3.94566     3.71292     3.49408
       6800           0         0.3     1393.83     299.854      82.784      2700.8     2744.86     5445.66     2450.32     2462.37     0.42967    -117.769     42.6826     2161.64     2362.48     2.88117     48.4492       0.016     5.50205     3.95295      3.7198     3.50115
       6700           0         0.3     1393.83       300.1     81.7984     2700.93     2782.86     5483.79     2450.05     2461.88    0.429231    -118.202     42.6835     2161.37     2362.01     2.88178     47.6034       0.016     5.50773     3.96017     3.72667     3.50823
       6600           0         0.3     1393.83     300.344     80.7898     2701.79     2823.81      5525.6     2449.77      2461.4    0.428807    -118.654     42.6843      2161.1     2361.53     2.88238     46.7339       0.016     5.51333      3.9673     3.73353     3.51532
       6500           0         0.3     1393.83     300.585     79.7485     2703.79     2863.29     5567.08     2449.51     2460.92    0.428396    -119.125      42.685     2160.83     2361.07     2.88298     45.8326       0.016     5.51886     3.97437     3.74037      3.5224
       6400           0         0.3     1393.83     300.822     78.9817     2706.32     2902.92     5609.23     2449.24     2460.45    0.427997    -119.609     42.6856     2160.57      2360.6     2.88357     45.1332       0.016     5.52432     3.98136     3.74719     3.52946
       6300           0         0.3     1393.83     301.057     78.3763     2708.02     2941.02     5649.04     2448.98     2459.98     0.42761    -120.088     42.6861     2160.31     2360.15     2.88415     44.5791       0.016     5.52972     3.98829     3.75398      3.5365
       6200           0         0.3     1393.83      301.29     77.8649     2714.34     2978.51     5692.85     2448.71     2459.52    0.427232    -120.558     42.6866     2160.05     2359.69     2.88473     44.1042       0.016     5.53506     3.99514     3.76072     3.54351
       6100           0         0.3     1393.83      301.52     77.4379     2721.55     3015.38     5736.93     2448.46     2459.06    0.426863    -121.015      42.687     2159.79     2359.25      2.8853     43.7022       0.016     5.54035     3.60171     3.76743     3.55049
       6000           0         0.3     1393.83     301.746     77.0675      2725.2     3051.63     5776.83      2448.2      2458.6    0.426503    -121.456     42.6873     2159.54      2358.8     2.88587     43.3498       0.016     5.54556     3.60597     3.77408     3.55743
       5900           0         0.3     1393.83     301.967     76.7425      2726.9      3089.9     5816.79     2447.94     2458.15    0.426151    -121.882     42.6876     2159.29     2358.37     2.88642     43.0375       0.016     5.55068     3.60893     3.78058     3.56431
       5800           0         0.3     1393.83      302.18     76.4546     2731.47     3126.58     5858.05     2447.69     2457.71    0.425808    -122.291     42.6879     2159.04     2357.94     2.88696     42.7582       0.016     5.55567     3.61135     3.78691      3.5711
       5700           0         0.3     1393.83     302.385     76.1984     2736.62     3163.06     5899.68     2447.44     2457.27    0.425474    -122.684     42.6881      2158.8     2357.53     2.88749     42.5072       0.016     5.56051     3.61354     3.79308     3.57777
       5600           0         0.3     1393.83     302.583     75.9705     2743.45     3199.49     5942.95     2447.19     2456.84    0.425148    -123.061     42.6883     2158.56     2357.13       2.888     42.2817       0.016      5.5652     3.61559     3.79908     3.58431
       5500           0         0.3     1393.83     302.775     75.7677     2746.59     3235.87     5982.46     2446.95     2456.41    0.424832    -123.422     42.6885     2158.33     2356.73      2.8885      42.079       0.016     5.56974     3.61757     3.40451      3.5907
       5400           0         0.3     1393.83     302.959      74.874      2749.1      3272.4      6021.5     2446.72        2456    0.424526    -123.782     42.6886     2158.11     2356.36     2.88898     41.3545       0.016     5.57412     3.61947     3.40942     3.59682
       5300           0         0.3     1393.83     303.136     73.5552     2754.14     3309.09     6063.22     2446.48     2455.59     0.42423    -124.178     42.6887     2157.89     2355.99     2.88944      40.242       0.016     5.57834     3.62131     3.41404     3.20232
       5200           0         0.3     1393.83     303.307     72.0051     2761.43      3342.6     6104.02     2446.26      2455.2    0.423948    -124.625     42.6888     2157.69     2355.64     2.88989     38.9221       0.016     5.58241     3.62346     3.41821     3.20611
       5100           0         0.3     1393.83      303.47     70.3053     2767.15     3376.87     6144.02     2446.05     2454.84    0.423683    -125.128     42.6889     2157.49     2355.31     2.89032     37.4655       0.016     5.58632     3.62623     3.42184     3.20891
       5000           0         0.3     1393.83     303.628     68.4713     2779.16     3411.89     6191.06     2445.85     2454.49    0.423435    -125.689      42.689      2157.3     2354.99     2.89073     35.8853       0.016     5.59008     3.62937     3.42505     3.21116
       4900           0         0.3     1393.83      303.78     66.5534     2792.62     3445.67     6238.29     2445.66     2454.17    0.423204    -126.309     42.6891     2157.13     2354.69     2.89113     34.2214       0.016      5.5937     3.63274     3.42796     3.21307
       4800           0         0.3     1393.83     303.926     64.5546     2801.89     3478.85     6280.74     2445.48     2453.87    0.422989    -126.986     42.6891     2156.97     2354.41      2.8915     32.4802       0.016     5.59719     3.63622     3.43067     3.21476
       4700           0         0.3     1393.83     304.066     62.4923     2805.26     3511.41     6316.68     2445.32     2453.59    0.422789    -127.721     42.6892     2156.81     2354.14     2.89187     30.6737       0.016     5.60056     3.63974     3.43323     3.21631
       4600           0         0.3     1393.83     304.202     60.3967     2817.49     3545.82      6363.3     2445.16     2453.33    0.422603     -128.51     42.6892     2156.67     2353.88     2.89222     28.8298       0.016     5.60379     3.64326     3.43567     3.21775
       4500           0         0.3     1393.83     304.332     58.2483     2831.51     3581.05     6412.56     2445.02     2453.08     0.42243    -129.353     42.6893     2156.53     2353.64     2.89256     26.9328       0.016     5.60691     3.64675     3.43802     3.21921
       4400           0         0.3     1393.83     304.458     56.4172     2846.16     3614.41     6460.57     2444.88     2452.84    0.422269    -130.241     42.6893      2156.4     2353.41     2.89289     25.2645       0.016     5.60992     3.65018     3.44038     3.22102
       4300           0         0.3     1393.83      304.58     54.7641     2858.43     3647.49     6505.92     2444.75     2452.62    0.422116    -131.154     42.6894     2156.28     2353.19     2.89321     23.7543       0.016     5.61283     3.65355     3.44281     3.22309
       4200           0         0.3     1393.83     304.698     53.2021     2875.17     3679.99     6555.16     2444.62      2452.4    0.421971    -132.083     42.6894     2156.16     2352.97     2.89352     22.3178       0.016     5.61564     3.65686     3.44532     3.22536
       4100           0         0.3     1393.83     304.813     51.7134     2895.93      3713.1     6609.03     2444.49     2452.18    0.421833    -133.025     42.6894     2156.04     2352.76     2.89382     20.9418       0.016     5.61836      3.6601     3.44788     3.22776
       4000           0         0.3     1393.83     304.926     50.2676      2917.1     3744.72     6661.82     2444.37     2451.98    0.421701    -133.977     42.6894     2155.93     2352.56     2.89412     19.6011       0.016     5.62102     3.66328     3.45048     3.23027
       3900           0         0.3     1393.83     305.035     48.8503     2941.05     3774.86     6715.91     2444.25     2451.77    0.421574    -134.937     42.6894     2155.81     2352.35     2.89442     18.2836       0.016      5.6236     3.66641     3.45312     3.23285
       3800           0         0.3     1393.83     305.143     47.4517     2963.51     3806.55     6770.06     2444.14     2451.57    0.421451    -135.904     42.6895      2155.7     2352.16      2.8947     16.9812       0.016     5.62613     3.66948     3.45577     3.23548
       3700           0         0.3     1393.83     305.249     45.4997     2990.14     3838.48     6828.61     2444.02     2451.37    0.421333    -136.883     42.6895     2155.59     2351.96     2.89499     15.2942       0.016      5.6286      3.6725     3.45842     3.23815
       3600           0         0.3     1393.83     305.352      42.015      3014.4     3870.63     6885.02     2443.91     2451.18    0.421218    -137.943     42.6895     2155.48     2351.77     2.89527     12.3035       0.016     5.63102     3.67547     3.46108     3.24084
       3500           0         0.3     1393.83     305.454     37.8688     3037.93     3901.08     6939.01      2443.8     2450.98    0.421106     -139.14     42.6895     2155.37     2351.58     2.89555     8.72649       0.016      5.6334     3.67839     3.46373     3.24355
       3400           0         0.3     1393.83     305.555     33.4818     3057.55     3932.64     6990.19     2443.69     2450.79    0.420997    -140.489     42.6895     2155.27     2351.39     2.89582     4.89935       0.016     5.63574     3.68127     3.46637     3.24626
       3300           0         0.3     1393.83     305.654     28.8573     3067.92     3963.94     7031.86     2443.58      2450.6    0.420891    -141.986     42.6895     2155.16      2351.2     2.89609    0.855584       0.016     5.63805     3.68411       3.469     3.24897
       3200           0         0.3     1393.83     305.751     24.5555     3079.58     3994.99     7074.58     2443.47     2450.41    0.420788    -143.627     42.6895     2155.06     2351.02     2.89636    -3.02117       0.016     5.64031      3.6869      3.4716     3.25167
       3100           0         0.3     1393.83     305.848     21.5655      3089.7     4026.19     7115.89     2443.37     2450.23    0.420687    -145.341     42.6895     2154.96     2350.84     2.89663    -5.80379       0.016     5.64255     3.68965     3.47419     3.25436
       3000           0         0.3     1393.83     305.942     19.0379     3102.85     4057.53     7160.39     2443.26     2450.05    0.420588    -147.072     42.6895     2154.85     2350.66     2.89689    -8.19147       0.016     5.64475     3.69237     3.47675     3.25703
       2900           0         0.3     1393.83     306.036     16.8354     3116.44     4088.07     7204.51     2443.16     2449.86    0.420492    -148.798     42.6895     2154.75     2350.48     2.89715     -10.303       0.016     5.64693     3.69505     3.47929     3.25968
       2800           0         0.3     1393.83     306.129      14.862     3130.38      4118.9     7249.28     2443.05     2449.68    0.420397    -150.508     42.6895     2154.65     2350.31     2.89741    -12.2158       0.016     5.64907     3.69769      3.4818     3.26231
       2700           0         0.3     1393.83      306.22     12.8859     3137.32     4146.22     7283.54     2442.95     2449.51    0.420305    -152.197     42.6895     2154.55     2350.14     2.89766    -14.1009       0.016     5.65119      3.7003     3.48428     3.26492
       2600           0         0.3     1393.83      306.31     10.5748     3139.58     4178.63     7318.21     2442.85     2449.33    0.420215    -153.882     42.6895     2154.46     2349.97     2.89791    -16.2661       0.016     5.65328     3.70288     3.48673      3.2675
       2500           0         0.3     1393.83     306.399     8.16393     3149.67     4207.13     7356.79     2442.75     2449.16    0.420126    -155.579     42.6895     2154.36      2349.8     2.89816    -18.5184       0.016     5.65534     3.70542     3.48916     3.27005
       2400           0         0.3     1393.83     306.487     5.72516     3161.69     4236.01      7397.7     2442.65     2448.98     0.42004    -157.293     42.6895     2154.26     2349.63     2.89841    -20.7997       0.016     5.65737     3.70793      3.4916     3.27259
       2300           0         0.3     1393.83     306.573     3.26095     3171.68     4265.44     7437.12     2442.56     2448.81    0.419955    -159.024     42.6895     2154.17     2349.47     2.89865    -23.1033       0.016     5.65939     3.71041     3.49405     3.27511
       2200           0         0.3     1393.83     306.659    0.928678      3175.1      4295.4      7470.5     2442.46     2448.65    0.419872    -160.771     42.6895     2154.07      2349.3     2.89889    -25.3207       0.016     5.66138     3.71286     3.49648     3.27762
       2100           0         0.3     1393.83     306.744   -0.997516     3185.62     4325.34     7510.96     2442.37     2448.48     0.41979    -162.514     42.6895     2153.98     2349.14     2.89913    -27.1945       0.016     5.66334     3.71529     3.49889     3.28012
       2000           0         0.3     1393.83     306.828    -2.75738     3195.96     4355.27     7551.23     2442.27     2448.32     0.41971    -164.237     42.6896     2153.89     2348.98     2.89937    -28.9224       0.016     5.66529     3.71769     3.50129     3.28261
       1900           0         0.3     1393.83     306.912     -4.3908     3205.45     4384.65     7590.09     2442.18     2448.15    0.419632    -165.936     42.6896      2153.8     2348.82     2.89961    -30.5391       0.016     5.66722     3.72007     3.50366     3.28507
       1800           0         0.3     1393.83     306.994    -5.92617     3215.89     4413.97     7629.87     2442.09     2447.99    0.419555    -167.604     42.6896     2153.71     2348.67     2.89984    -32.0675       0.016     5.66912     3.72242     3.50602     3.28752
       1700           0         0.3     1393.83     307.076    -7.47605     3227.62     4442.42     7670.04     2441.99     2447.83     0.41948    -169.243     42.6896     2153.62     2348.51     2.90007     -33.589       0.016     5.67101     3.72475     3.50835     3.28995
       1600           0         0.3     1393.83     307.156    -9.21465     3236.52     4469.29     7705.81      2441.9     2447.67    0.419405    -170.861     42.6896     2153.53     2348.36      2.9003    -35.2661       0.016     5.67288     3.72706     3.51066     3.29236
       1500           0         0.3     1393.83     307.236    -11.0052     3244.96     4497.98     7742.94     2441.81     2447.51    0.419333    -172.469     42.6896     2153.44     2348.21     2.90053    -36.9863       0.016     5.67473     3.72934     3.51295     3.29475
       1400           0         0.3     1393.83     307.315    -12.8339     3253.87     4528.35     7782.21     2441.72     2447.36    0.419261    -174.069     42.6896     2153.36     2348.06     2.90076     -38.737       0.016     5.67656     3.73161     3.51521     3.29711
       1300           0         0.3     1393.83     307.394    -14.6854     3258.96     4558.01     7816.97     2441.64      2447.2    0.419191    -175.662     42.6896     2153.27     2347.91     2.90098    -40.5064       0.016     5.67837     3.73384     3.51746     3.29946
       1200           0         0.3     1393.83     307.471    -16.2725     3265.67     4586.96     7852.64     2441.55     2447.05    0.419122    -177.248     42.6896     2153.18     2347.76     2.90121    -42.0924       0.016     5.68017     3.73606     3.51967     3.30178
       1100           0         0.3     1393.83     307.548    -17.1102     3269.35      4615.3     7884.66     2441.46      2446.9    0.419054    -178.793     42.6896      2153.1     2347.61     2.90143    -43.0399       0.016     5.68194     3.73825     3.52187     3.30407
       1000           0         0.3     1393.83     307.624     -17.624     3270.98     4643.16     7914.14     2441.38     2446.75    0.418988    -180.269     42.6896     2153.02     2347.47     2.90165       -43.7       0.016      5.6837     3.74043     3.52404     3.30635
        900           0         0.3     1393.83     307.699    -17.7902     3273.07     4671.21     7944.28     2441.29      2446.6    0.418923    -181.664     42.6896     2152.93     2347.33     2.90186    -44.0618       0.016     5.68544     3.74258     3.52619      3.3086
        800           0         0.3     1393.83     307.774    -17.6946     3276.48     4695.66     7972.15     2441.21     2446.46    0.418859    -182.967     42.6896     2152.85     2347.19     2.90208    -44.1846       0.016     5.68717     3.74471     3.52831     3.31083
        700           0         0.3     1393.83     307.847    -17.2885     3277.75     4719.44     7997.19     2441.13     2446.31    0.418797    -184.174     42.6896     2152.77     2347.05     2.90229    -44.0453       0.016     5.68887     3.74681     3.53041     3.31303
        600           0         0.3     1393.83      307.92    -16.4175     3288.97     4746.19     8035.16     2441.04     2446.17    0.418735    -185.268     42.6896     2152.69     2346.91      2.9025    -43.4961       0.016     5.69056      3.7489     3.53249     3.31521
        500           0         0.3     1393.83     307.993    -15.2665     3300.74     4773.54     8074.28     2440.96     2446.03    0.418675    -186.239     42.6896     2152.61     2346.77     2.90271    -42.6901       0.016     5.69224     3.75096     3.53455     3.31737
        400           0         0.3     1393.83     308.064    -13.8107     3325.01     4798.88     8123.88     2440.88     2445.89    0.418617     -187.08     42.6896     2152.54     2346.63     2.90292    -41.6125       0.016     5.69389     3.75301     3.53658      3.3195
        300           0         0.3     1393.83     308.135    -12.1049     3338.64     4829.29     8167.93      2440.8     2445.75    0.418559    -187.787     42.6896     2152.46      2346.5     2.90313    -40.3008       0.016     5.69553     3.75503     3.53859     3.32162
        200           0         0.3     1393.83     308.205    -9.92886     3359.17      4860.2     8219.37     2440.72     2445.61    0.418503    -188.355     42.6896     2152.38     2346.37     2.90334    -38.6088       0.016     5.69715     3.75703     3.54058     3.32371
        100           0         0.3     1393.83     308.274    -6.85596     3364.96     4887.02     8251.97     2440.65     2445.47    0.418447    -188.752     42.6896     2152.31     2346.24     2.90354    -36.1338       0.016     5.69875     3.75901     3.54254     3.32577
          0           0         0.3     1393.83     308.342    -3.29959     3372.08      4913.9     8285.99     2440.57     2445.34    0.418394    -188.952     42.6896     2152.23     2346.11     2.90374    -33.2175       0.016     5.70034     3.76097     3.54449     3.32781