     20000          0        1.3          0    179.437    415.631     17.399    14.2831     31.682    2343.43    2426.93   0.785391    51.8336    39.9574    2049.96     2345.7    2.72671    328.445      0.016    5.73044    4.59858    4.35318    4.39114
     19900          0        1.3          0    179.437     414.68    28.2793    29.7361    58.0154    2343.43    2426.93   0.785563    51.7019    39.9574    2049.96     2345.7    2.72686    327.608      0.016    5.73044    4.59858    4.35318    4.39114
     19800          0        1.3          0    179.437    414.027    44.2321    46.3592    90.5912    2343.43    2426.93   0.785735    51.5707    39.9574    2049.96     2345.7    2.72701    326.992      0.016    5.73044    4.59858    4.35318    4.39114
     19700          0        1.3          0    179.437    413.765    53.1471    60.5222    113.669    2343.43    2426.93   0.785907    51.4563    39.9574    2049.96     2345.7    2.72716     326.68      0.016    5.73044    4.59858    4.35318    4.39114
     19600  0.0414251        1.3  0.0414251    179.437    413.802    62.7691    72.5053    135.274    2343.45    2426.96   0.786079    51.3637    39.9574    2049.96     2345.7    2.72731    326.622      0.016    5.73044    4.59858    4.35318    4.39114
     19500          0        1.3    4.14251    179.432    411.947    64.9023    82.0235    146.926    2345.62    2429.78   0.786146    50.3292    39.9574    2050.28    2346.09    2.72711    325.308      0.016    5.73044    4.59858    4.35306    4.39034
     19400          0        1.3    4.14251    179.426    409.052      76.39    94.1179    170.508     2345.2    2429.23    0.78625    50.4004    39.9574    2050.64    2346.54    2.72699    323.111      0.016    5.73042    4.59856    4.35258    4.38926
     19300          0        1.3    4.14251    179.423    406.414    86.2758    106.245    192.521    2344.91    2428.84   0.786476    50.3041    39.9574    2050.67    2346.58    2.72712    321.006      0.016    5.73036    4.59848    4.35206    4.38864
     19200          0        1.3    4.14251    179.421    403.792    87.6842    118.404    206.088    2344.68    2428.54   0.786703    50.0762    39.9574    2050.62    2346.53    2.72728    318.926      0.016    5.73026    4.59834    4.35164    4.38827
     19100  0.0012448        1.3    4.14375     179.42    402.896    87.7807    130.073    217.854    2344.51    2428.31   0.786912    49.7619    39.9574    2050.57    2346.46    2.72745    317.974      0.016    5.73012    4.59817    4.35132    4.38805
     19000          0        1.3    4.26699     179.42    403.038    88.5182    142.553    231.072    2344.43    2428.21   0.787103    49.4277    39.9574    2050.53    2346.41    2.72761    317.893      0.016    5.72996    4.59797    4.35108     4.3879
     18900          0        1.3    4.26699     179.42    401.364     90.282    155.844    246.126     2344.3    2428.04   0.787285    49.1425    39.9574     2050.5    2346.37    2.72777    316.691      0.016     5.7298    4.59777     4.3509    4.38782
     18800          0        1.3    4.26699     179.42    398.684    99.8382    166.394    266.232     2344.2    2427.91   0.787462    48.7804    39.9574    2050.46    2346.33    2.72794    314.614      0.016    5.72963    4.59758    4.35077    4.38779
     18700          0        1.3    4.26699     179.42    396.832    120.986    178.243    299.229    2344.11     2427.8   0.787635    48.3315    39.9574    2050.42    2346.29    2.72811    313.006      0.016    5.72946     4.5974    4.35069    4.38779
     18600          0        1.3    4.26699     179.42    395.383    155.413    192.723    348.136    2344.04    2427.71   0.787803    47.8447    39.9574    2050.39    2346.25    2.72828    311.751      0.016     5.7293    4.59723    4.35063    4.38782
     18500          0        1.3    4.26699    179.421    393.991    197.362    201.422    398.784    2343.99    2427.64    0.78797    47.3359    39.9574    2050.37    2346.22    2.72844    310.553      0.016    5.72915    4.59708    4.35059    4.38787
     18400          0        1.3    4.26699    179.421    392.661    206.051    209.671    415.722    2343.94    2427.58   0.788135    46.8087    39.9574    2050.35    2346.19    2.72861    309.396      0.016    5.72902    4.59695    4.35057    4.38792
     18300          0        1.3    4.26699    179.422    389.554    209.875    218.269    428.144     2343.9    2427.53     0.7883    46.2374    39.9574    2050.33    2346.17    2.72877    307.056      0.016    5.72889    4.59684    4.35057    4.38797
     18200          0        1.3    4.26699    179.422    385.348    234.827    226.867    461.694    2343.87    2427.49   0.788464    45.5392    39.9574    2050.31    2346.15    2.72893    303.775      0.016    5.72878    4.59674    4.35057    4.38803
     18100          0        1.3    4.26699    179.422    381.764    283.822    234.938    518.761    2343.84    2427.45   0.788629    44.6997    39.9574     2050.3    2346.13    2.72909    300.789      0.016    5.72868    4.59666    4.35057    4.38809
     18000          0        1.3    4.26699    179.423    378.414    328.268    243.569    571.837    2343.82    2427.42   0.788793    43.7613    39.9574    2050.28    2346.11    2.72924    298.006      0.016    5.72859     4.5966    4.35058    4.38814
     17900          0        1.3    4.26699    179.423    377.457    365.351    253.616    618.967     2343.8     2427.4   0.788958    42.7774    39.9574    2050.27     2346.1     2.7294    296.807      0.016    5.72852    4.59654     4.3506    4.38819
     17800          0        1.3    4.26699    179.424    377.975    400.516    264.522    665.038    2343.78    2427.38   0.789123    41.8659    39.9574    2050.27    2346.09    2.72956    296.849      0.016    5.72845    4.59649    4.35061    4.38824
     17700          0        1.3    4.26699    179.424    376.074    435.232    274.818     710.05    2343.77    2427.36   0.789289    41.0274    39.9574    2050.26    2346.08    2.72971    295.415      0.016    5.72839    4.59646    4.35063    4.38829
     17600          0        1.3    4.26699    179.424    372.853    459.059    289.119    748.177    2343.75    2427.34   0.789455    40.1363    39.9574    2050.25    2346.07    2.72986    292.836      0.016    5.72835    4.59643    4.35065    4.38833
     17500   0.204023        1.3    4.47101    179.425    372.927    466.852    303.079    769.931    2343.87    2427.49   0.789621    39.1555    39.9574    2050.25    2346.06    2.73002    292.357      0.016    5.72831    4.59641    4.35067    4.38837
     17400   0.327392        1.3    24.9967    182.086    404.881    496.223    312.775    808.998    2349.32    2442.18   0.817115    32.6087    39.0482    2090.66    2391.36    2.64133    339.855      0.016    5.71893     4.5897    4.34936    4.38672
     17300   0.295447        1.3    57.7039    182.857    414.334    525.917    322.642    848.559    2361.06    2463.85   0.848464     25.724    38.2531     2100.7     2402.5    2.61884    347.967      0.016    5.71568    4.58139    4.33648    4.36508
     17200    0.33611        1.3    87.2892     183.24    419.823    562.809    336.487    899.296    2369.61    2480.43    0.87707    21.3728    37.5586    2106.99    2409.62    2.60571     352.42      0.016    5.71868    4.57177    4.31405    4.32883
     17100   0.482166        1.3    121.046    183.603    422.962    618.622    351.513    970.135    2379.56    2498.06   0.902453    17.1414    36.9519    2112.76    2416.14    2.59438    354.894      0.016    5.72539    4.55914     4.2833    4.28273
     17000   0.398209        1.3    169.179    184.046    424.283    670.165    369.567    1039.73    2396.16    2523.67   0.924768    10.6054     36.422     2118.6    2422.64    2.58295    355.852      0.016    5.73324    4.54061    4.24515    4.22693
     16900    0.29574        1.3    208.897    184.599    419.611    713.246    388.593    1101.84    2406.03    2539.95   0.944332    7.26042    35.9588    2124.72    2429.33    2.57175    352.299      0.016    5.74022    4.51741    4.20016    4.56764
     16800   0.276378        1.3    238.452    185.276     411.01    754.927    408.508    1163.43    2409.56    2547.48   0.961447    6.46195    35.5537    2130.71    2435.68    2.56197    345.219      0.016    5.74492    4.48922    4.54952    4.50661
     16700    0.27677        1.3     266.09    186.069    401.204    797.401    430.329    1227.73    2412.21    2553.44     0.9763    5.63133     35.199    2136.24    2441.32    2.55356    336.948      0.016    5.74652    4.45661    4.49598    4.44582
     16600   0.342966        1.3    293.833    186.961    390.256    836.626    456.518    1293.14    2415.07    2559.32   0.989051    4.23615    34.8882    2141.32    2446.28    2.54601    327.753      0.016    5.74463    4.41961    4.44114    4.78771
     16500   0.438059        1.3    328.225     187.93      390.3    879.766    476.941    1356.71    2421.56    2569.58   0.999878    1.05585    34.6155    2146.12    2450.79    2.53873    326.433      0.016    5.73919    4.78163    4.78746    4.72987
     16400   0.530261        1.3    372.123    188.955    397.552    936.628    501.953    1438.58    2432.57    2585.44      1.009   -3.57849     34.376    2150.92    2455.23    2.53113    331.813      0.016    5.73041    4.73958    4.73203    4.66869
     16300   0.594117        1.3    425.213    190.018    401.442    1002.37    524.451    1526.82    2447.25    2605.78    1.01667   -9.02037    34.1655    2156.01    2459.97    2.52291    335.376      0.016    5.71853    4.69455    4.67433    4.60392
     16200   0.529149        1.3     484.56    191.104    403.556    1072.01    552.792     1624.8    2463.51    2627.91     1.0231   -14.5675    33.9801    2161.56    2465.23    2.51412    337.121      0.016    5.70366    4.64716    4.61453    4.93743
     16100   0.417542        1.3    537.363    192.217    393.444    1136.31    584.312    1720.62    2474.32    2642.72    1.02852   -17.6979    33.8167    2167.45     2470.9    2.50544    329.839      0.016    5.68629    4.99973    4.95416      4.868
     16000   0.388642        1.3    579.088    193.367    375.207    1188.76    614.648    1803.41    2478.27    2648.42    1.03307   -18.6391    33.6725    2173.29    2476.44    2.49773    315.068      0.016    5.66686    4.95136    4.89141    4.80167
     15900   0.379159        1.3    617.943    194.556    365.433    1234.88    643.945    1878.83    2480.87    2652.23    1.03679   -19.8118    33.5449    2178.72    2481.45    2.49102    305.772      0.016    5.64561    4.90071    4.82928    5.14107
     15800   0.410321        1.3     655.89    195.775    360.762     1282.9     670.53    1953.43    2483.24    2655.63    1.03967   -21.1864     33.432    2183.73    2485.91    2.48485    301.403      0.016    5.62283     4.8487    5.17244    5.08277
     15700   0.418582        1.3    696.931    197.017    357.369    1330.57    697.023    2027.59    2487.49    2661.36    1.04176   -23.3758    33.3317    2188.41    2489.96    2.47881    298.333      0.016    5.59888    5.19794    5.11595    5.02681
     15600   0.417789        1.3    738.788    198.273    355.081    1378.69     721.51     2100.2       2492    2667.35    1.04315   -25.6565    33.2426    2192.94     2493.8    2.47271    296.169      0.016    5.57411    5.14747    5.05921    5.77435
     15500   0.406691        1.3    780.556    199.539    352.036    1425.79    745.501    2171.29    2496.26    2672.91    1.04392   -27.7762    33.1631    2197.39    2497.54    2.46661    293.592      0.016    5.54875    5.09631    5.00629    5.72165
     15400   0.459915        1.3    821.278    200.815    348.625    1476.77    768.691    2245.46     2499.8    2677.47    1.04418   -29.6023    33.0921    2201.74    2501.17    2.46059    290.647      0.016    5.52301    5.04524     5.7541    5.67024
     15300   0.539304        1.3    867.349    202.094     346.86    1534.95    793.914    2328.87    2506.19    2685.67    1.04397   -32.4977    33.0283    2206.04    2504.73    2.45441     288.91      0.016    5.49709    5.79625    5.70167    5.61943
     15200   0.597866        1.3    921.338    203.363     346.12    1593.18    818.624    2411.81    2516.31    2698.66    1.04334   -36.6546    32.9709    2210.49    2508.49    2.44765    288.132      0.016    5.47112    5.74706    5.65046    5.56749
     15100    0.71376        1.3     981.24    204.616    351.844    1659.68    842.781    2502.46    2528.53     2714.3    1.04237   -41.2185     32.919    2215.28     2512.7    2.44017    292.219      0.016    5.44517    5.69787    5.60002    5.51378
     15000   0.815196        1.3    1052.72    205.844     361.95    1739.58     866.24    2605.82    2545.65    2736.24    1.04112   -46.8598    32.8718    2220.55    2517.52    2.43181    300.366      0.016    5.41925    5.64904     5.5493    5.45726
     14900   0.895383        1.3    1134.32    207.035    369.343    1829.38    887.851    2717.23    2566.18    2762.52    1.03966   -52.8546    32.8288     2226.5    2523.21    2.42238    306.899      0.016    6.19265    5.60066    5.49589    6.19915
     14800   0.853741        1.3    1223.81    208.186    375.232    1929.55    908.944     2838.5    2588.47       2791    1.03803   -58.7519    32.7892    2233.21    2529.88    2.41201    311.926      0.016    6.16336     5.5525    5.43913     6.1371
     14700   0.125125        1.3    1308.46    209.249    364.769    2021.32    928.689    2950.01     2605.5    2812.54    1.03636   -62.3723    32.7525    2240.51    2537.35    2.40184    304.713      0.016    6.13279    5.50447    6.18676    6.07096
     14600   0.127014        1.3    1320.97    201.849    292.523    2068.81    962.681    3031.49    2580.13    2771.62   0.985381    -51.838    33.7363    2255.08     2564.6     2.5402    220.179      0.016    6.75055    5.64224    5.48198    6.06232
     14500  0.0860605        1.3    1333.63    199.713    264.678    2098.93    1002.32    3101.25    2560.73    2739.41   0.954336   -48.3394    34.6823    2241.85    2551.43    2.56506    194.109      0.016      6.501    5.03856    5.59474    6.11842
     14400   0.050516        1.3    1342.21    199.885    247.678    2121.02    1043.78     3164.8    2543.49    2710.38   0.922213   -47.0767    35.5885    2230.28    2537.21    2.57753     179.12      0.016      6.501    5.14671    5.64888     5.4028
     14300  0.0441551        1.3    1347.25    200.856    233.133    2139.86    1082.08    3221.94    2528.13    2684.03   0.888601   -46.6891    36.4418    2219.82    2523.31    2.58884    167.389      0.016      6.501    5.18352    5.66342    5.46842
     14200  0.0367721        1.3    1351.66    202.066    220.792     2151.8    1118.56    3270.37    2515.65    2661.68   0.854436    -47.148    37.2291    2210.39    2510.36    2.59939    157.601      0.016      6.501     5.1737    5.66128    5.53009
     14100   0.057242        1.3    1355.36    203.326    214.296    2163.22    1153.57     3316.8    2505.25     2642.4   0.820734    -47.946    37.9427    2202.06     2498.7    2.60897    152.111      0.016      6.501    5.14051    5.65759    5.58694
     14000          0        1.3    1361.02    204.574    211.375     2165.5    1185.98    3351.48    2497.83    2627.39   0.788296   -49.2146    38.5803    2194.92    2488.53    2.61745    149.671      0.016      6.501    5.09964    5.65819    5.63919
     13900          0        1.3    1361.02    205.805    206.367    2168.45    1220.75    3389.19    2488.68    2610.56   0.757847   -49.2147    39.1438    2188.46    2479.23    2.62541     146.14      0.016      6.501    5.06016    5.66483    5.68915
     13800  0.0102033        1.3    1361.03    207.023    200.456     2174.2    1252.24    3426.44    2481.11    2596.21   0.729717   -49.4873    39.6376    2182.31    2470.35    2.63302    141.743      0.016      6.501    5.02667    5.67803    5.73878
     13700          0        1.3    1362.04    208.224    196.158    2184.36    1285.37    3469.73    2475.25    2584.49   0.703861    -50.188    40.0676    2176.87    2462.36    2.64004    138.381      0.016      6.501    5.00514    5.69741    5.78854
     13600 0.00350076        1.3    1362.05    209.418    192.748    2187.29    1317.15    3504.44    2469.66    2573.53    0.68031   -50.7596    40.4403    2172.05    2455.14    2.64666    135.783      0.016      6.501    5.79738    5.72172    5.03022
     13500  0.0303604        1.3    1362.42    210.608    196.245    2190.28    1342.37    3532.66    2465.05     2564.2   0.659022   -51.3839    40.7621     2167.7    2448.52    2.65298    137.997      0.016      6.501    5.79583    5.74851     5.0692
     13400          0        1.3    1365.43    211.786    203.836    2191.54    1369.63    3561.17    2462.38    2557.72   0.639783   -52.1627    41.0391    2164.03    2442.75    2.65882    143.772      0.016      6.501    5.00015    5.77872    5.11076
     13300   0.202521        1.3    1365.63    212.953    200.658    2193.62    1393.54    3587.15    2458.42    2549.85   0.622521   -51.9844     41.277    2160.73    2437.45    2.66452    142.474      0.016      6.501    5.00735    5.01063    5.15454
     13200   0.232268        1.3    1385.91    216.471    222.314    2209.58    1416.98    3626.56    2459.32    2558.07   0.657896   -56.0845    40.2965    2192.33    2470.99    2.55934    177.465      0.016      6.501    5.79653      5.034    5.17614
     13100   0.283763        1.3    1409.19    218.709    228.887    2231.52    1434.14    3665.66    2461.76    2567.43   0.693119   -58.9424    39.3976    2201.34    2479.24    2.53045    183.839      0.016      6.501    5.78734    5.05102    5.18404
     13000   0.200585        1.3    1437.49    220.514    234.479    2245.12    1452.11    3697.23    2466.55    2579.04   0.724977    -61.738    38.5929    2206.81    2483.76    2.51411    189.392      0.016    6.64642    5.76741    5.05234    5.17917
     12900   0.352652        1.3     1457.7    221.975    240.479    2273.59    1468.84    3742.43    2466.32    2583.38    0.75326   -61.9686    37.8817    2211.28    2487.48    2.50173    194.962      0.016    6.21677    5.73968    5.04194    5.16426
     12800   0.389401        1.3       1493     223.09    246.421    2309.87    1486.63     3796.5    2474.51    2598.02   0.778253   -64.9211    37.2566    2215.16    2490.88    2.49156    200.437      0.016    6.34967    5.70898    5.02494    5.13996
     12700   0.296551        1.3    1531.85    224.076    247.938    2340.08    1505.16    3845.24    2483.42    2613.03   0.800349   -67.7806     36.708    2219.11    2494.51    2.48128    202.419      0.016    6.45916    5.67792    5.00478    5.10696
     12600   0.102487        1.3    1561.31    225.153    246.446    2350.73    1525.16    3875.89    2486.13    2619.47   0.819767    -68.241     36.226     2223.3    2498.33    2.47075    201.551      0.016    6.54806    5.64573    5.77806    5.07003
     12500   0.125787        1.3    1571.58    226.301     245.75    2363.35    1545.84    3909.19     2478.5    2612.06   0.836773    -64.979    35.8017    2227.21    2501.75    2.46181    201.041      0.016    5.81843    5.61292    5.74614    5.03475
     12400  0.0869757        1.3    1584.12    227.505    245.323    2373.44    1564.44    3937.88    2473.75    2608.07   0.851524   -63.0548    35.4274    2230.44    2504.31    2.45423    200.875      0.016     5.8706    5.58028    5.71363    5.00362
     12300   0.186811        1.3    1592.92    228.749    243.622    2394.14    1582.47    3976.61    2467.89    2602.37   0.864184   -61.0016    35.0963    2233.17    2506.23    2.44726    199.716      0.016    5.91085     5.5484    5.68318    5.77688
     12200   0.349343        1.3    1611.76    230.018    240.862    2428.85    1601.76    4030.61     2468.5    2604.82   0.874982   -61.7208    34.8029    2235.57    2507.74    2.44032    197.565      0.016    5.94143    5.51766    5.65459    5.74881
     12100   0.448617        1.3    1646.79    231.282    239.495    2472.05    1622.92    4094.97    2477.75    2618.27   0.884159   -65.8766    34.5423    2238.14    2509.46    2.43243    196.303      0.016    5.96417    5.48875    5.62601    5.71617
     12000   0.545832        1.3    1691.75    232.527    238.875     2523.4    1640.49    4163.89    2490.94    2636.59   0.892007   -71.3608    34.3104    2241.32    2511.94    2.42334    195.715      0.016    5.98047    5.46236    5.59548    5.67727
     11900   0.597182        1.3    1746.39    233.748    239.033    2578.84     1661.3    4240.14    2507.51    2659.05   0.898788   -77.7664    34.1037    2245.29    2515.39    2.41329    195.698      0.016    5.99137    5.43747     5.5618    5.63205
     11800   0.731525        1.3    1806.24    234.947     239.73    2639.47    1681.39    4320.86    2524.71     2682.1    0.90469   -83.9555    33.9194    2250.06    2519.82    2.40252    196.133      0.016    5.99759    5.41314    5.52442    5.58132
     11700   0.304821        1.3    1878.96    236.119    248.088    2711.81    1701.85    4413.66    2546.71    2711.18   0.909819   -91.2606    33.7547    2255.61    2525.19    2.39094    202.427      0.016    5.99962    6.18749    5.48396    5.52489
     11600   0.223982        1.3    1909.37    224.518    220.327    2763.02     1734.7    4497.71    2543.93    2700.37   0.871363   -88.1825    34.6333     2248.5    2529.31    2.55415    157.871      0.016    6.21702    5.54091    5.59035    5.50917
     11500   0.121081        1.3    1931.66    220.741    201.201    2804.78    1779.72    4584.51    2538.08    2686.64   0.842458   -86.9395    35.4829    2240.51    2524.02     2.5765    141.269      0.016      6.501    5.75215    5.71758    5.55163
     11400    0.12587        1.3    1943.77    220.334    176.238    2834.07    1827.34    4661.41    2528.71    2668.72   0.813202   -86.0571    36.2999    2233.61    2516.26    2.58476    120.959      0.016      6.501    5.08335    5.78029    5.62074
     11300   0.128025        1.3    1956.36    221.128     164.44     2856.4    1871.69    4728.09       2522    2654.43    0.78273   -87.0139    37.0709    2227.04    2507.52    2.59247    110.115      0.016      6.501    5.14066    5.00186     5.6926
     11200  0.0666137        1.3     1969.1    222.306    159.855    2873.62    1914.23    4787.85    2517.03    2642.58   0.751646   -88.4682    37.7829    2221.28    2499.33    2.59986    105.938      0.016      6.501    5.15229    5.00513    5.75711
     11100          0        1.3     1975.7    223.595    151.716    2877.09    1955.54    4832.63    2509.98    2628.27   0.721123   -88.8167    38.4281    2215.81    2491.38    2.60712    99.8927      0.016      6.501    5.13918    5.00563    5.01217
     11000          0        1.3     1975.7    224.915    142.055    2889.64    1995.43    4885.06    2500.93    2611.69    0.69208   -88.3663    39.0042    2209.93    2482.92    2.61459    92.4146      0.016      6.501    5.11598    5.00711    5.05168
     10900          0        1.3     1975.7    226.233    136.635    2892.87    2036.79    4929.67    2493.61    2597.75   0.664808   -88.5376    39.5127    2203.99    2474.42    2.62185    87.8302      0.016      6.501    5.09142    5.01162    5.09125
     10800  0.0328158        1.3    1975.73    227.535    133.552    2901.34    2074.81    4976.15    2487.56    2585.84   0.639415   -88.9953    39.9577    2198.59    2466.61    2.62857    85.3026      0.016      6.501     5.0702    5.01989    5.13082
     10700  0.0172761        1.3       1979     228.81    129.451    2908.14    2112.22    5020.36    2484.16    2577.76   0.615981   -90.2333    40.3448    2194.04    2459.86    2.63453    82.1795      0.016      6.501    5.05449    5.03202    5.16973
     10600          0        1.3    1980.71    230.061     124.92    2910.64    2149.06     5059.7    2480.34    2569.46   0.594615    -91.212    40.6796    2190.19    2453.98    2.64001    78.6078      0.016      6.501    5.04509    5.05017    4.80771
     10500 0.00467262        1.3    1980.71    231.299    122.221     2912.9    2185.26    5098.16    2476.12    2560.97   0.575375   -91.9665    40.9683    2186.54    2448.37    2.64536    76.3048      0.016      6.501    5.04207    5.07148    4.83588
     10400 0.00463928        1.3    1981.18    232.523    120.564    2914.57    2218.94    5133.51    2472.72    2553.85   0.558092   -92.8911    41.2164    2183.11    2443.05    2.65051    74.9162      0.016      6.501    5.04501    5.09487      4.867
     10300  0.0534097        1.3    1981.69    233.732    119.505    2922.88    2250.11    5172.99    2469.72    2547.52    0.54257   -93.8277    41.4292    2180.01    2438.16     2.6554    74.0182      0.016      6.501    5.05329    5.12133     4.9013
     10200  0.0383524        1.3    1987.02    234.918    118.262    2930.27    2280.89    5211.16    2469.57    2545.11   0.528579   -95.6651    41.6113    2177.58    2434.09    2.65973    73.0595      0.016      6.501    5.06633    5.15074    4.93721
     10100          0        1.3    1990.82    236.086    115.927    2939.15     2308.5    5247.66    2468.35     2541.5   0.516038   -97.0122    41.7671    2175.69    2430.69    2.66375    71.2128      0.016      6.501    5.08356    5.18242    4.97426
     10000          0        1.3    1990.82    237.251    113.305    2941.55    2335.25     5276.8     2465.1    2535.42    0.50492    -97.601    41.9003    2173.57    2427.04    2.66803    69.1337      0.016      6.501    5.10443    4.81379    4.61129
      9900  0.0416798        1.3    1990.86     238.41    110.532    2949.95    2361.14    5311.09    2462.28    2530.07    0.49502   -98.3703     42.014     2171.2    2423.11    2.67244    66.9251      0.016      6.501    5.12824    4.83736    4.63731
      9800  0.0316327        1.3    1995.01    239.542    107.564    2957.14    2385.34    5342.49    2461.94    2528.08   0.486067    -100.07    42.1111    2169.26    2419.73    2.67642     64.532      0.016      6.501    5.15423    4.86343    4.66474
      9700   0.163601        1.3    1998.31    240.651    104.467    2971.35    2407.88    5379.23    2460.95    2525.38   0.477987   -101.544    42.1939    2167.75    2416.89    2.68011    62.0088      0.016      6.501    5.18211    4.89214    4.69405
      9600   0.151445        1.3    2014.66     241.72    101.076    2985.85    2428.79    5414.64    2466.85    2531.73   0.470564   -105.517    42.2647    2167.34    2415.38    2.68271    59.1885      0.016      6.501    4.80993    4.92245    4.72288
      9500    0.13953        1.3    2029.79    242.748    97.5153    2995.55    2448.12    5443.67    2470.77    2535.54   0.463843    -108.69    42.3252    2168.06    2415.27    2.68463    56.1787      0.016      6.501    4.82911    4.95278    4.75032
      9400   0.155475        1.3    2043.76    243.746    94.7472    3003.07    2469.57    5472.64    2473.24    2537.52   0.457952   -111.288    42.3768    2168.68    2415.07    2.68665    53.7183      0.016    6.50345     4.8498    4.98255    4.77766
      9300   0.137572        1.3    2059.29    244.722    92.4179    3010.21    2488.65    5498.86    2476.02    2539.94   0.452721   -113.939     42.421    2169.18    2414.75    2.68864    51.6412      0.016    6.53386    4.87359    4.61035    4.40441
      9200   0.129598        1.3    2073.04    245.679    90.3646    3016.68    2506.67    5523.35    2477.27    2540.44   0.448054   -115.991    42.4588    2169.54    2414.28     2.6907    49.7961      0.016    6.56314     4.8993    4.62921    4.42056
      9100   0.109748        1.3    2085.98    246.615    88.5225    3017.94    2522.06    5539.99    2477.84    2540.13   0.443887   -117.759    42.4911     2169.6    2413.49    2.69289    48.1355      0.016    6.59133    4.92587    4.64663    4.43428
      9000  0.0823999        1.3    2096.93    247.535    86.8728    3021.07    2533.82    5554.89    2477.22    2538.34    0.44012    -119.08    42.5188    2169.33    2412.33    2.69526    46.6468      0.016    6.61859    4.95279    4.66598    4.45057
      8900  0.0855883        1.3    2105.17    248.448    85.4285    3028.81    2546.02    5574.84    2475.24    2534.85   0.436676   -119.915    42.5426     2168.6    2410.65     2.6979    45.3452      0.016    6.64514    4.97993    4.68699    4.46974
      8800  0.0777359        1.3    2113.72    249.359    84.1219    3032.45    2557.19    5589.64    2473.73    2532.03   0.433437   -120.925    42.5629     2167.6    2408.64    2.70063    44.1718      0.016    6.67128    4.60636    4.70964    4.49141
      8700  0.0700103        1.3    2121.49    250.262    82.9269     3043.5    2567.33    5610.82    2471.98    2528.93   0.430339   -121.848    42.5804    2166.54    2406.59    2.70335    43.0989      0.016    6.69718    4.62339    4.73364    4.51508
      8600  0.0644689        1.3    2128.48     251.15    81.8361    3059.67    2576.73     5636.4    2470.03    2525.62   0.427372   -122.693    42.5954    2165.39    2404.44    2.70609    42.1202      0.016    6.72281    4.63815    4.75855    4.54047
      8500  0.0589935        1.3    2134.92    252.024    80.8338     3069.6     2585.4    5655.01    2468.03    2522.26   0.424517   -123.506    42.6083    2164.16    2402.23    2.70883    41.2224      0.016    6.74818    4.65612    4.78426    4.56729
      8400  0.0569544        1.3    2140.82    252.891    80.3603    3082.99    2593.81     5676.8    2465.97    2518.87   0.421758   -124.275    42.6195     2162.9    2399.98    2.71155    40.7246      0.016    6.77339    4.67641    4.40949    4.59525
      8300  0.0279428        1.3    2146.49    253.752    80.2263    3084.96    2598.36    5683.32    2464.03    2515.65   0.419084    -125.03     42.629    2161.64    2397.75    2.71423    40.5337      0.016    6.79852    4.69832    4.42856    4.21698
      8200  0.0259027        1.3    2149.28    254.604    80.3657    3091.38    2602.63    5694.02     2460.8    2510.81   0.416547   -125.253    42.6372    2160.22    2395.34    2.71705    40.5876      0.016    6.22158    4.72115    4.44569    4.23279
      8100   0.023946        1.3    2151.87    255.445    80.7294    3094.77    2606.64    5701.41    2457.96    2506.51   0.414112    -125.54    42.6443    2158.62    2392.74    2.71994    40.8467      0.016    6.24405    4.74452    4.46504    4.25148
      8000  0.0198025        1.3    2154.26    256.276    81.2637    3106.18    2610.09    5716.27    2455.38    2502.59   0.411729   -125.848    42.6505    2157.06    2390.19    2.72275    41.2618      0.016    6.26629    4.76832    4.48617    4.27247
      7900  0.0157075        1.3    2156.23    257.099    82.0179    3108.48    2612.99    5721.47    2452.91    2498.82   0.409398   -126.106    42.6557    2155.55    2387.72     2.7255    41.8669      0.016    6.28842    4.79254    4.50876    4.29532
      7800 0.00738405        1.3     2157.8    257.916    82.9495    3113.14    2614.77    5727.91     2450.5    2495.17   0.407122   -126.299    42.6603    2154.06    2385.29    2.72822    42.6373      0.016    6.31049    4.41333    4.53256    4.31972
      7700 0.00669214        1.3    2158.53    258.724    84.0529    3120.13    2616.45    5736.57    2447.94    2491.31   0.404905   -126.338    42.6642    2152.56    2382.85    2.73096    43.5647      0.016    6.33248    4.42661    4.55719    4.34549
      7600          0        1.3     2159.2    259.515     85.331    3125.08    2617.03    5742.11    2445.63     2487.8   0.402739   -126.375    42.6676    2151.06    2380.42    2.73365    44.6522      0.016    6.35431    4.44045    4.58236    4.37232
      7500          0        1.3     2159.2    260.293    86.7568    3125.38     2617.5    5742.88    2443.21    2484.16   0.400623   -126.273    42.6706    2149.57    2378.04    2.73632    45.8782      0.016    6.37598    4.45721    4.20719    4.39995
      7400          0        1.3     2159.2    261.061    87.2267    3128.86    2619.01    5747.88    2441.07    2480.89   0.398562   -126.185    42.6731    2148.12     2375.7    2.73893    46.4303      0.016    6.39751    4.47597    4.22578    4.01964
      7300          0        1.3     2159.2    261.811    87.1546    3133.65    2619.55     5753.2    2439.16    2477.95   0.396574   -126.141    42.6753    2146.76    2373.49    2.74144    46.4982      0.016    6.41883    4.49589    4.24155     4.0354
      7200          0        1.3     2159.2     262.54    86.7981    3142.06    2620.01    5762.06    2437.44    2475.28   0.394662   -126.147    42.6772    2145.52    2371.44    2.74384    46.3241      0.016    6.43986    4.51647    4.25925    4.05264
      7100          0        1.3     2159.2    263.256    86.2466    3151.11    2620.96    5772.07    2435.89    2472.84   0.392823   -126.201    42.6788    2144.35    2369.49    2.74614    45.9814      0.016     6.4606    4.53756    4.27831    4.07122
      7000          0        1.3     2159.2     263.96    85.5501    3152.46    2627.32    5779.78    2434.47    2470.58   0.391053   -126.299    42.6803    2143.26    2367.64    2.74838    45.5111      0.016    6.48109    4.55907    4.29835    4.09091
      6900          0        1.3     2159.2    264.656     84.753    3153.76    2633.88    5787.64    2433.15    2468.47   0.389346   -126.438    42.6815    2142.22    2365.87    2.75057    44.9493      0.016    6.50136    4.58092    4.31912    4.11152
      6800          0        1.3     2159.2    265.346    83.8761    3154.29    2636.32    5790.62    2431.92    2466.47   0.387696   -126.613    42.6826    2141.22    2364.15    2.75271    44.3145      0.016    6.52151     4.2028    4.34047    4.13287
      6700          0        1.3     2159.2    266.029    82.9459    3155.31    2640.25    5795.56    2430.76    2464.56   0.386097   -126.822    42.6835    2140.26    2362.47    2.75481    43.6268      0.016    6.54191    4.21835    4.36225     4.1548
      6600          0        1.3     2159.2      266.7    81.9938    3155.65    2647.55    5803.21    2429.66    2462.73   0.384546    -127.06    42.6843    2139.32    2360.84    2.75689    42.9134      0.016    6.56241    4.22974    4.38416    4.17717
      6500          0        1.3     2159.2    267.356    81.0106    3158.91    2653.81    5812.72    2428.61    2460.97   0.383039   -127.324     42.685    2138.41    2359.26    2.75891     42.167      0.016     6.5828    4.24241    4.00552    4.19981
      6400          0        1.3     2159.2        268    80.3176    3162.78    2660.61    5823.39    2427.61    2459.27   0.381581   -127.607    42.6856    2137.53    2357.72    2.76089     41.626      0.016    5.80277    4.25742    4.02179    3.81614
      6300          0        1.3     2159.2    268.627     79.794     3165.9    2666.29    5832.18    2426.66    2457.67   0.380189   -127.889    42.6861    2136.69    2356.26     2.7628     41.233      0.016    5.82055     4.2738    4.03442     3.8276
      6200          0        1.3     2159.2    269.234    79.3735    3170.71    2671.72    5842.43    2425.78    2456.17    0.37886   -128.164    42.6866    2135.91    2354.87    2.76464    40.9222      0.016    5.83741    4.29086    4.04758    3.83996
      6100          0        1.3     2159.2    269.823     79.045    3176.31    2676.89    5853.21    2424.94    2454.74   0.377589   -128.427     42.687    2135.17    2353.55    2.76641    40.6869      0.016    5.85358    4.30827    4.06203    3.85335
      6000          0        1.3     2159.2    270.398    78.7784    3181.68    2681.79    5863.47    2424.14    2453.37   0.376367   -128.677    42.6873    2134.45    2352.26    2.76813    40.5032      0.016    5.86921    4.32589    4.07726    3.86766
      5900          0        1.3     2159.2    270.963    78.5609    3185.19    2689.05    5874.25    2423.37    2452.04   0.375189   -128.912    42.6876    2133.75    2351.02    2.76981    40.3608      0.016    5.88441    4.34362    4.09305    3.88275
      5800          0        1.3     2159.2    271.518    78.3827    3187.84    2695.07    5882.91    2422.63    2450.76   0.374048   -129.132    42.6879    2133.07     2349.8    2.77146    40.2522      0.016    5.89928     4.3614    4.10924    3.89846
      5700          0        1.3     2159.2    272.065    78.2376    3195.03    2701.24    5896.26    2421.91    2449.51   0.372939   -129.337    42.6881     2132.4     2348.6    2.77308    40.1723      0.016    5.91387    4.37917    4.12574    3.91466
      5600          0        1.3     2159.2    272.606    78.1216    3204.01    2707.69     5911.7     2421.2    2448.28   0.371857   -129.527    42.6883    2131.74    2347.41    2.77467    40.1179      0.016    5.92824    4.39691    4.14248    3.93126
      5500          0        1.3     2159.2    273.141    78.0312    3204.89    2714.43    5919.32    2420.51    2447.07     0.3708   -129.703    42.6885    2131.09    2346.25    2.77625    40.0863      0.016    5.94242    4.01157    4.15939    3.94816
      5400          0        1.3     2159.2    273.665     77.222    3205.04    2721.67    5926.72    2419.83    2445.88   0.369765   -129.878    42.6886    2130.45    2345.09    2.77781    39.5226      0.016    5.95638    4.02178    4.17629    3.96529
      5300          0        1.3     2159.2    274.176    75.9791     3212.5     2729.4     5941.9    2419.17    2444.71   0.368752   -130.091    42.6887    2129.81    2343.96    2.77933    38.5647      0.016    5.97007     4.0303    4.19303    3.98254
      5200          0        1.3     2159.2    274.671    74.4975     3217.3    2734.27    5951.57    2418.51    2443.55   0.367761   -130.358    42.6888    2129.18    2342.86    2.78081    37.3932      0.016    5.98343    4.03895    3.80843    3.99975
      5100          0        1.3     2159.2    275.151    72.8622    3225.58    2740.22    5965.81    2417.87    2442.42   0.366796   -130.683    42.6889    2128.57    2341.79    2.78225    36.0803      0.016    5.99646    4.04931    3.82049    3.61225
      5000          0        1.3     2159.2    275.616    71.0902    3240.21    2747.24    5987.45    2417.25    2441.34   0.365873   -131.066     42.689    2127.99    2340.76    2.78364    34.6403      0.016    6.00912    4.06071    3.83015    3.62008
      4900          0        1.3     2159.2    276.063    69.2346    3256.35     2753.3    6009.65    2416.67    2440.32   0.364996    -131.51    42.6891    2127.44    2339.79    2.78497    33.1143      0.016    6.02138    4.07262    3.83858    3.62773
      4800          0        1.3     2159.2    276.493    67.2985    3268.37    2759.04    6027.41    2416.12    2439.35    0.36416   -132.012    42.6891    2126.92    2338.87    2.78624    31.5092      0.016    6.03323    4.08476    3.84729    3.63606
      4700          0        1.3     2159.2     276.91    65.2999    3274.55    2764.45       6039    2415.59    2438.43    0.36336   -132.573    42.6892    2126.43    2337.99    2.78747    29.8372      0.016     6.0447    4.09698    3.85697    3.64504
      4600          0        1.3     2159.2    277.316     63.269    3289.64    2771.97    6061.61    2415.08    2437.54   0.362591    -133.19    42.6892    2125.96    2337.14    2.78865    28.1267      0.016    6.05583    4.10924    3.86724    3.65463
      4500          0        1.3     2159.2    277.714    61.1859     3306.6    2780.58    6087.19    2414.58    2436.67    0.36185   -133.862    42.6893     2125.5    2336.31    2.78981     26.362      0.016    6.06668     4.1215    3.87791    3.66475
      4400          0        1.3     2159.2    278.106     59.434    3324.27    2787.59    6111.86     2414.1    2435.83   0.361131   -134.581    42.6893    2125.04    2335.49    2.79095    24.8302      0.016    6.07728    4.13373    3.88886     3.6753
      4300          0        1.3     2159.2    278.491    57.8652    3339.65    2794.58    6134.23    2413.63    2435.01   0.360433   -135.326    42.6894    2124.59    2334.69    2.79207    23.4585      0.016    6.08769    4.14592    3.90002    3.68618
      4200          0        1.3     2159.2    278.872    56.3924    3359.57    2801.25    6160.83    2413.17     2434.2    0.35975   -136.089    42.6894    2124.15    2333.89    2.79317    22.1627      0.016    6.09793    4.15805    3.91134    3.69734
      4100          0        1.3     2159.2    279.248    54.9967    3383.62     2808.8    6192.42    2412.71    2433.39   0.359083   -136.865    42.6894    2123.71    2333.11    2.79426    20.9289      0.016    6.10802    4.17011    3.92277     3.7087
      4000          0        1.3     2159.2     279.62    53.6464    3408.17    2815.12    6223.29    2412.26     2432.6   0.358428   -137.652    42.6894    2123.28    2332.33    2.79533    19.7313      0.016    6.11817    4.18211    3.93429    3.72022
      3900          0        1.3     2159.2     279.99     52.326    3435.59    2820.21     6255.8    2411.82    2431.82   0.357783   -138.449    42.6894    2122.85    2331.56     2.7964    18.5572      0.016    6.12858    4.19406    3.94588    3.73186
      3800          0        1.3     2159.2    280.359    51.0249    3461.62    2827.12    6288.74    2411.38    2431.04   0.357148   -139.253    42.6895    2122.42     2330.8    2.79745    17.3981      0.016    6.13915    3.80522    3.95757    3.74362
      3700          0        1.3     2159.2    280.726    49.1467     3491.9    2834.52    6326.42    2410.94    2430.26   0.356521   -140.071    42.6895    2121.99    2330.03    2.79851    15.8453      0.016    6.14979    3.81346    3.96929    3.75546
      3600          0        1.3     2159.2    281.087    45.6978    3519.84    2842.41    6362.25    2410.51     2429.5   0.355902   -140.972    42.6895    2121.57    2329.28    2.79955    12.9687      0.016    6.16042    3.82032    3.98096    3.76735
      3500          0        1.3     2159.2    281.442    41.5674    3547.07    2848.85    6395.92    2410.08    2428.73    0.35529   -142.013    42.6895    2121.15    2328.54    2.80057    9.49201      0.016    6.17096    3.82663    3.99252    3.77925
      3400          0        1.3     2159.2    281.791    37.1887     3570.4    2856.64    6427.05    2409.65    2427.97   0.354686   -143.209    42.6895    2120.73     2327.8    2.80158    5.75615      0.016    6.18139    3.83277    3.60368    3.79113
      3300          0        1.3     2159.2    282.134    32.5639    3584.47    2864.43     6448.9    2409.23    2427.22    0.35409   -144.557    42.6895    2120.32    2327.08    2.80257    1.79562      0.016    6.19167     3.8389    3.61312    3.40245
      3200          0        1.3     2159.2    282.468    28.2794    3599.86    2872.19    6472.06    2408.81    2426.49   0.353508   -146.052    42.6895    2119.92    2326.38    2.80354   -1.99536      0.016    5.40163    3.84505    3.62135    3.41017
      3100          0        1.3     2159.2    282.792    25.3401    3613.75    2880.33    6494.09    2408.41    2425.79   0.352951   -147.621    42.6895    2119.54     2325.7    2.80447    -4.6778      0.016    5.41034    3.85164    3.62833    3.41545
      3000          0        1.3     2159.2    283.104     22.881    3630.75    2888.84    6519.59    2408.04    2425.13   0.352421   -149.207    42.6895    2119.18    2325.06    2.80538   -6.95636      0.016    5.41845    3.85896    3.63441    3.41957
      2900          0        1.3     2159.2    283.403    20.7623    3648.26    2896.74    6545.01    2407.68    2424.51   0.351919    -150.79    42.6895    2118.84    2324.45    2.80624   -8.95042      0.016    5.42611    3.86664    3.64006    3.42414
      2800          0        1.3     2159.2    283.691    18.8841    3666.23    2905.13    6571.36    2407.34    2423.91   0.351439   -152.356    42.6895    2118.52    2323.88    2.80707   -10.7394      0.016     5.4334    3.87447    3.64573     3.4293
      2700          0        1.3     2159.2    283.968    17.0048    3677.29     2910.2    6587.49    2407.01    2423.34    0.35098   -153.901    42.6895    2118.21    2323.32    2.80788   -12.4985      0.016    5.44038    3.88234    3.65152    3.43486
      2600          0        1.3     2159.2    284.237    14.7859    3679.24    2920.54    6599.78     2406.7    2422.79   0.350539   -155.444    42.6895    2117.91    2322.79    2.80865   -14.5404      0.016    5.44708    3.89018    3.65744    3.44069
      2500          0        1.3     2159.2    284.498    12.4655    3693.63    2927.14    6620.76    2406.39    2422.26   0.350116       -157    42.6895    2117.63    2322.27    2.80941   -16.6708      0.016    5.45355    3.89795    3.66349    3.44673
      2400          0        1.3     2159.2    284.752    10.1168    3710.04    2934.29    6644.33    2406.09    2421.74   0.349708   -158.573    42.6895    2117.34    2321.77    2.81014   -18.8317      0.016    5.45983    3.90564    3.66963    3.45293
      2300          0        1.3     2159.2        285    7.74169    3724.51    2942.14    6666.65     2405.8    2421.23   0.349313   -160.165    42.6895    2117.07    2321.27    2.81086   -21.0166      0.016    5.46592    3.91322    3.67592    3.45925
      2200          0        1.3     2159.2    285.242    5.50347    3732.51    2950.68    6683.19    2405.52    2420.74    0.34893   -161.774    42.6895     2116.8    2320.79    2.81157   -23.1144      0.016    5.47186     3.9207    3.68247    3.46572
      2100          0        1.3     2159.2    285.481    3.68026    3747.71    2959.36    6707.07    2405.24    2420.25   0.348559   -163.381    42.6895    2116.53    2320.31    2.81227   -24.8648      0.016    5.47768    3.92808    3.68918    3.47232
      2000          0        1.3     2159.2    285.716    2.02781    3762.83    2968.18    6731.01    2404.97    2419.77   0.348197   -164.969    42.6896    2116.27    2319.84    2.81295   -26.4671      0.016    5.48338    3.93538    3.69597    3.47906
      1900          0        1.3     2159.2    285.948   0.505385    3777.22    2976.59    6753.81     2404.7    2419.29   0.347843   -166.533    42.6896    2116.01    2319.37    2.81363   -27.9564      0.016    5.48899     3.9426     3.7028    3.48588
      1800          0        1.3     2159.2    286.176  -0.916525    3792.67     2985.1    6777.77    2404.43    2418.82   0.347496   -168.069    42.6896    2115.75    2318.91     2.8143   -29.3561      0.016    5.49451    3.94974    3.70967    3.49278
      1700          0        1.3     2159.2    286.403   -2.35476    3809.51    2992.88    6802.39    2404.17    2418.36   0.347155   -169.575    42.6896    2115.49    2318.46    2.81496   -30.7496      0.016    5.49997    3.95681    3.71655    3.49973
      1600          0        1.3     2159.2    286.626   -3.98649    3823.64    2999.21    6822.86     2403.9    2417.89   0.346821   -171.062    42.6896    2115.23       2318    2.81562   -32.3016      0.016    5.50535     3.9638    3.72343    3.50671
      1500          0        1.3     2159.2    286.848   -5.67281    3837.41    3007.52    6844.93    2403.64    2417.43   0.346492   -172.539    42.6896    2114.98    2317.55    2.81626   -33.8987      0.016    5.51068    3.97072    3.73031    3.51371
      1400          0        1.3     2159.2    287.067   -7.39995    3851.76    3017.63    6869.39    2403.39    2416.98   0.346167    -174.01    42.6896    2114.72    2317.11    2.81691   -35.5286      0.016    5.51595    3.97758    3.73717    3.52072
      1300          0        1.3     2159.2    287.284   -9.15198    3862.39    3027.18    6889.57    2403.13    2416.53   0.345847   -175.475    42.6896    2114.47    2316.67    2.81754   -37.1792      0.016    5.52117    3.98438      3.744    3.52772
      1200          0        1.3     2159.2    287.499   -10.6316    3863.46    3036.17    6899.63    2402.87    2416.08   0.345532   -176.935    42.6896    2114.23    2316.23    2.81818    -38.644      0.016    5.52634    3.99112    3.75082    3.53471
      1100          0        1.3     2159.2    287.713   -11.3467    3865.54    3044.67    6910.21    2402.62    2415.63    0.34522   -178.354    42.6896    2113.98     2315.8     2.8188   -39.4625      0.016    5.53146     3.9978     3.7576    3.54168
      1000          0        1.3     2159.2    287.924   -11.7301    3869.81    3052.83    6922.64    2402.37    2415.19   0.344912   -179.705    42.6896    2113.73    2315.37    2.81942   -39.9887      0.016    5.53654    3.60386    3.76436    3.54864
       900          0        1.3     2159.2    288.133   -11.7564    3873.75    3061.31    6935.06    2402.12    2414.75   0.344608   -180.974    42.6896    2113.49    2314.94    2.82004    -40.211      0.016    5.54157    3.60862    3.77105    3.55556
       800          0        1.3     2159.2    288.338   -11.5144    3876.52    3066.33    6942.85    2401.88    2414.31   0.344308   -182.152    42.6896    2113.25    2314.52    2.82065   -40.1898      0.016    5.54652    3.61276    3.77764    3.56244
       700          0        1.3     2159.2    288.538   -10.9532    3881.59     3070.8    6952.39    2401.63    2413.88   0.344013   -183.233    42.6896    2113.01     2314.1    2.82124   -39.9014      0.016    5.55138    3.61661    3.78413    3.56925
       600          0        1.3     2159.2    288.733   -9.91669    3886.31    3078.36    6964.67    2401.39    2413.46   0.343722   -184.201    42.6896    2112.77     2313.7    2.82183   -39.1967      0.016    5.55615    3.62034     3.7905    3.57599
       500          0        1.3     2159.2    288.924   -8.59362    3891.41    3086.64    6978.05    2401.15    2413.03   0.343437   -185.044    42.6896    2112.54     2313.3    2.82241   -38.2305      0.016    5.56082    3.62403    3.79677    3.58264
       400          0        1.3     2159.2    289.111   -6.95832    3908.82    3093.02    7001.85    2400.91    2412.62   0.343158   -185.758    42.6896    2112.31    2312.91    2.82297   -36.9878      0.016    5.56539    3.62772    3.40273    3.58919
       300          0        1.3     2159.2    289.294   -5.06799    3915.42    3104.59    7020.01    2400.68    2412.21   0.342884   -186.335    42.6896    2112.09    2312.52    2.82352   -35.5073      0.016    5.56986    3.63142    3.40808    3.59557
       200          0        1.3     2159.2    289.473   -2.69451    3928.72    3116.77    7045.49    2400.45     2411.8   0.342617   -186.773    42.6896    2111.87    2312.15    2.82406   -33.6393      0.016    5.57424    3.63515    3.41312    3.20154
       100          0        1.3     2159.2    289.647   0.594405    3930.39    3124.96    7055.35    2400.23    2411.41   0.342359   -187.038    42.6896    2111.66    2311.79    2.82459   -30.9768      0.016    5.57851    3.63889    3.41778    3.20579
         0          0        1.3     2159.2    289.816     4.3782    3945.19    3133.32    7078.52    2400.01    2411.04   0.342114   -187.103    42.6896    2111.46    2311.43    2.82511   -27.8647      0.016    5.58267    3.64263    3.42187     3.2089