      20000           0         1.1           0     179.437     415.631      17.399     14.2831      31.682     2343.43     2426.93    0.785391     51.8336     39.9574     2049.96      2345.7     2.72671     328.445       0.016     5.73044     4.59858     4.35318     4.39114
      19900           0         1.1           0     179.437      414.68     28.2793     29.7361     58.0154     2343.43     2426.93    0.785563     51.7019     39.9574     2049.96      2345.7     2.72686     327.608       0.016     5.73044     4.59858     4.35318     4.39114
      19800           0         1.1           0     179.437     414.027     44.2321     46.3592     90.5912     2343.43     2426.93    0.785735     51.5707     39.9574     2049.96      2345.7     2.72701     326.992       0.016     5.73044     4.59858     4.35318     4.39114
      19700           0         1.1           0     179.437     413.765     53.1471     60.5222     113.669     2343.43     2426.93    0.785907     51.4563     39.9574     2049.96      2345.7     2.72716      326.68       0.016     5.73044     4.59858     4.35318     4.39114
      19600   0.0414251         1.1   0.0414251     179.437     413.802     62.7691     72.5053     135.274     2343.45     2426.96    0.786079     51.3637     39.9574     2049.96      2345.7     2.72731     326.622       0.016     5.73044     4.59858     4.35318     4.39114
      19500           0         1.1     4.14251     179.444     411.943     64.9064     82.0115     146.918     2345.62     2429.34    0.786162     50.3287     39.9574     2050.24     2346.03     2.72727      325.31       0.016     5.73044     4.59858     4.35313      4.3908
      19400           0         1.1     4.14251     179.452     409.043     76.4032     94.0794     170.483     2345.19     2428.87    0.786277     50.3987     39.9574     2050.56     2346.41     2.72729     323.114       0.016     5.73044     4.59858     4.35293     4.39033
      19300           0         1.1     4.14251     179.456     406.402     86.3016     106.173     192.475     2344.88     2428.54     0.78649     50.3016     39.9574     2050.59     2346.44     2.72744     321.008       0.016     5.73043     4.59855      4.3527     4.39004
      19200           0         1.1     4.14251     179.458     403.776     87.7255     118.295     206.021     2344.65     2428.29    0.786701     50.0735     39.9574     2050.56      2346.4     2.72761     318.928       0.016     5.73039     4.59851     4.35251     4.38985
      19100  0.00114479         1.1     4.14365     179.459     402.879     87.8045     129.926     217.731     2344.47      2428.1    0.786897     49.7593     39.9574     2050.52     2346.34     2.72777     317.974       0.016     5.73035     4.59844     4.35236     4.38973
      19000           0         1.1     4.25699      179.46     403.019     88.5232     142.367      230.89     2344.39        2428    0.787077     49.4277     39.9574     2050.48      2346.3     2.72794     317.893       0.016     5.73029     4.59837     4.35225     4.38965
      18900           0         1.1     4.25699      179.46     401.344     90.2673     155.617     245.884     2344.26     2427.86    0.787251     49.1423     39.9574     2050.46     2346.27      2.7281     316.691       0.016     5.73022     4.59828     4.35216     4.38959
      18800           0         1.1     4.25699      179.46     398.663     99.8438     166.127     265.971     2344.16     2427.75    0.787421     48.7801     39.9574     2050.42     2346.23     2.72826     314.614       0.016     5.73016      4.5982     4.35209     4.38956
      18700           0         1.1     4.25699      179.46     396.812     121.012     177.937     298.949     2344.08     2427.66    0.787589     48.3312     39.9574     2050.39     2346.19     2.72843     313.004       0.016     5.73008     4.59812     4.35205     4.38956
      18600           0         1.1     4.25699      179.46     395.362      155.46     192.377     347.838     2344.01     2427.59    0.787755     47.8445     39.9574     2050.37     2346.16     2.72859     311.749       0.016     5.73002     4.59805     4.35202     4.38956
      18500           0         1.1     4.25699     179.459      393.97     197.431     201.038     398.468     2343.96     2427.53     0.78792     47.3358     39.9574     2050.35     2346.14     2.72875     310.551       0.016     5.72995     4.59798       4.352     4.38958
      18400           0         1.1     4.25699     179.459      392.64     206.141     209.249      415.39     2343.92     2427.48    0.788084     46.8087     39.9574     2050.33     2346.11     2.72891     309.394       0.016     5.72989     4.59792     4.35198      4.3896
      18300           0         1.1     4.25699     179.459     389.532     209.944      217.81     427.753     2343.88     2427.44    0.788248     46.2375     39.9574     2050.31     2346.09     2.72906     307.054       0.016     5.72983     4.59786     4.35198     4.38963
      18200           0         1.1     4.25699     179.459     385.327     234.916     226.371     461.287     2343.85      2427.4    0.788413     45.5394     39.9574      2050.3     2346.08     2.72922     303.772       0.016     5.72977     4.59782     4.35198     4.38965
      18100           0         1.1     4.25699     179.459     381.744     283.933     234.406     518.338     2343.82     2427.37    0.788577     44.6999     39.9574     2050.29     2346.06     2.72937     300.786       0.016     5.72972     4.59777     4.35198     4.38968
      18000           0         1.1     4.25699     179.458     378.394     328.399         243     571.399      2343.8     2427.35    0.788743     43.7617     39.9574     2050.27     2346.05     2.72953     298.003       0.016     5.72968     4.59774     4.35198     4.38971
      17900           0         1.1     4.25699     179.458     377.437     365.502     253.012     618.514     2343.78     2427.33    0.788908     42.7778     39.9574     2050.27     2346.04     2.72968     296.804       0.016     5.72964     4.59771     4.35199     4.38974
      17800           0         1.1     4.25699     179.458     377.955     400.687     263.884     664.571     2343.77     2427.31    0.789075     41.8664     39.9574     2050.26     2346.03     2.72983     296.846       0.016     5.72961     4.59768       4.352     4.38976
      17700           0         1.1     4.25699     179.458     376.054     435.423     274.146     709.569     2343.76     2427.29    0.789241     41.0279     39.9574     2050.25     2346.02     2.72998     295.412       0.016     5.72958     4.59766     4.35201     4.38979
      17600           0         1.1     4.25699     179.458     372.834     459.269     288.413     747.682     2343.75     2427.28    0.789408     40.1368     39.9574     2050.25     2346.02     2.73013     292.833       0.016     5.72955     4.59764     4.35202     4.38981
      17500    0.203858         1.1     4.46085     179.458     372.907     467.082      302.34     769.421     2343.86     2427.41    0.789575     39.1561     39.9574     2050.24     2346.01     2.73028     292.353       0.016     5.72953     4.59763     4.35203     4.38984
      17400    0.326968         1.1     24.9697     182.158      404.85     496.422     311.964     808.386     2349.28     2439.88    0.817084     32.6111     39.0482     2090.67     2391.27     2.64199     339.849       0.016     5.72017     4.59095     4.35108     4.39048
      17300    0.294489         1.1     57.6341      183.04     414.268      526.05     321.648     847.698     2360.92     2458.37    0.848466     25.7247     38.2531     2100.69     2402.23     2.62074     347.962       0.016     5.71698     4.58274     4.34015     4.37563
      17200    0.334487         1.1     87.1229     183.591     419.698     562.818     335.142      897.96     2369.24     2472.57    0.877109     21.3706     37.5586     2106.89     2409.02     2.60927     352.415       0.016     5.72024     4.57348     4.32195     4.34934
      17100    0.479709         1.1     120.717     184.157     422.757     618.425     349.615      968.04     2378.86     2487.64    0.902516     17.1385     36.9519     2112.54     2415.11     2.59976     354.882       0.016     5.72755     4.56198     4.29731     4.31506
      17000    0.394649         1.1     168.603     184.857      423.97     669.655     366.858     1036.51     2395.03     2509.42    0.924853     10.6051      36.422     2118.24     2421.08     2.59055     355.826       0.016     5.73652     4.54563     4.26696     4.27384
      16900     0.29106         1.1     207.964     185.705     419.175       712.3     384.778     1097.08     2404.37     2523.26    0.944453     7.27153     35.9588     2124.16     2427.11     2.58181     352.251       0.016     5.74528     4.52471     4.23147     4.22778
      16800    0.270662         1.1      237.05     186.669      410.45      753.42     403.298     1156.72     2407.31     2529.66      0.9616     6.49923     35.5537     2129.93      2432.8     2.57416     345.142       0.016     5.75253      4.4998      4.5921     4.58285
      16700    0.270086         1.1     264.115     187.729     400.527     795.217      423.46     1218.68     2409.36     2534.69    0.976458     5.70827      35.199     2135.25     2437.83     2.56749     336.837       0.016     5.75746     4.47126     4.54982     4.53717
      16600    0.335223         1.1     291.189     188.872      389.47     833.657     447.737     1281.39     2411.65     2539.61    0.989206     4.36471     34.8882     2140.15     2442.22     2.56149     327.606       0.016     5.75967     4.43969      4.5059     4.49009
      16500    0.429185         1.1     324.805     190.097     389.376     875.873     465.993     1341.87     2417.58     2548.22     1.00005     1.24657     34.6155     2144.77     2446.19      2.5558     326.251       0.016       5.759     4.40624     4.46108      4.4419
      16400    0.520181         1.1     367.815     191.406     396.469     931.652     488.555     1420.21     2428.03     2561.54     1.00922    -3.32219      34.376     2149.41     2450.07     2.55006     331.594       0.016     5.75552     4.77139     4.41574     4.79435
      16300    0.582598         1.1     419.895     192.799     400.195     996.147     508.272     1504.42     2442.08     2578.59     1.01695    -8.70197     34.1655     2154.32     2454.18      2.5441     335.112       0.016     5.74941     4.73348     4.77006      4.7466
      16200    0.516112         1.1     478.089     194.269      402.12     1064.35     533.448      1597.8     2457.64     2597.12     1.02349    -14.1862     33.9801     2159.65     2458.69     2.53795     336.807       0.016     5.74088     4.69359     4.72286     4.69595
      16100    0.403079         1.1     529.587     195.795     391.866     1127.07     561.391     1688.46     2467.68     2609.42     1.02903    -17.2436     33.8167     2165.28     2463.52     2.53196     329.473       0.016     5.73015     4.65243     4.67474     4.64414
      16000      0.3728         1.1     569.864     197.347     373.521     1177.83     587.747     1765.58     2470.82     2613.99     1.03371    -18.0948     33.6725     2170.83     2468.22     2.52658     314.656       0.016     5.71737     4.61103     4.62669     4.99535
      15900     0.36204         1.1     607.134     198.911     363.603     1222.13     612.688     1834.82     2472.64     2616.91     1.03753    -19.1623     33.5449        2176     2472.46     2.52175      305.32       0.016      5.7028     4.97128     4.98051     4.95023
      15800    0.392041         1.1     643.368     200.488     358.793     1268.18      634.56     1902.74     2474.28     2619.47     1.04049     -20.422      33.432     2180.76     2476.21      2.5172     300.912       0.016     5.68708     4.92982     4.93496     4.90596
      15700    0.399042         1.1     682.579      202.08      355.26     1313.74      655.99     1969.73     2477.83     2623.99     1.04266    -22.4958     33.3317     2185.23      2479.6      2.5127       297.8       0.016     5.67059     4.88767     4.89054      4.8626
      15600     0.39701         1.1     722.481     203.689     352.828     1359.61     675.061     2034.67     2481.67     2628.71     1.04414    -24.6568     33.2426     2189.56     2482.81     2.50814     295.591       0.016     5.65347     4.84536     4.84768     4.82022
      15500    0.384662         1.1      762.17      205.31     349.648     1404.32     693.281      2097.6     2485.28     2633.07       1.045    -26.6535     33.1631      2193.8     2485.91     2.50354      292.97       0.016     5.63584     4.80466     4.80628     5.18267
      15400      0.4368         1.1     800.688     206.939     346.107     1452.78     710.347     2163.13     2488.18     2636.55     1.04535    -28.3538     33.0921     2197.95     2488.92     2.49894     289.982       0.016      5.6179     5.16574     5.16678     5.14593
      15300    0.515149         1.1     844.446     208.582     344.196      1508.3     729.081     2237.38     2493.93     2643.09     1.04522    -31.1321     33.0283     2202.05     2491.86      2.4942       288.2       0.016     5.59987     5.12639     5.12811     5.10935
      15200    0.572148         1.1     896.018     210.246     343.301     1563.71     746.908     2310.62     2503.42     2653.67     1.04469    -35.1857     32.9709     2206.29     2494.96     2.48907     287.376       0.016     5.58184      5.0873     5.09026     5.07246
      15100    0.686458         1.1     953.347     211.934     348.793     1627.15     763.748      2390.9     2514.93     2666.46     1.04384    -39.6478      32.919     2210.85     2498.42     2.48351     291.407       0.016     5.56383     5.04877     5.05286     5.03501
      15000    0.786159         1.1     1022.09     213.649     358.616     1703.72     779.401     2483.12     2531.28     2684.53     1.04275    -45.2016     32.8718     2215.85     2502.41     2.47739     299.479       0.016     5.54588     5.01162      5.0155     5.79828
      14900    0.864207         1.1     1100.79     215.399     365.724      1789.9     792.649     2582.55     2550.91     2706.22     1.04146    -51.1233     32.8288     2221.49     2507.12     2.47061     305.922       0.016     5.52801     5.77671     5.77809     5.76062
      14800    0.820576         1.1     1187.16     217.184     371.291     1886.13     804.743     2690.88      2572.2     2729.74     1.04007    -56.9497     32.7892     2227.82     2512.64     2.46326     310.845       0.016     5.51028     5.74115     5.73941     5.71996
      14700    0.100782         1.1      1268.5     218.934     360.692     1973.82     814.804     2788.62     2588.11     2747.35     1.03867    -60.4865     32.7525     2234.66     2518.83     2.45622     303.548       0.016     5.49272     5.70585     5.70008     5.67773
      14600    0.102902         1.1     1278.58     211.865     288.513      2017.3     838.779     2856.08     2562.83     2713.07    0.990835    -49.8616     33.7363     2239.64     2533.31     2.60638     220.089       0.016     6.34378     5.05957     5.01818     5.67913
      14500   0.0621799         1.1     1288.83     209.849     260.772     2043.52     868.277      2911.8     2543.72     2686.02    0.957965     -46.236     34.6823     2227.65     2521.36     2.63212     194.114       0.016     6.52544     4.85955     5.14486     5.73851
      14400   0.0271511         1.1     1295.01     210.153     243.914     2061.84     899.477     2961.32     2526.98     2661.62    0.923834      -44.84     35.5885     2217.45     2508.75     2.64338     179.195       0.016       6.501     4.97911     4.80783     5.01881
      14300   0.0216209         1.1     1297.72     211.253     229.548      2077.1     927.374     3004.48     2512.26     2639.47     0.88822    -44.3271     36.4418     2208.29     2496.44     2.65307     167.516       0.016       6.501     4.62046     4.82032     5.08583
      14200   0.0148062         1.1     1299.88     212.563     217.385     2085.63     953.364        3039     2500.51     2620.69    0.852162    -44.6819     37.2291     2200.05        2485     2.66201     157.777       0.016       6.501     4.61193     4.81712     5.14502
      14100   0.0359605         1.1     1301.38     213.893         211     2093.76     977.804     3071.56     2490.88     2604.48    0.816763    -45.3886     37.9427     2192.78     2474.73     2.67009     152.338       0.016       6.501     4.99163      4.8133     5.19629
      14000           0         1.1     1304.94     215.208     208.156      2094.7     999.582     3094.28     2484.27     2591.91    0.782875    -46.5891     38.5803     2186.53     2465.74      2.6773     149.942       0.016       6.501     4.96311     4.81195     4.83203
      13900           0         1.1     1304.94     216.488     203.231     2100.79     1023.66     3124.45     2477.01     2579.01     0.75118    -46.9351     39.1438     2181.03      2457.7     2.68397     146.409       0.016       6.501     4.93309     4.81286     4.86304
      13800           0         1.1     1304.94     217.727     197.388     2103.47     1044.45     3147.93     2471.09     2567.97    0.721996    -47.4576     39.6376     2175.96     2450.25      2.6902     141.985       0.016       6.501     4.90661     4.81719     4.89424
      13700           0         1.1     1304.94     218.928     193.151     2116.64     1066.87     3183.52     2466.15     2558.38    0.695355    -48.1403     40.0676     2171.46     2443.54     2.69599     138.611       0.016       6.501     4.88591     4.82477     4.92571
      13600           0         1.1     1304.94     220.093     189.796     2122.52     1087.99      3210.5     2461.96     2549.98    0.671234     -48.895     40.4403     2167.47      2437.5     2.70142     135.998       0.016       6.501     4.87172     4.83659     4.95761
      13500  0.00989833         1.1     1304.95     221.229     193.245     2128.51     1102.59      3231.1     2458.35     2542.57    0.649533    -49.5824     40.7621     2163.92     2432.03     2.70655      138.19       0.016       6.501     4.86406      4.8538     4.99067
      13400           0         1.1     1305.93     222.342     200.782     2132.83     1119.28     3252.11     2455.71     2536.53    0.630086    -50.0735     41.0391     2160.79      2427.1     2.71141     143.965       0.016       6.501     4.86258     4.87475     4.61893
      13300    0.172195         1.1      1306.1     223.433     197.709     2137.85     1132.71     3270.56     2452.93     2530.63    0.612757    -50.0732      41.277     2157.99     2422.59     2.71608      142.65       0.016       6.501     4.86671     4.89637      4.6423
      13200    0.201692         1.1     1323.35     227.028     219.237     2150.74      1145.6     3296.34     2453.01     2536.32    0.649656    -53.7408     40.2965     2191.32     2458.24     2.60635     176.743       0.016       6.501     4.86182     4.92138     4.66004
      13100    0.253388         1.1     1343.57     229.377      225.75     2169.54     1152.09     3321.62     2454.72      2543.3    0.686476    -56.2778     39.3976     2200.51     2466.69     2.57659     183.062       0.016     6.74102     4.85484     4.93831     4.66873
      13000    0.169117         1.1     1368.83     231.326     231.312     2179.98     1159.25     3339.22     2458.85     2552.37    0.719791    -58.8365     38.5929     2205.89     2471.07     2.56044     188.596       0.016     6.34571      4.8363     4.93979     4.66773
      12900    0.322097         1.1     1385.89     232.936     237.266     2205.23     1165.02     3370.24     2457.93     2555.36    0.749367    -58.8516     37.8817     2210.19     2474.52     2.54851     194.156       0.016     6.51276     4.81121     4.93061       4.658
      12800    0.358941         1.1     1418.14     234.217     243.152     2238.24     1171.68     3409.92     2465.52     2567.22      0.7755    -61.6748     37.2566     2213.88     2477.59     2.53901     199.621       0.016     5.84755     5.18537     4.91558     4.64059
      12700    0.265088         1.1     1453.94     235.413     244.657     2265.17     1178.87     3444.04     2473.83     2579.48    0.798623    -64.4427      36.708     2217.62     2480.81     2.52977     201.601       0.016     5.95212     5.15785     4.89642     4.61669
      12600   0.0691944         1.1     1480.25     236.721     243.165     2272.54      1187.3     3459.84     2475.88     2584.48    0.818952    -64.7991      36.226     2221.56     2484.17     2.52017     200.738       0.016     6.03589     5.12833     4.87312     4.99315
      12500   0.0926492         1.1     1487.19     238.061     242.458     2281.87     1196.23      3478.1     2467.53     2577.69     0.83673    -61.3858     35.8017     2225.22     2487.16     2.51159     200.236       0.016     6.10218     5.09775     4.84811     4.96824
      12400   0.0536747         1.1     1496.42     239.414     242.033     2288.67     1202.91     3491.59     2462.19     2573.88    0.852118    -59.3401     35.4274     2228.26     2489.41     2.50386     200.078       0.016     6.15461     5.06723     4.82386     4.94226
      12300    0.154568         1.1     1501.89     240.781     240.356      2306.1     1208.92     3515.02     2455.85     2568.67    0.865334    -57.1699     35.0963     2230.81     2491.08     2.49658     198.932       0.016     6.19643     5.03872     4.80123     4.91647
      12200    0.318439         1.1     1517.51     242.173     237.629     2337.58     1216.05     3553.63     2456.12     2570.48    0.876627    -57.8258     34.8029     2233.06     2492.39     2.48939     196.796       0.016      5.4267     5.01258     5.17752     4.89074
      12100    0.418261         1.1     1549.45      243.61     236.254     2377.54     1224.88     3602.42     2465.14     2581.72    0.886271     -61.982     34.5423     2235.49     2493.86     2.48168     195.543       0.016      5.4492     5.78737     5.15253     4.86328
      12000    0.515659         1.1     1591.38       245.1     235.602     2425.61     1229.88     3655.49     2478.07     2597.11    0.894582    -67.4947     34.3104     2238.51     2495.99     2.47335     194.955       0.016     5.46562     5.76178     5.12624     4.83323
      11900    0.566424         1.1     1642.99     246.646     235.689     2477.71     1237.78      3715.5     2494.31     2616.04    0.901828    -73.9479     34.1037     2242.26     2498.94     2.46449     194.924       0.016     5.47703     5.73638      5.0985     4.80217
      11800    0.699769         1.1     1699.77     248.246     236.282     2534.89     1244.58     3779.47     2511.04      2635.4    0.908182    -80.1816     33.9194     2246.75     2502.72     2.45524      195.33       0.016     5.48424     5.71103     5.07116     5.17138
      11700    0.282526         1.1     1769.33     249.904     244.364      2603.5     1251.26     3854.76     2532.43      2659.8    0.913759    -87.5416     33.7547     2251.94     2507.29     2.44551     201.545       0.016     5.48746     5.68574     5.04365     5.13681
      11600    0.201949         1.1      1797.5     238.257     216.517      2650.9     1270.36     3921.27     2530.01     2651.38    0.876969    -84.5807     34.6333     2237.87     2502.11     2.61975     158.256       0.016     6.51232     5.05071      5.1654     5.13747
      11500    0.099733         1.1     1817.59     234.436     197.647     2689.12     1301.69     3990.81     2524.51     2640.28    0.846698    -83.3726     35.4829     2230.39     2497.14     2.64496      141.81       0.016     6.77994     4.86298     4.89777     5.19229
      11400    0.105555         1.1     1827.57     234.072     173.058     2715.22     1335.57     4050.79      2515.6     2625.59    0.815965    -82.4901     36.2999     2224.26     2490.26     2.65328     121.599       0.016     6.59107     4.99811     4.96262     4.85727
      11300    0.108526         1.1     1838.13     234.958     161.421     2734.53     1366.09     4100.63      2509.5     2613.99    0.784035    -83.4465     37.0709     2218.53     2482.57     2.66019     110.845       0.016       6.501     4.64988     4.98375     4.91985
      11200   0.0475852         1.1     1848.92      236.24     156.953     2748.85      1394.7     4143.55      2505.2     2604.45    0.751609    -84.8992     37.7829     2213.57     2475.39     2.66665     106.746       0.016       6.501      4.6571     4.98604     4.97437
      11100           0         1.1     1853.63     237.609     149.016     2755.03     1421.99     4177.02     2498.86      2592.8    0.719878    -85.2367     38.4281     2208.89     2468.48     2.67285     100.758       0.016       6.501     4.64151     4.98313     4.61672
      11000           0         1.1     1853.63     238.959      139.53      2770.1     1447.84     4217.93     2491.52     2580.28    0.689722    -85.1195     39.0042     2203.98     2461.33     2.67887     93.2965       0.016       6.501      4.6168     4.97902     4.64399
      10900           0         1.1     1853.63     240.264     134.188     2775.78     1475.17     4250.95     2485.72     2569.73    0.661484    -85.5388     39.5127     2199.17     2454.37     2.68451     88.7043       0.016       6.501     4.99996     4.97748     4.67018
      10800   0.0158612         1.1     1853.65     241.538     131.156     2781.85     1499.18     4281.03     2481.02      2560.7    0.635343    -86.1797     39.9577     2194.83     2448.02     2.68969     86.1579       0.016       6.501      4.9883     4.98084     4.69609
      10700 0.000783636         1.1     1855.22     242.789     127.145     2786.34     1522.62     4308.96     2477.95     2553.77    0.611406    -87.2374     40.3448     2191.08     2442.39     2.69445     83.0373       0.016       6.501     4.97878     4.98937     4.72247
      10600           0         1.1      1855.3     244.017     122.713     2786.63      1545.5     4332.13     2474.54     2546.74    0.589725    -88.0902     40.6796     2187.77     2437.32     2.69894     79.4825       0.016       6.501     4.97321     4.60238        4.75
      10500           0         1.1      1855.3      245.22     120.055     2786.73     1567.78     4354.51     2471.57     2540.49    0.570236    -89.0625     40.9683     2184.69     2432.56     2.70325     77.1702       0.016       6.501     4.97222     4.61534     4.77859
      10400           0         1.1      1855.3     246.396     118.424      2787.2     1587.59     4374.79     2468.98      2534.9    0.552778    -90.0667     41.2164      2181.9     2428.17     2.70737     75.7617       0.016     6.50441      4.9757     4.62874     4.40645
      10300    0.123244         1.1     1855.42     247.543      117.38     2793.39     1604.94     4398.33     2466.76     2529.97    0.537207    -91.0839     41.4292     2179.36     2424.13      2.7113     74.8401       0.016     6.53361     4.98324     4.64423     4.42456
      10200   0.0217105         1.1     1867.64     248.676     116.037     2798.55     1621.97     4420.52     2471.18     2532.58    0.523222    -94.3905     41.6113     2177.91     2421.39      2.7145      73.739       0.016     6.56347     4.99445     4.66189     4.44293
      10100           0         1.1     1869.79     249.789     113.685     2809.68     1635.88     4445.55     2469.17     2528.35    0.510891    -95.2235     41.7671     2176.93     2419.22     2.71766     71.8143       0.016     6.59361     4.60699     4.68166     4.46404
      10000   0.0915113         1.1     1869.89     250.866     111.089     2814.29     1649.01      4463.3     2466.39     2523.42    0.500132    -95.7707     41.9003     2175.22     2416.24      2.7211     69.7015       0.016      6.6237     4.61638     4.70362     4.48815
       9900   0.0858405         1.1     1879.03     251.921     108.206     2820.36     1661.39     4481.75     2468.77     2524.33    0.490477    -98.2496      42.014     2173.91     2413.77     2.72412     67.3179       0.016     6.65365     4.62508     4.72741     4.51394
       9800   0.0739012         1.1      1887.6     252.957     105.125     2825.12     1672.18     4497.29     2470.17     2524.29    0.481831     -100.37     42.1111     2173.35     2412.19      2.7268     64.7407       0.016     6.68333     4.63633     4.75242     4.54064
       9700   0.0621003         1.1     1894.98     253.974     101.941      2836.8     1681.39     4518.19     2470.53     2523.21    0.474201    -102.126     42.1939      2172.8     2410.65     2.72944     62.0655       0.016     6.71258     4.65163     4.77843     4.56831
       9600   0.0504323         1.1     1901.18     254.974     98.6941     2848.91     1689.05     4537.96     2470.08     2521.34    0.467447    -103.627     42.2647     2172.08     2408.92     2.73213     59.3306       0.016     6.74143        4.67     4.40494     4.59698
       9500   0.0389544         1.1     1906.21     255.959     95.4052     2856.51     1695.16     4551.67     2468.97     2518.83    0.461421    -104.951     42.3252     2171.16     2406.99     2.73486     56.5549       0.016     6.76994     4.69064     4.42513     4.21874
       9400   0.0553064         1.1     1910.12     256.919     92.9297     2865.84     1703.45     4569.29     2467.39      2515.9    0.456023    -106.144     42.3768     2170.08      2404.9     2.73762     54.3629       0.016     6.79808     4.71274     4.44221     4.23537
       9300   0.0378708         1.1     1915.64     257.856     90.8995      2874.5     1709.39     4583.89     2466.85     2514.18    0.451124    -107.713      42.421     2169.06      2402.9     2.74025     52.5616       0.016      6.2237     4.73575     4.46172     4.25401
       9200    0.030325         1.1     1919.42     258.773     89.1373      2882.2     1714.32     4596.51     2465.36     2511.49    0.446672    -108.918     42.4588     2168.08     2400.97     2.74283     50.9849       0.016     6.24842     4.75951     4.48298      4.2745
       9100   0.0109117         1.1     1922.43     259.673     87.5721     2882.51     1716.64     4599.15     2463.62     2508.59    0.442618    -110.015     42.4911     2166.98     2398.91     2.74543     49.5791       0.016     6.27262     4.78386     4.50558     4.29673
       9000           0         1.1     1923.51     260.557     86.1842     2884.95      1717.9     4602.85     2461.07     2504.82    0.438897    -110.795     42.5188     2165.69     2396.67     2.74809     48.3305       0.016     6.29644     4.40748     4.52932     4.32054
       8900           0         1.1     1923.51     261.422     84.9648     2893.16     1718.67     4611.83     2458.28     2500.84    0.435446    -111.481     42.5426     2164.21     2394.21      2.7508     47.2304       0.016     6.31996     4.42287     4.55398      4.3458
       8800           0         1.1     1923.51     262.263     83.8659     2896.54     1720.41     4616.95     2455.86     2497.28    0.432201    -112.284     42.5629     2162.68     2391.72     2.75349     46.2371       0.016     6.34315     4.43607     4.57917     4.37217
       8700           0         1.1     1923.51     263.082     82.8585     2907.52     1723.09     4630.61     2453.72     2494.05    0.429133    -113.162     42.5804      2161.2     2389.31     2.75609     45.3227       0.016       6.366     4.45232      4.2044     4.39931
       8600           0         1.1     1923.51     263.883     81.9282     2923.78     1726.42      4650.2      2451.8      2491.1    0.426239    -114.085     42.5954     2159.81     2387.03     2.75862     44.4753       0.016     6.38855     4.47082     4.22359       4.019
       8500           0         1.1     1923.51     264.662     81.0653     2933.95     1730.39     4664.33     2450.09     2488.41    0.423534     -115.03     42.6083     2158.52     2384.89     2.76105     43.6863       0.016     6.41072     4.49063       4.239     4.03431
       8400           0         1.1     1923.51     265.418      80.707     2947.68      1734.5     4682.19     2448.54     2485.96    0.421008    -115.975     42.6195     2157.33     2382.88     2.76337      43.277       0.016     6.43246     4.51116     4.25621     4.05097
       8300           0         1.1     1923.51     266.155      80.675      2950.1     1742.36     4692.46     2447.13      2483.7    0.418643    -116.883      42.629     2156.22     2380.99     2.76562     43.1613       0.016     6.45377     4.53221     4.27489     4.06896
       8200           0         1.1     1923.51     266.879     80.8641     2957.02     1750.36     4707.38     2445.83     2481.58    0.416424     -117.74     42.6372     2155.17     2379.18      2.7678     43.2395       0.016     6.47472     4.55368     4.29458      4.0881
       8100           0         1.1     1923.51     267.593     81.2449     2960.93     1758.51     4719.43     2444.62     2479.58    0.414332    -118.534     42.6443     2154.16     2377.43     2.76992     43.4895       0.016     6.49538     4.57548     4.31503     4.10819
       8000           0         1.1     1923.51     268.298     81.7825     2972.85     1767.08     4739.93     2443.48     2477.68    0.412352    -119.258     42.6505     2153.19     2375.74     2.77201     43.8832       0.016     6.51579     4.59755     4.33608     4.12906
       7900           0         1.1     1923.51     268.997     82.5277     2975.66     1776.08     4751.74      2442.4     2475.85    0.410472    -119.906     42.6557     2152.25     2374.09     2.77407     44.4568       0.016     6.53632     4.21509     4.35759     4.15058
       7800           0         1.1     1923.51     269.684     83.4414     2980.81     1786.06     4766.87     2441.37     2474.09    0.408678    -120.472     42.6603     2151.33     2372.47      2.7761     45.1868       0.016     6.55699     4.22707     4.37932     4.17259
       7700           0         1.1     1923.51     270.355     84.5116     2988.26     1796.01     4784.27     2440.37     2472.39    0.406964    -120.952     42.6642     2150.43      2370.9     2.77809     46.0587       0.016     6.57756     4.23897     4.00101     4.19493
       7600           0         1.1     1923.51     271.012     85.7479     2993.63     1806.93     4800.55     2439.42     2470.73    0.405324    -121.341     42.6676     2149.56     2369.37     2.78003     47.0829       0.016     6.59794     4.25342     4.01837     3.81323
       7500           0         1.1     1923.51     271.653     87.1218     2993.69     1818.75     4812.44     2438.51     2469.16    0.403771    -121.638     42.6706     2148.73      2367.9     2.78191     48.2358       0.016     5.81625     4.26946      4.0315     3.82481
       7400           0         1.1     1923.51     272.274     87.5537     2996.85     1831.48     4828.32     2437.65     2467.67    0.402304     -121.86     42.6731     2147.94     2366.51     2.78372     48.7145       0.016     5.83338     4.28631     4.04407      3.8368
       7300           0         1.1     1923.51     272.876     87.4495     3001.34     1843.08     4844.42     2436.84     2466.26    0.400913    -122.063     42.6753      2147.2     2365.18     2.78547     48.7128       0.016     5.84976     4.30357     4.05814     3.84981
       7200           0         1.1     1923.51     273.463     87.0672     3009.47     1853.54     4863.02     2436.06      2464.9    0.399589    -122.268     42.6772     2146.49      2363.9     2.78716     48.4746       0.016     5.86555     4.32106      4.0731     3.86379
       7100           0         1.1     1923.51     274.037     86.4956     3018.28     1865.28     4883.56     2435.31      2463.6    0.398322    -122.487     42.6788     2145.79     2362.65     2.78881     48.0731       0.016     5.88088     4.33869     4.08866     3.87858
       7000           0         1.1     1923.51     274.601     85.7837     3019.39     1882.28     4901.67     2434.58     2462.32    0.397105    -122.722     42.6803     2145.11     2361.43     2.79043     47.5487       0.016     5.89584     4.35637     4.10467     3.89404
       6900           0         1.1     1923.51     275.158     84.9748     3020.48     1899.34     4919.81     2433.87     2461.08    0.395931    -122.978     42.6815     2144.44     2360.23     2.79201     46.9364       0.016     5.91051     4.37406     4.12101     3.91003
       6800           0         1.1     1923.51     275.707     84.0892     3021.22     1912.14     4933.36     2433.18     2459.86    0.394794    -123.254     42.6826     2143.79     2359.04     2.79358     46.2543       0.016     5.92494     4.39173     4.13761     3.92644
       6700           0         1.1     1923.51     276.249     83.1518     3022.44     1926.29     4948.74      2432.5     2458.66     0.39369    -123.552     42.6835     2143.13     2357.87     2.79512     45.5213       0.016     5.93917     4.00788      4.1544     3.94319
       6600           0         1.1     1923.51     276.784     82.1925     3022.98     1943.68     4966.66     2431.83     2457.48    0.392614     -123.87     42.6843     2142.49     2356.72     2.79664     44.7639       0.016     5.95321     4.01895     4.17126     3.96019
       6500           0         1.1     1923.51     277.305     81.2028     3026.44     1959.88     4986.32     2431.17     2456.31    0.391565    -124.207      42.685     2141.85     2355.59     2.79814      43.975       0.016     5.96697     4.02779     4.18799     3.97735
       6400           0         1.1     1923.51      277.81     80.4998     3030.49     1976.49     5006.98     2430.52     2455.15    0.390541    -124.558     42.6856     2141.22     2354.48      2.7996     43.3913       0.016     5.98042     4.03605     3.80415     3.99453
       6300           0         1.1     1923.51       278.3     79.9645     3033.77     1991.84     5025.61     2429.87     2454.01    0.389545    -124.905     42.6861      2140.6      2353.4     2.80102     42.9554       0.016     5.99354     4.04589     3.81705     3.60908
       6200           0         1.1     1923.51     278.775     79.5299     3038.43     2006.82     5045.25     2429.26     2452.92     0.38859    -125.242     42.6866     2140.01     2352.36     2.80239     42.6012       0.016     6.00631     4.05697     3.82733     3.61788
       6100           0         1.1     1923.51     279.232     79.1859     3043.89      2021.4     5065.29     2428.67     2451.89    0.387683    -125.565      42.687     2139.45     2351.37      2.8037     42.3223       0.016     6.01868     4.06871     3.83597     3.62521
       6000           0         1.1     1923.51     279.672     78.9034     3049.38     2035.57     5084.95     2428.11     2450.91    0.386821    -125.871     42.6873     2138.93     2350.44     2.80496     42.0947       0.016     6.03065     4.08075     3.84435     3.63331
       5900           0         1.1     1923.51     280.098     78.6698        3053     2051.97     5104.97     2427.58     2449.98    0.385998    -126.161     42.6876     2138.43     2349.55     2.80617     41.9083       0.016     6.04222     4.09289     3.85372     3.64204
       5800           0         1.1     1923.51     280.511     78.4753     3055.56     2066.98     5122.54     2427.06     2449.08     0.38521    -126.435     42.6879     2137.95     2348.69     2.80733     41.7555       0.016     6.05343     4.10509     3.86379      3.6514
       5700           0         1.1     1923.51     280.916     78.3135     3062.82        2082     5144.82     2426.57     2448.22    0.384451    -126.693     42.6881     2137.49     2347.85     2.80847     41.6313       0.016     6.06434     4.11731      3.8743     3.66132
       5600           0         1.1     1923.51     281.313     78.1806     3071.86     2097.16     5169.02     2426.09     2447.37    0.383718    -126.935     42.6883     2137.03     2347.03     2.80958     41.5325       0.016     6.07501      4.1295     3.88512      3.6717
       5500           0         1.1     1923.51     281.704     78.0727      3072.7     2112.46     5185.16     2425.61     2446.54    0.383006    -127.162     42.6885     2136.58     2346.23     2.81067     41.4563       0.016     6.08546     4.14166     3.89618     3.68244
       5400           0         1.1     1923.51      282.09     77.2529     3072.83     2128.13     5200.96     2425.15     2445.73    0.382313    -127.387     42.6886     2136.14     2345.43     2.81175       40.85       0.016     6.09573     4.15376     3.90741     3.69347
       5300           0         1.1     1923.51     282.471     75.9997     3080.31     2144.15     5224.46      2424.7     2444.92    0.381636    -127.651     42.6887      2135.7     2344.64     2.81281     39.8504       0.016     6.10585      4.1658     3.91877     3.70472
       5200           0         1.1     1923.51     282.849     74.5076     3085.09      2157.2     5242.29     2424.25     2444.13    0.380973    -127.968     42.6888     2135.26     2343.86     2.81386     38.6381       0.016     6.11594     4.17777     3.93021     3.71615
       5100           0         1.1     1923.51     283.223     72.8604     3093.37     2171.22      5264.6      2423.8     2443.35    0.380322    -128.342     42.6889     2134.83     2343.09      2.8149     37.2849       0.016      6.1263      4.1897     3.94174     3.72772
       5000           0         1.1     1923.51     283.596     71.0741     3107.99     2186.22     5294.21     2423.36     2442.57    0.379681    -128.777      42.689      2134.4     2342.33     2.81594     35.8043       0.016     6.13683      3.8015     3.95336      3.7394
       4900           0         1.1     1923.51     283.968     69.2009     3124.09     2200.19     5324.28     2422.92     2441.79    0.379048    -129.272     42.6891     2133.97     2341.56     2.81696     34.2374       0.016     6.14746     3.81063     3.96505     3.75117
       4800           0         1.1     1923.51     284.335     67.2448     3136.05     2213.77     5349.83     2422.49     2441.02    0.378423    -129.827     42.6891     2133.54     2340.81     2.81798     32.5912       0.016      6.1581     3.81785     3.97672     3.76301
       4700           0         1.1     1923.51     284.697     65.2245     3142.16     2226.97     5369.12     2422.06     2440.26    0.377806    -130.441     42.6892     2133.12     2340.06     2.81898      30.878       0.016     6.16867      3.8243     3.98829     3.77488
       4600           0         1.1     1923.51     285.052     63.1708     3157.16     2242.22     5399.38     2421.63      2439.5    0.377197    -131.111     42.6892      2132.7     2339.32     2.81997     29.1263       0.016     6.17913     3.83047     3.99977     3.78674
       4500           0         1.1     1923.51       285.4     61.0642        3174     2258.52     5432.51      2421.2     2438.75    0.376596    -131.836     42.6893     2132.29     2338.59     2.82094     27.3205       0.016     6.18947     3.83659     3.60975     3.79844
       4400           0         1.1     1923.51     285.741     59.2849     3191.52     2273.16     5464.68     2420.78     2438.01    0.376006    -132.607     42.6893     2131.89     2337.88     2.82189     25.7465       0.016     6.19964     3.84272     3.61844     3.40765
       4300           0         1.1     1923.51     286.073      57.688     3206.71     2287.73     5494.44     2420.38     2437.29    0.375437    -133.403     42.6894      2131.5      2337.2     2.82281     24.3323       0.016     5.40856     3.84902     3.62584     3.41363
       4200           0         1.1     1923.51     286.392      56.187     3226.44     2301.93     5528.36        2420     2436.62    0.374895    -134.216     42.6894     2131.13     2336.54      2.8237     22.9938       0.016     5.41681     3.85607     3.63219     3.41804
       4100           0         1.1     1923.51       286.7     54.7637     3250.25     2316.92     5567.17     2419.63     2435.98     0.37438    -135.042     42.6894     2130.78     2335.92     2.82456     21.7173       0.016     5.42459     3.86361     3.63792     3.42228
       4000           0         1.1     1923.51     286.994     53.3867     3274.53     2330.62     5605.15     2419.28     2435.38     0.37389    -135.877     42.6894     2130.45     2335.33     2.82538     20.4772       0.016     5.43199     3.87136     3.64354     3.42723
       3900           0         1.1     1923.51     287.278      52.041     3301.67        2343     5644.67     2418.95      2434.8    0.373421     -136.72     42.6894     2130.14     2334.77     2.82617     19.2612       0.016     5.43906     3.87918     3.64925     3.43263
       3800           0         1.1     1923.51     287.552     50.7159     3327.39      2357.1     5684.49     2418.63     2434.24    0.372971    -137.571     42.6895     2129.84     2334.23     2.82693     18.0606       0.016     5.44584       3.887     3.65511     3.43835
       3700           0         1.1     1923.51     287.818     48.8219     3357.35     2371.59     5728.94     2418.32      2433.7    0.372538    -138.435     42.6895     2129.55     2333.71     2.82767     16.4691       0.016     5.45238     3.89477     3.66109      3.4443
       3600           0         1.1     1923.51     288.077     45.3686     3384.96     2386.47     5771.43     2418.02     2433.18    0.372121    -139.381     42.6895     2129.26      2333.2     2.82839     13.5592       0.016     5.45871     3.90245     3.66718     3.45042
       3500           0         1.1     1923.51      288.33     41.2395     3411.86      2399.8     5811.66     2417.73     2432.67    0.371719    -140.466     42.6895     2128.99     2332.71     2.82909      10.053       0.016     5.46485     3.91004     3.67336     3.45668
       3400           0         1.1     1923.51     288.577      36.864     3434.87     2414.38     5849.25     2417.44     2432.17    0.371329    -141.706     42.6895     2128.72     2332.22     2.82978     6.29013       0.016     5.47083     3.91753     3.67977     3.46305
       3300           0         1.1     1923.51     288.819     32.2444     3448.62     2428.85     5877.46     2417.16     2431.68     0.37095    -143.097     42.6895     2128.45     2331.74     2.83046     2.30468       0.016     5.47668     3.92492     3.68638     3.46957
       3200           0         1.1     1923.51     289.058     27.9592     3463.69      2443.2     5906.89     2416.89     2431.19    0.370581    -144.633     42.6895     2128.18     2331.27     2.83113    -1.51212       0.016     5.48241     3.93222     3.69311     3.47622
       3100           0         1.1     1923.51     289.293     25.0088     3477.25     2457.85      5935.1     2416.62     2430.72    0.370221    -146.245     42.6895     2127.92      2330.8     2.83179     -4.2244       0.016     5.48804     3.93944      3.6999     3.48298
       3000           0         1.1     1923.51     289.524     22.5322      3493.9     2472.77     5966.67     2416.35     2430.25    0.369868    -147.875     42.6895     2127.66     2330.34     2.83244    -6.53563       0.016     5.49358     3.94658     3.70672     3.48982
       2900           0         1.1     1923.51     289.754     20.3904     3511.04     2487.02     5998.06     2416.08     2429.78    0.369522    -149.501     42.6895      2127.4     2329.88     2.83308    -8.56507       0.016     5.49904     3.95364     3.71357     3.49671
       2800           0         1.1     1923.51      289.98     18.4846     3528.61      2501.7     6030.31     2415.82     2429.31    0.369182    -151.111     42.6895     2127.14     2329.42     2.83372    -10.3916       0.016     5.50444     3.96063     3.72042     3.50365
       2700           0         1.1     1923.51     290.204     16.5761     3539.23     2513.01     6052.24     2415.56     2428.86    0.368847    -152.701     42.6895     2126.89     2328.97     2.83435    -12.1892       0.016     5.50977     3.96755     3.72726     3.51061
       2600           0         1.1     1923.51     290.426     14.3283     3540.73     2529.53     6070.26      2415.3      2428.4    0.368517    -154.288     42.6895     2126.63     2328.53     2.83497    -14.2692       0.016     5.51504     3.97441      3.7341     3.51758
       2500           0         1.1     1923.51     290.646     11.9787     3554.63     2542.28     6096.91     2415.04     2427.95    0.368192    -155.888     42.6895     2126.38     2328.09     2.83559    -16.4378       0.016     5.52026      3.9812     3.74091     3.52455
       2400           0         1.1     1923.51     290.864     9.60013     3570.52     2555.54     6126.07     2414.79      2427.5    0.367871    -157.505     42.6895     2126.13     2327.65     2.83621    -18.6366       0.016     5.52544     3.98794     3.74771     3.53151
       2300           0         1.1     1923.51      291.08     7.19485     3584.45     2569.47     6153.93     2414.53     2427.05    0.367554    -159.141     42.6895     2125.88     2327.21     2.83681    -20.8592       0.016     5.53056     3.99461     3.75447     3.53846
       2200           0         1.1     1923.51     291.294     4.92465     3591.87     2584.07     6175.94     2414.28     2426.61    0.367241    -160.793     42.6895     2125.64     2326.78     2.83742     -22.995       0.016     5.53564     3.60115     3.76121     3.54539
       2100           0         1.1     1923.51     291.506     3.06672     3606.45     2598.77     6205.23     2414.03     2426.17    0.366932    -162.443     42.6895     2125.39     2326.36     2.83801    -24.7845       0.016     5.54068      3.6064      3.7679     3.55229
       2000           0         1.1     1923.51     291.715      1.3784     3620.93     2613.59     6234.52     2413.79     2425.73    0.366627    -164.074     42.6896     2125.15     2325.93     2.83861    -26.4264       0.016     5.54565     3.61076     3.77451     3.55916
       1900           0         1.1     1923.51     291.918   -0.180544     3634.63     2627.97      6262.6     2413.54      2425.3    0.366326     -165.68     42.6896     2124.91     2325.52     2.83919    -27.9556       0.016     5.55054     3.61471     3.78102     3.56597
       1800           0         1.1     1923.51     292.118    -1.63925     3649.36     2642.42     6291.78      2413.3     2424.87    0.366029    -167.258     42.6896     2124.68     2325.11     2.83976    -29.3954       0.016     5.55534     3.61847     3.78741     3.57271
       1700           0         1.1     1923.51     292.312    -3.11328     3665.44     2656.11     6321.55     2413.06     2424.45    0.365737    -168.805     42.6896     2124.44      2324.7     2.84032    -30.8286       0.016     5.56004     3.62215      3.7937     3.57937
       1600           0         1.1     1923.51     292.503    -4.77901     3678.78     2668.33     6347.11     2412.82     2424.03    0.365451    -170.333     42.6896     2124.21     2324.31     2.84087    -32.4194       0.016     5.56464     3.62582     3.79988     3.58594
       1500           0         1.1     1923.51     292.689    -6.49815     3691.73     2682.47      6374.2     2412.59     2423.62    0.365171    -171.851     42.6896     2123.99     2323.92     2.84141    -34.0545       0.016     5.56914      3.6295     3.40544     3.59238
       1400           0         1.1     1923.51     292.872    -8.25683     3705.21     2698.39     6403.61     2412.35     2423.21    0.364896    -173.362     42.6896     2123.77     2323.55     2.84194    -35.7215       0.016     5.57355      3.6332      3.4106      3.5986
       1300           0         1.1     1923.51     293.049    -10.0393     3714.96      2713.7     6428.66     2412.13     2422.81    0.364629    -174.867     42.6896     2123.55     2323.18     2.84246    -37.4085       0.016     5.57785     3.63692     3.41547     3.20379
       1200           0         1.1     1923.51     293.223     -11.551     3716.95     2728.41     6445.36     2411.91     2422.43    0.364373    -176.365     42.6896     2123.35     2322.82     2.84296    -38.9101       0.016     5.58206     3.64065     3.41983     3.20737
       1100           0         1.1     1923.51     293.391    -12.3018     3718.07     2742.59     6460.67      2411.7     2422.07    0.364131    -177.823     42.6896     2123.15     2322.48     2.84345    -39.7671       0.016     5.58615     3.64438     3.42365     3.21012
       1000           0         1.1     1923.51     293.553    -12.7223     3721.35     2756.38     6477.74      2411.5     2421.73    0.363904     -179.21     42.6896     2122.96     2322.15     2.84393    -40.3329       0.016     5.59012     3.64808     3.42706     3.21239
        900           0         1.1     1923.51     293.709    -12.7875     3724.26     2770.44      6494.7     2411.32     2421.41    0.363691    -180.517     42.6896     2122.78     2321.84     2.84438     -40.596       0.016     5.59395     3.65176     3.43018     3.21436
        800           0         1.1     1923.51     293.859    -12.5858     3725.96     2780.98     6506.94     2411.14     2421.11    0.363493    -181.732     42.6896     2122.62     2321.55     2.84482    -40.6166       0.016     5.59766     3.65541     3.43308     3.21613
        700           0         1.1     1923.51     294.003    -12.0668     3729.92     2790.92     6520.83     2410.97     2420.82    0.363308    -182.849     42.6896     2122.46     2321.27     2.84524    -40.3713       0.016     5.60123     3.65902     3.43582     3.21776
        600           0         1.1     1923.51     294.141    -11.0749     3735.79     2803.88     6539.67     2410.82     2420.55    0.363136    -183.853     42.6896     2122.31        2321     2.84565    -39.7112       0.016     5.60466      3.6626     3.43845     3.21941
        500           0         1.1     1923.51     294.274    -9.79784      3742.1     2817.51     6559.61     2410.67      2420.3    0.362975    -184.733     42.6896     2122.17     2320.75     2.84605    -38.7907       0.016     5.60797     3.66614     3.44108     3.22145
        400           0         1.1     1923.51     294.403    -8.21018     3760.76     2829.19     6589.95     2410.53     2420.05    0.362823    -185.483     42.6896     2122.03     2320.51     2.84643    -37.5949       0.016     5.61115     3.66965     3.44379     3.22378
        300           0         1.1     1923.51     294.527    -6.36861     3768.66     2845.99     6614.65     2410.39     2419.82     0.36268    -186.098     42.6896      2121.9     2320.28      2.8468    -36.1623       0.016     5.61423     3.67313     3.44658     3.22631
        200           0         1.1     1923.51     294.648    -4.04735     3783.31     2863.34     6646.66     2410.25     2419.58    0.362543    -186.574     42.6896     2121.78     2320.05     2.84717    -34.3441       0.016      5.6172     3.67659     3.44945       3.229
        100           0         1.1     1923.51     294.766   -0.815651     3783.57     2876.66     6660.23     2410.12     2419.36    0.362413    -186.876     42.6896     2121.65     2319.82     2.84752    -31.7343       0.016      5.6201     3.68004     3.45237      3.2318
          0           0         1.1     1923.51     294.882     2.90775      3796.9     2890.08     6686.99        2410     2419.14    0.362288    -186.981     42.6896     2121.53      2319.6     2.84787    -28.6772       0.016     5.62292     3.68347     3.45534     3.23468