     20000          0        1.4          0    179.437    415.631     17.399    14.2831     31.682    2343.43    2426.93   0.785391    51.8336    39.9574    2049.96     2345.7    2.72671    328.445      0.016    5.73044    4.59858    4.35318    4.39114
     19900          0        1.4          0    179.437     414.68    28.2793    29.7361    58.0154    2343.43    2426.93   0.785563    51.7019    39.9574    2049.96     2345.7    2.72686    327.608      0.016    5.73044    4.59858    4.35318    4.39114
     19800          0        1.4          0    179.437    414.027    44.2321    46.3592    90.5912    2343.43    2426.93   0.785735    51.5707    39.9574    2049.96     2345.7    2.72701    326.992      0.016    5.73044    4.59858    4.35318    4.39114
     19700          0        1.4          0    179.437    413.765    53.1471    60.5222    113.669    2343.43    2426.93   0.785907    51.4563    39.9574    2049.96     2345.7    2.72716     326.68      0.016    5.73044    4.59858    4.35318    4.39114
     19600  0.0414251        1.4  0.0414251    179.437    413.802    62.7691    72.5053    135.274    2343.45    2426.96   0.786079    51.3637    39.9574    2049.96     2345.7    2.72731    326.622      0.016    5.73044    4.59858    4.35318    4.39114
     19500          0        1.4    4.14251    179.426    411.949    64.9002    82.0295     146.93    2345.63       2430   0.786139    50.3294    39.9574    2050.29    2346.12    2.72703    325.308      0.016    5.73044    4.59858    4.35302     4.3901
     19400          0        1.4    4.14251    179.412    409.057    76.3834    94.1371     170.52    2345.21     2429.4   0.786236    50.4013    39.9574    2050.68    2346.61    2.72684     323.11      0.016    5.73041    4.59855    4.35241    4.38873
     19300          0        1.4    4.14251    179.406    406.421    86.2629    106.281    192.544    2344.92    2428.98   0.786469    50.3054    39.9574     2050.7    2346.64    2.72696    321.004      0.016    5.73033    4.59844    4.35174    4.38794
     19200          0        1.4    4.14251    179.403    403.799    87.6636    118.458    206.122     2344.7    2428.66   0.786704    50.0776    39.9574    2050.65    2346.59    2.72712    318.925      0.016    5.73019    4.59826     4.3512    4.38748
     19100 0.00129478        1.4     4.1438    179.401    402.905    87.7688    130.147    217.916    2344.52    2428.41    0.78692    49.7632    39.9574     2050.6    2346.52    2.72729    317.973      0.016    5.73001    4.59803    4.35079    4.38721
     19000          0        1.4    4.27199      179.4    403.047    88.5157    142.647    231.162    2344.45    2428.31   0.787116    49.4277    39.9574    2050.55    2346.47    2.72745    317.893      0.016     5.7298    4.59777     4.3505    4.38703
     18900          0        1.4    4.27199      179.4    401.374    90.2894    155.957    246.246    2344.32    2428.13   0.787302    49.1427    39.9574    2050.52    2346.43    2.72761    316.691      0.016    5.72958    4.59752    4.35027    4.38693
     18800          0        1.4    4.27199      179.4    398.694    99.8354    166.527    266.362    2344.22    2427.98   0.787482    48.7805    39.9574    2050.48    2346.38    2.72778    314.615      0.016    5.72936    4.59726    4.35011     4.3869
     18700          0        1.4    4.27199      179.4    396.843    120.972    178.397    299.369    2344.13    2427.87   0.787657    48.3317    39.9574    2050.44    2346.33    2.72795    313.006      0.016    5.72915    4.59703       4.35    4.38691
     18600          0        1.4    4.27199    179.401    395.393    155.389    192.896    348.285    2344.06    2427.77   0.787828    47.8448    39.9574    2050.41    2346.29    2.72812    311.752      0.016    5.72895    4.59682    4.34993    4.38695
     18500          0        1.4    4.27199    179.401    394.002    197.328    201.615    398.942       2344    2427.69   0.787995    47.3359    39.9574    2050.38    2346.26    2.72829    310.554      0.016    5.72876    4.59663    4.34989    4.38701
     18400          0        1.4    4.27199    179.402    392.671    206.006    209.882    415.888    2343.95    2427.63   0.788161    46.8087    39.9574    2050.36    2346.23    2.72845    309.397      0.016    5.72858    4.59647    4.34987    4.38708
     18300          0        1.4    4.27199    179.403    389.564     209.84      218.5     428.34    2343.91    2427.58   0.788326    46.2373    39.9574    2050.34     2346.2    2.72862    307.058      0.016    5.72842    4.59632    4.34986    4.38715
     18200          0        1.4    4.27199    179.404    385.358    234.782    227.116    461.898    2343.88    2427.53    0.78849    45.5391    39.9574    2050.32    2346.18    2.72878    303.776      0.016    5.72828    4.59621    4.34986    4.38722
     18100          0        1.4    4.27199    179.404    381.775    283.767    235.205    518.972    2343.85    2427.49   0.788654    44.6995    39.9574     2050.3    2346.16    2.72894    300.791      0.016    5.72816    4.59611    4.34987    4.38729
     18000          0        1.4    4.27199    179.405    378.424    328.203    243.853    572.056    2343.83    2427.46   0.788818    43.7612    39.9574    2050.29    2346.14     2.7291    298.008      0.016    5.72805    4.59602    4.34988    4.38735
     17900          0        1.4    4.27199    179.406    377.467    365.276    253.918    619.194    2343.81    2427.43   0.788983    42.7771    39.9574    2050.28    2346.13    2.72926    296.809      0.016    5.72795    4.59595     4.3499    4.38742
     17800          0        1.4    4.27199    179.406    377.985     400.43    264.842    665.272    2343.79    2427.41   0.789148    41.8657    39.9574    2050.27    2346.12    2.72942    296.851      0.016    5.72787     4.5959    4.34992    4.38748
     17700          0        1.4    4.27199    179.407    376.084    435.137    275.155    710.291    2343.77    2427.39   0.789313    41.0271    39.9574    2050.26    2346.11    2.72957    295.417      0.016     5.7278    4.59586    4.34994    4.38753
     17600          0        1.4    4.27199    179.407    372.863    458.953    289.473    748.426    2343.76    2427.37   0.789478     40.136    39.9574    2050.25     2346.1    2.72973    292.838      0.016    5.72774    4.59582    4.34997    4.38759
     17500   0.204106        1.4    4.47609    179.408    372.937    466.736     303.45    770.186    2343.87    2427.53   0.789644    39.1552    39.9574    2050.25    2346.09    2.72988    292.358      0.016    5.72769     4.5958    4.34999    4.38764
     17400   0.327604        1.4    25.0102    182.051    404.897    496.123    313.182    809.305    2349.33    2443.34    0.81713    32.6074    39.0482    2090.66    2391.41    2.64099    339.858      0.016    5.71831    4.58908     4.3485    4.38483
     17300   0.295927        1.4    57.7389    182.765    414.367     525.85     323.14     848.99    2361.13    2466.59   0.848462    25.7237    38.2531    2100.71    2402.63    2.61789    347.969      0.016    5.71502    4.58072    4.33464    4.35981
     17200   0.336924        1.4    87.3726    183.065    419.885    562.805     337.16    899.966     2369.8    2484.37    0.87705    21.3738    37.5586    2107.03    2409.92    2.60392    352.422      0.016    5.71791    4.57091    4.31009     4.3186
     17100   0.483401        1.4    121.211    183.326    423.065     618.72    352.464    971.185    2379.91    2503.29    0.90242    17.1427    36.9519    2112.86    2416.66    2.59169    354.899      0.016    5.72431    4.55751    4.27632    4.26663
     17000        0.4        1.4    169.468     183.64    424.441    670.421    370.924    1041.35    2396.72    2530.83   0.924722    10.6055     36.422    2118.78    2423.43    2.57915    355.865      0.016     5.7316    4.53822    4.23421    4.20422
     16900   0.298098        1.4    209.366    184.045    419.831    713.722    390.504    1104.23    2406.86    2548.36   0.944263    7.25418    35.9588       2125    2430.44    2.56669    352.322      0.016    5.73768    4.51384    4.58434    4.53693
     16800   0.279264        1.4    239.157    184.578    411.293    755.685    411.116     1166.8    2410.69    2556.48   0.961364    6.44293    35.5537    2131.09    2437.13    2.55583    345.257      0.016    5.74111    4.48403    4.52803    4.46767
     16700   0.280153        1.4    267.084    185.238    401.546    798.501    433.769    1232.27    2413.64    2562.95   0.976213    5.59251     35.199    2136.73    2443.08    2.54652    337.003      0.016    5.74104    4.44904    4.46869    4.40073
     16600   0.346887        1.4    295.166    186.002    390.653    838.124    460.916    1299.04    2416.79    2569.33   0.988952    4.17025    34.8882    2141.92    2448.33    2.53816    327.826      0.016    5.73708     4.4101    4.40917    4.73719
     16500   0.442561        1.4    329.951    186.843    390.768    881.732    482.427    1364.16    2423.56    2580.47   0.999769   0.958631    34.6155     2146.8    2453.11    2.53006    326.523      0.016    5.72926    4.76905    4.75022    4.67216
     16400   0.535392        1.4      374.3    187.725    398.102    939.143     508.67    1447.81    2434.87    2597.65    1.00888   -3.70802     34.376    2151.68    2457.84    2.52149    331.922      0.016    5.71785    4.72359    4.68898    4.60437
     16300   0.599991        1.4    427.904     188.62    402.078    1005.52    532.566    1538.09    2449.86    2619.68     1.0165   -9.18226    34.1655    2156.86    2462.92    2.51209    335.507      0.016    5.70304    4.67494    4.62516    4.93388
     16200   0.535803        1.4    487.839    189.513    404.289    1075.89    562.498    1638.39    2466.48    2643.67    1.02287    -14.762    33.9801    2162.52    2468.57    2.50193    337.277      0.016    5.68531    4.62389    4.96114    4.85658
     16100   0.424945        1.4    541.308    190.419    394.251       1141    595.817    1736.82    2477.69    2659.81    1.02822   -17.9292    33.8167    2168.54    2474.66    2.49184     330.02      0.016    5.66503    4.97365    4.89125    5.17887
     16000   0.396769        1.4    583.774    191.367    376.072    1194.31    628.154    1822.47    2482.05    2666.15    1.03269   -18.9172    33.6725    2174.53    2480.65     2.4829    315.273      0.016    5.64237    4.92019    4.82122    5.10389
     15900    0.38795        1.4    623.442    192.365    366.374    1241.38    659.641    1901.02    2485.06    2670.48    1.03635   -20.1438    33.5449     2180.1    2486.07    2.47518    305.996      0.016    5.61762    4.86448    5.15509    5.03349
     15800   0.419734        1.4    662.269    193.404    361.776    1290.41    688.596    1979.01    2487.83    2674.38    1.03919    -21.577     33.432    2185.23    2490.89    2.46811    301.646      0.016    5.59117    4.80839    5.08763    5.76918
     15700   0.428672        1.4    704.251    194.467    358.458    1339.17    717.639    2056.81    2492.43     2680.8    1.04123   -23.8265    33.3317    2190.03     2495.3    2.46121    298.597      0.016    5.56335    5.15307    5.02353    5.70567
     15600   0.428541        1.4    747.118    195.542    356.248    1388.46    744.857    2133.32     2497.3    2687.51    1.04256   -26.1691    33.2426    2194.67     2499.5    2.45425    296.455      0.016    5.53459    5.09635    5.76284    5.64334
     15500   0.418125        1.4    789.962    196.628    353.275     1436.8    771.759    2208.55    2501.92    2693.79    1.04329    -28.351    33.1631    2199.22    2503.57     2.4473    293.901      0.016    5.50523    5.03954    5.70103    5.58274
     15400   0.471945        1.4    831.828    197.721    349.937    1489.09    798.044    2287.14    2505.82    2699.01    1.04351   -30.2411    33.0921    2203.68    2507.54    2.44046    290.979      0.016    5.47545     5.7846    5.64115    5.52405
     15300   0.551911        1.4    879.103    198.811    348.251    1548.66     826.55    2375.21    2512.56    2708.17    1.04327   -33.1961    33.0283    2208.09    2511.45    2.43345    289.263      0.016    5.44548    5.72872    5.58373    5.46651
     15200   0.611329        1.4    934.353    199.878    347.597    1608.37    854.745    2463.12    2523.06     2722.5    1.04259    -37.406    32.9709    2212.65    2515.59    2.42575    288.509      0.016    5.41546    5.67299    5.52689    5.40911
     15100   0.728107        1.4    995.603    200.907    353.448    1676.47    882.612    2559.08    2535.65    2739.67    1.04155   -42.0247     32.919    2217.58    2520.21     2.4172    292.625      0.016    6.18399     5.6177    5.46775    6.15255
     15000   0.830505        1.4    1068.52    201.881     363.71    1758.13    910.034    2668.16    2553.18    2763.62    1.04019   -47.7164    32.8718    2223.01    2525.52     2.4076    300.809      0.016    6.15007    5.56288    5.41235    6.08828
     14900   0.911826        1.4    1151.65    202.787    371.259    1849.85    935.894    2785.74    2574.15    2792.24    1.03859   -53.7568    32.8288    2229.12    2531.74    2.39673    307.388      0.016    6.11508    5.50876     6.1563    6.01943
     14800   0.871234        1.4    1242.79    203.623    377.322    1952.11    961.549    2913.66    2596.96     2823.3    1.03682   -59.6971    32.7892    2235.99    2538.98    2.38473    312.467      0.016    6.07945    5.45532    6.09307    5.94409
     14700   0.137999        1.4    1329.18    204.352    366.932    2046.04    986.191    3032.23    2614.56    2846.91    1.03499   -63.3649    32.7525    2243.46    2547.07    2.37285    305.296      0.016    6.04355    5.40378    6.02473    5.86427
     14600   0.139789        1.4    1342.98    196.801    294.669    2095.67    1025.23     3120.9    2589.16    2802.68   0.982421   -52.8791    33.7363    2263.06    2581.07    2.50464    220.192      0.016    6.64532    5.53349    6.11621    5.84502
     14500  0.0987485        1.4    1356.92    194.611    266.772    2127.89    1069.97    3197.86    2569.63    2767.92   0.952342   -49.4466    34.6823    2249.21     2567.3    2.52888    194.074      0.016      6.501     5.7195    5.42634    5.89256
     14400  0.0630138        1.4    1366.76    194.714    249.704       2152    1116.61    3268.61    2552.19    2736.63   0.921295   -48.2521    35.5885    2236.98    2552.32    2.54184    179.052      0.016      6.501    5.02652    5.46186    5.96822
     14300  0.0563325        1.4    1373.05    195.597    235.076    2172.79    1160.16    3332.95    2536.54    2708.22   0.888749   -47.9306    36.4418    2225.94    2537.71    2.55383    167.297      0.016      6.501    5.04946    5.46807    6.04787
     14200   0.048766        1.4    1378.68    196.716    222.659     2186.6       1202    3388.59    2523.69    2684.07   0.855582   -48.4488    37.2291    2215.97    2524.12    2.56502    157.488      0.016      6.501    5.02846    5.46475    6.12303
     14100  0.0689545        1.4    1383.58    197.893    216.122    2199.84    1242.44    3442.28     2512.9    2663.21   0.822786   -49.3018    37.9427    2207.14    2511.87    2.57515    151.973      0.016      6.501    5.79206    5.46257    6.19208
     14000          0        1.4     1390.4    199.076    213.172    2203.92    1280.35    3484.26    2505.08    2646.96   0.791155   -50.6128    38.5803    2199.57    2501.16    2.58408    149.511      0.016      6.501    5.75114    5.46414    5.43807
     13900          0        1.4     1390.4    200.264    208.129     2205.1    1320.65    3525.76    2494.98       2628   0.761476    -50.425    39.1438    2192.65    2491.25    2.59262    145.984      0.016      6.501    5.71052    5.46825    5.47887
     13800  0.0216904        1.4    1390.42    201.454    202.189    2212.59    1357.71    3570.31    2486.62    2611.98   0.734057   -50.5599    39.6376    2185.97    2481.68     2.6009    141.607      0.016      6.501    5.67539    5.47822    5.52234
     13700          0        1.4    1392.57    202.627    197.858    2221.05    1396.44    3617.49    2480.69    2599.78   0.708772   -51.3824    40.0676    2180.16    2473.19    2.60842    138.244      0.016      6.501    5.64809    5.49454    5.56733
     13600  0.0150613        1.4    1392.59    203.788    194.429    2222.29    1433.85    3656.15    2474.42    2587.52   0.685692   -51.8246    40.4403    2175.06    2465.59    2.61547    135.651      0.016      6.501    5.62934    5.51658    5.61395
     13500  0.0419623        1.4    1394.12    204.937    197.958    2223.58    1464.75    3688.32    2469.83    2577.96   0.664766   -52.5841    40.7621    2170.47    2458.65    2.62212    137.861      0.016      6.501    5.61902     5.5437     5.6622
     13400          0        1.4    1398.27    206.067    205.596    2224.08    1497.72     3721.8    2467.13    2571.36    0.64578   -53.4664    41.0391     2166.7    2452.74     2.6281    143.625      0.016      6.501    5.61655      5.575    5.71115
     13300   0.220068        1.4    1398.49    207.193    202.385    2224.43    1527.39    3751.82    2462.53    2562.37   0.628736   -53.1454     41.277    2163.25    2447.23    2.63403     142.34      0.016      6.501    5.62116    5.60969    5.76156
     13200   0.250101        1.4    1420.53    210.632    224.113    2242.19    1556.67    3798.86    2463.95    2572.23   0.663355   -57.4659    40.2965    2193.87    2479.62    2.53147    177.849      0.016      6.501    5.60718    5.63979    5.78386
     13100    0.30162        1.4    1445.59    212.766    230.733    2265.97    1579.77    3845.74    2466.86    2583.13   0.697761   -60.4896    39.3976     2202.8    2487.82    2.50299    184.256      0.016      6.501    5.59648    5.66088    5.79172
     13000   0.219171        1.4    1475.67    214.451    236.356    2281.45     1603.8    3885.26    2472.09    2596.29   0.728865   -63.4103    38.5929    2208.33    2492.49    2.48644    189.822      0.016      6.501    5.57646    5.66356    5.78541
     12900    0.37085        1.4    1497.74    215.791    242.395    2311.83    1626.72    3938.56    2472.31    2601.58   0.756472   -63.7596    37.8817    2212.91    2496.42    2.47368    195.401      0.016    6.63608    5.54939    5.65276    5.76811
     12800    0.40765        1.4    1534.86     216.78     248.38    2350.07    1650.82     4000.9    2480.91    2617.84   0.780862   -66.7848    37.2566     2216.9    2500.05    2.46303    200.882      0.016    6.77337    5.51959      5.634    5.74021
     12700   0.315464        1.4    1575.54    217.622    249.916    2382.27     1675.8    4058.07    2490.21    2634.44   0.802407   -69.6987     36.708    2220.99    2503.98    2.45207    202.866      0.016    6.28114    5.48935    5.60854    5.70162
     12600   0.122541        1.4    1606.89    218.545    248.434     2394.9    1702.41    4097.31    2493.34    2641.81   0.821321   -70.2235     36.226    2225.35    2508.15    2.44091    201.997      0.016     6.3668    5.45792    5.57613    5.65765
     12500    0.14586        1.4    1619.17    219.553    247.755    2409.53    1729.84    4139.37    2486.16     2634.3    0.83789   -67.0564    35.8017    2229.45    2511.91    2.43164    201.484      0.016    6.43498    5.42777    5.54019    5.61602
     12400   0.107236        1.4    1633.71    220.638    247.338    2421.64     1755.3    4176.94    2481.81    2630.43   0.852277   -65.2105    35.4274    2232.86    2514.77    2.42395    201.315      0.016    6.48852    6.19921    5.50466    5.57839
     12300   0.206556        1.4    1644.54    221.778    245.632    2444.34    1780.31    4224.65    2476.31    2624.71   0.864642   -63.2316    35.0963    2235.75    2516.94    2.41698     200.15      0.016    6.53008     6.1686    5.47088    5.54378
     12200   0.368397        1.4    1665.35    222.945    242.861    2481.06    1806.67    4287.73    2477.21    2627.72   0.875196   -63.9919    34.8029    2238.29    2518.68    2.41004    197.991      0.016    6.56218    6.13784    5.43996    5.50999
     12100   0.467394        1.4    1702.29    224.088    241.505    2526.26    1835.02    4361.28    2486.71    2642.52   0.884153   -68.1501    34.5423       2241    2520.64    2.40191    196.724      0.016    6.58654     6.1076    5.41281     5.4729
     12000   0.564509        1.4    1749.13    225.183    240.907    2579.64    1859.94    4439.58    2500.14    2662.51   0.891785   -73.6201    34.3104    2244.32     2523.4    2.39235    196.133      0.016    5.80404    6.07837    6.18341     5.4305
     11900    0.61617        1.4    1805.63    226.222    241.106    2637.16    1888.27    4525.43    2516.98    2686.92   0.898338   -80.0008    34.1037    2248.43    2527.16     2.3816    196.119      0.016    5.81439    6.04993    6.14765    6.18629
     11800   0.751029        1.4    1867.38    227.209    241.862    2699.92     1916.1    4616.02    2534.47    2711.91   0.903975   -86.1705    33.9194    2253.35    2531.96       2.37    196.564      0.016    5.81884    6.02152    6.10837    6.13533
     11700   0.318387        1.4    1942.05    228.134    250.377    2774.54    1944.55    4719.09     2556.8    2743.37   0.908814    -93.452    33.7547    2259.05    2537.75    2.35744    202.893      0.016    5.81839    5.99248    6.06417    6.07483
     11600   0.237291        1.4    1973.81    216.633    222.672     2828.1    1985.28    4813.38     2553.7    2731.05   0.869475   -90.3202    34.6333    2255.92    2547.23    2.51376    157.544      0.016    6.62547    6.15434    6.17643    6.06293
     11500   0.133956        1.4    1997.44    212.937    203.378    2872.04    2038.11    4910.15     2547.5    2715.66   0.841364   -89.0719    35.4829    2247.55    2541.61    2.53441     140.85      0.016      6.501    5.55347    5.48942    6.11076
     11400   0.138108        1.4    2010.84    212.521    178.187    2903.27    2093.54    4996.82    2537.73     2695.8   0.812948   -88.2019    36.2999    2240.17    2533.28    2.54265    120.488      0.016      6.501    5.68082    5.54117    6.18411
     11300   0.139773        1.4    2024.65     213.26    166.289    2927.46    2145.76    5073.22     2530.6    2679.93   0.783344   -89.1657    37.0709    2233.11    2523.92     2.5508    109.588      0.016      6.501    5.73872    5.55666    5.44356
     11200  0.0781097        1.4    2038.57    214.363    161.633    2946.45    2196.25     5142.7    2525.23    2666.82   0.753132   -90.6223    37.7829    2226.93     2515.2    2.55863    105.361      0.016      6.501    5.74937    5.55478    5.49237
     11100          0        1.4     2046.3    215.574    153.377    2948.27    2245.57    5193.84    2517.82    2651.18   0.723447   -90.9769    38.4281    2221.08    2506.77    2.56635    99.2812      0.016      6.501    5.73445    5.55013    5.53765
     11000          0        1.4     2046.3    216.834    143.618    2959.25    2293.54    5252.79    2507.83    2632.32   0.695205   -90.3268    39.0042    2214.73     2497.7    2.57449    91.7949      0.016      6.501    5.70909    5.54948    5.58216
     10900          0        1.4     2046.3    218.113    138.158    2960.96    2343.02    5303.99    2499.68    2616.49   0.668659   -90.3491    39.5127    2208.23    2488.46    2.58253    87.2155      0.016      6.501    5.68247    5.55561    5.62733
     10800  0.0432424        1.4    2046.34    219.391     135.05    2970.93    2389.18    5360.11     2492.9    2603.02   0.643869   -90.6969    39.9577    2202.29    2479.91       2.59    84.6982      0.016      6.501    5.65966    5.56879    5.67329
     10700  0.0274204        1.4    2050.65    220.649    130.896    2979.17    2434.76    5413.93    2489.41    2594.53   0.620884   -92.0466    40.3448    2197.35     2472.6    2.59653    81.5722      0.016      6.501    5.64308    5.58821    5.71937
     10600 0.00865272        1.4    2053.37    221.891    126.304    2983.05    2479.77    5462.82    2485.43    2585.71   0.599835   -93.1067    40.6796    2193.26    2466.34    2.60246     77.988      0.016      6.501    5.63359    5.61267    5.76583
     10500  0.0143481        1.4    2054.24    223.133    123.563    2986.66    2524.13    5510.79    2480.94     2576.5   0.580813   -93.8992    40.9683    2189.37    2460.35     2.6083    75.6733      0.016      6.501    5.63117    5.64147     5.0119
     10400  0.0140752        1.4    2055.68    224.374    121.868    2989.63    2565.96    5555.59    2477.33    2568.81    0.56367   -94.8742    41.2164    2185.69    2454.63    2.61397     74.273      0.016      6.501    5.63535    5.67211      5.048
     10300  0.0622418        1.4    2057.13    225.608    120.775    2999.21    2605.25    5604.47    2474.11    2561.94   0.548226   -95.8464    41.4292    2182.38    2449.36    2.61939    73.3653      0.016      6.501    5.64544     5.7044    5.08748
     10200  0.0470193        1.4    2063.34    226.819    119.497    3007.84    2644.13    5651.97    2473.71    2559.25   0.534247   -97.6975    41.6113    2179.75    2444.96    2.62415    72.3987      0.016      6.501    5.66073    5.73915    5.12855
     10100          0        1.4       2068     228.01    117.122    3015.53    2679.82    5695.35    2472.25    2555.24    0.52166   -99.0528    41.7671     2177.7    2441.27    2.62856    70.5448      0.016      6.501    5.68055    5.77592    5.17055
     10000          0        1.4       2068     229.21    114.467    3016.76    2714.61    5731.38    2468.33    2547.96   0.510478   -99.4876    41.9003    2175.33    2437.21    2.63338    68.4724      0.016      6.501     5.7043    5.01258    4.81274
      9900  0.0496657        1.4    2068.05    230.416    111.667    3026.29     2748.5    5774.79    2464.93    2541.58    0.50049   -100.141     42.014    2172.61    2432.74    2.63845    66.2787      0.016      6.501    5.73128    5.04064    4.84468
      9800  0.0393782        1.4       2073    231.595    108.659    3034.58    2780.65    5815.23    2464.49    2539.51   0.491381   -101.901    42.1111     2170.4    2428.93    2.64295    63.8881      0.016      6.501    5.76072    5.07159    4.87812
      9700   0.091685        1.4    2076.99    232.748    105.516    3049.84    2811.08    5860.92    2463.33    2536.53   0.483095   -103.397    42.1939    2168.75     2425.8    2.64705     61.359      0.016      6.501    5.79232    5.10512    4.91299
      9600   0.212342        1.4    2086.28     233.87    102.202    3065.46    2839.85    5905.31    2464.96    2537.54   0.475542    -105.91    42.2647    2167.59    2423.31     2.6506    58.6557      0.016      6.501    5.01998     5.1403    4.94835
      9500  0.0624612        1.4    2107.37    234.917    98.5849    3076.24       2867    5943.24     2472.3    2546.57   0.468492    -110.43    42.3252    2167.99    2422.74     2.6526    55.6299      0.016      6.501     5.0429    5.17557     4.9807
      9400          0        1.4    2113.55    235.943    95.8862    3082.62    2896.26    5978.88    2470.16    2542.34   0.462305   -111.449    42.3768    2168.36    2422.16    2.65511    53.2589      0.016      6.501    5.06944    4.80862    4.61076
      9300          0        1.4    2113.55    237.006    93.8413    3088.33    2923.05    6011.38    2465.12    2534.14   0.457052    -111.43     42.421     2166.8    2419.28    2.65921    51.5078      0.016      6.501     5.0984    4.83172    4.63291
      9200          0        1.4    2113.55    238.083    92.1373    3093.03    2948.67     6041.7    2460.89    2527.22   0.452275   -111.753    42.4588     2164.4     2415.4    2.66379    50.0647      0.016      6.501    5.12868    4.85608    4.65876
      9100  0.0157355        1.4    2113.57    239.156    90.6419    3096.41    2971.52    6067.92    2457.23     2521.2   0.447747   -112.313    42.4911    2161.97    2411.49    2.66828     48.801      0.016      6.501    5.15999    4.88428    4.68834
      9000   0.137742        1.4    2115.26     240.22    89.2773    3101.95     2990.6    6092.54    2454.89    2517.12   0.443407   -113.351    42.5188    2159.79     2407.9    2.67248    47.6436      0.016      6.501    5.19235    4.91532    4.72052
      8900          0        1.4     2128.9    241.231    87.8531    3107.26    3010.01    6117.28    2459.05    2522.16   0.439098   -116.671    42.5426    2158.92    2405.92    2.67526    46.3926      0.016      6.501    4.81985    4.94795    4.75166
      8800   0.131752        1.4    2129.03    242.228    86.6373    3113.42    3028.31    6141.73    2455.02    2515.72   0.435167   -116.931    42.5629     2158.2    2404.12     2.6784    45.3225      0.016    6.50782    4.84112    4.98064    4.78372
      8700   0.123751        1.4     2142.2    243.196    85.3971    3126.93    3045.52    6172.45    2458.55    2519.89   0.431485   -119.858    42.5804     2157.4    2402.28    2.68114    44.2258      0.016    6.53894    4.86583     4.6117     4.4127
      8600   0.118125        1.4    2154.57     244.11    84.1595    3145.43    3061.95    6207.38    2460.78    2522.24   0.427956   -122.197    42.5954    2157.66    2401.74    2.68303    43.1032      0.016    6.56926    4.89288    4.63197    4.42882
      8500   0.112693        1.4    2166.37    244.987    82.9897    3157.52    3077.67    6235.18    2462.23    2523.49   0.424775   -124.139    42.6083    2157.96    2401.28     2.6849    42.0368      0.016     6.5984    4.92102    4.65157    4.44446
      8400   0.110762        1.4    2177.64     245.84    82.3506     3172.9    3093.13    6266.03    2463.06     2523.9   0.421894   -125.773    42.6195    2158.09    2400.65    2.68683    41.3678      0.016    6.62632    4.94961    4.67249    4.46122
      8300  0.0817802        1.4    2188.69    246.678    82.0576    3176.69    3104.75    6281.45    2463.55    2523.87   0.419236   -127.202     42.629    2158.06    2399.85    2.68881    41.0117      0.016     6.6532    4.97839    4.69425    4.47935
      8200  0.0796815        1.4    2196.86    247.516    82.0459     3184.8    3116.11    6300.91    2462.37     2521.5   0.416776    -127.96    42.6372    2157.68    2398.65    2.69108    40.9107      0.016    6.67926    4.60634    4.71681    4.49942
      8100  0.0776868        1.4    2204.83    248.355    82.2676    3189.73     3127.2    6316.93    2461.21    2519.22   0.414441   -128.674    42.6443    2156.94    2397.01    2.69357    41.0266      0.016    6.70474    4.62427    4.74027    4.52158
      8000  0.0735449        1.4     2212.6    249.181    82.6713    3202.54    3137.75    6340.29    2460.06    2516.96   0.412159    -129.33    42.6505    2156.08    2395.27    2.69607    41.3095      0.016    6.72974    4.63994    4.76438    4.54527
      7900  0.0694573        1.4    2219.95    249.995    83.3059    3206.13    3147.75    6353.88    2458.77    2514.56    0.40992   -129.876    42.6557    2155.18    2393.48    2.69854     41.792      0.016    6.75434    4.65855    4.78904    4.57018
      7800  0.0610934        1.4    2226.88    250.802    84.1259    3211.97    3156.65    6368.62    2457.38    2512.03   0.407718    -130.31    42.6603    2154.22    2391.63    2.70101    42.4477      0.016    6.77865    4.67919    4.41224    4.59603
      7700  0.0603258        1.4    2232.99    251.605    85.1235    3220.03    3165.45    6385.47    2455.68    2509.09   0.405562   -130.556    42.6642    2153.19    2389.71    2.70352    43.2668      0.016    6.20255    4.70116    4.42983    4.21585
      7600  0.0521634        1.4    2239.02    252.397    86.3005    3225.95    3173.15    6399.09    2454.15    2506.43   0.403464   -130.768    42.6676    2152.12    2387.77      2.706    44.2512      0.016     6.2244    4.72381    4.44589    4.22933
      7500  0.0442522        1.4    2244.22    253.176    87.6319    3226.52     3179.8    6406.32    2452.35    2503.43   0.401423   -130.792    42.6706    2151.05    2385.83    2.70847    45.3806      0.016    6.24571    4.74679    4.46364    4.24522
      7400  0.0363717        1.4    2248.64    253.949    88.0129    3229.21     3185.4    6414.61    2450.35    2500.18   0.399435   -130.672    42.6731     2149.9    2383.81    2.71096    45.8507      0.016    6.26669    4.77001    4.48286    4.26346
      7300  0.0435146        1.4    2252.29    254.718    87.8671    3233.29    3191.96    6425.24    2448.19    2496.72   0.397485    -130.48    42.6753    2148.66    2381.69    2.71351    45.8572      0.016    6.28746    4.79344    4.50343     4.2838
      7200  0.0507555        1.4    2256.65    255.483    87.4302    3241.06    3199.47    6440.54    2446.67    2494.18   0.395543   -130.525    42.6772    2147.46    2379.62    2.71597    45.6198      0.016    6.30813    4.41319    4.52518    4.30563
      7100  0.0400372        1.4    2261.71     256.23    86.7826    3249.58    3205.54    6455.12    2445.65    2492.35   0.393601   -130.757    42.6788    2146.44     2377.8    2.71824    45.1979      0.016    6.32868    4.42573    4.54761    4.32828
      7000          0        1.4    2265.67     256.96    86.0001    3250.47    3206.18    6456.66    2444.09    2489.76   0.391703   -130.802    42.6803    2145.48    2376.05    2.72047    44.6569      0.016    6.34894    4.43827    4.57028    4.35165
      6900          0        1.4    2265.67    257.691    85.1844    3251.35    3206.59    6457.94    2440.58    2484.45   0.389898   -130.176    42.6815    2144.14    2373.86    2.72308    44.0944      0.016     6.3689    4.45359    4.59338    4.37668
      6800  0.0279961        1.4     2265.7    258.431    84.3233    3252.33    3211.06    6463.39    2437.59    2479.91    0.38812   -129.786    42.6826    2142.44    2371.25     2.7259    43.4996      0.016    6.38881    4.47089     4.2146    4.00304
      6700   0.016747        1.4    2268.49    259.158    83.3768    3253.78       3214    6467.78    2436.45    2477.97   0.386285   -130.083    42.6835    2141.02    2368.98    2.72838    42.8183      0.016    6.40878    4.48951    4.23086    4.02021
      6600          0        1.4    2270.15    259.864    82.4054    3254.53    3214.47       6469    2434.76    2475.28   0.384478   -130.177    42.6843     2139.9    2367.08    2.73065    42.1031      0.016    6.42865    4.50889    4.24609    4.03447
      6500          0        1.4    2270.15     260.56    81.4303    3258.21    3215.01    6473.22    2432.36    2471.63   0.382761   -130.022     42.685    2138.67    2365.07    2.73304     41.383      0.016     6.4483    4.52872    4.26299    4.05084
      6400          0        1.4    2270.15    261.252    80.7599    3262.52    3215.06    6477.58    2430.28    2468.42   0.381096   -129.985    42.6856    2137.35    2362.95    2.73547    40.8829      0.016    6.46779    4.54893    4.28129    4.06913
      6300 0.00252161        1.4    2270.15    261.938    80.2595     3266.1    3216.07    6482.17    2428.43    2465.55   0.379451   -130.022    42.6861    2136.07     2360.9    2.73782    40.5324      0.016    6.48722     4.5695    4.30074    4.08885
      6200 0.00382431        1.4     2270.4    262.618    79.8557    3270.43    3217.25    6487.69    2426.89    2463.13   0.377825   -130.153    42.6866    2134.89    2358.97    2.74008    40.2588      0.016    6.50662    4.59042     4.3211    4.10958
      6100 0.00519288        1.4    2270.79    263.292     79.536    3275.54    3218.61    6494.15    2425.55    2460.98   0.376224   -130.328     42.687    2133.81    2357.16    2.74226    40.0536      0.016    6.52611    4.20958    4.34214    4.13102
      6000 0.00667082        1.4    2271.31    263.957    79.2719     3281.4    3220.15    6501.55    2424.37    2459.05   0.374654   -130.531    42.6873    2132.82    2355.46    2.74436    39.8936      0.016    6.54593    4.22226    4.36358    4.15296
      5900          0        1.4    2271.97    264.607    79.0518    3285.41    3221.06    6506.47    2423.33    2457.31   0.373122   -130.752    42.6876    2131.89    2353.86    2.74639    39.7687      0.016    6.56582    4.23287     4.3851    4.17519
      5800          0        1.4    2271.97    265.245    78.8787    3287.56    3221.32    6508.87    2421.98    2455.13   0.371638   -130.833    42.6879    2130.96    2352.26    2.74842    39.6843      0.016    6.58562    4.24576      4.006    4.19772
      5700          0        1.4    2271.97    265.875    78.7432    3295.25    3221.34    6516.59    2420.74    2453.11   0.370199   -130.928    42.6881       2130    2350.64    2.75044    39.6333      0.016    5.80483    4.26076    4.02209    3.81493
      5600          0        1.4    2271.97    266.493    78.6392    3304.75    3221.68    6526.43     2419.6    2451.25   0.368813   -131.028    42.6883    2129.09    2349.09    2.75241    39.6089      0.016    5.82207    4.27699    4.03471    3.82642
      5500          0        1.4    2271.97    267.091    78.5636     3305.1    3222.37    6527.47    2418.56    2449.53   0.367483   -131.127    42.6885    2128.24    2347.62     2.7543    39.6075      0.016     5.8385    4.29384    4.04782    3.83878
      5400          0        1.4    2271.97    267.673    77.7642    3305.48    3223.62     6529.1    2417.59    2447.93   0.366203   -131.236    42.6886    2127.44    2346.23    2.75612    39.0718      0.016    5.85432    4.31101    4.06221    3.85226
      5300          0        1.4    2271.97    268.241    76.5283    3313.49    3225.41     6538.9    2416.68    2446.42   0.364968   -131.392    42.6887    2126.67    2344.89    2.75788      38.14      0.016    5.86967    4.32837     4.0774    3.86669
      5200  0.0033785        1.4    2271.97    268.799    75.0507    3317.73    3226.41    6544.15    2415.82    2444.98   0.363775   -131.608    42.6888    2125.93     2343.6     2.7596    36.9926      0.016    5.88464    4.34585    4.09316    3.88191
      5100          0        1.4    2272.31    269.347    73.4115    3326.57    3226.56    6553.13    2415.18    2443.85   0.362614    -131.95    42.6889    2125.25    2342.37    2.76124    35.6969      0.016    5.89932    4.36339    4.10934    3.89766
      5000          0        1.4    2272.31    269.887    71.6348    3341.74    3227.85    6569.59    2414.36    2442.47   0.361489   -132.278     42.689    2124.58    2341.18    2.76287    34.2742      0.016    5.91375    4.38095    4.12579    3.91388
      4900          0        1.4    2272.31    270.421    69.7737    3358.42    3228.27    6586.68    2413.58    2441.14   0.360397   -132.674    42.6891     2123.9    2339.97    2.76449    32.7665      0.016    5.92797     4.3985    4.14249    3.93053
      4800          0        1.4    2272.31     270.95    67.8301    3370.97    3228.47    6599.43    2412.83    2439.85   0.359329   -133.135    42.6891    2123.23    2338.78     2.7661    31.1792      0.016    5.94202    4.01246    4.15936    3.94751
      4700          0        1.4    2272.31    271.469    65.8237    3377.67     3228.5    6606.17     2412.1    2438.59   0.358282    -133.66    42.6892    2122.56    2337.61    2.76768    29.5248      0.016    5.95587    4.02234    4.17623    3.96471
      4600          0        1.4    2272.31    271.973    63.7862    3393.28    3230.67    6623.95    2411.39    2437.37   0.357257   -134.244    42.6892     2121.9    2336.46    2.76923    27.8322      0.016    5.96945     4.0307    4.19295    3.98203
      4500          0        1.4    2272.31    272.463    61.6981    3410.75    3234.04    6644.79     2410.7    2436.16   0.356254   -134.885    42.6893    2121.26    2335.34    2.77073    26.0855      0.016    5.98273    4.03935    3.80835     3.9993
      4400          0        1.4    2272.31    272.939     59.946    3428.94    3235.87    6664.81    2410.03    2434.99   0.355278   -135.575    42.6893    2120.64    2334.25     2.7722     24.573      0.016    5.99568    4.04972    3.82043    3.61203
      4300          0        1.4    2272.31    273.398    58.3804    3444.82    3237.77     6682.6    2409.39    2433.88   0.354344   -136.291    42.6894    2120.05    2333.22    2.77361    23.2218      0.016    6.00828     4.0611    3.83011    3.61993
      4200          0        1.4    2272.31    273.841    56.9147    3465.28    3239.41    6704.69    2408.79    2432.84   0.353457   -137.025    42.6894    2119.49    2332.24    2.77496    21.9477      0.016     6.0205      4.073    3.83854    3.62759
      4100          0        1.4    2272.31    274.268    55.5297    3489.85    3241.98    6731.83    2408.22    2431.85   0.352612   -137.771    42.6894    2118.97    2331.31    2.77625    20.7367      0.016    6.03232    4.08511    3.84727    3.63593
      4000          0        1.4    2272.31    274.681    54.1929    3514.94    3243.36    6758.31    2407.67    2430.91   0.351805   -138.528    42.6894    2118.48    2330.42    2.77749    19.5629      0.016    6.04377    4.09731    3.85697    3.64493
      3900          0        1.4    2272.31    275.084    52.8883    3542.93    3243.55    6786.48    2407.15    2430.01   0.351029   -139.294    42.6894       2118    2329.57     2.7787    18.4133      0.016    6.05488    4.10954    3.86725    3.65455
      3800          0        1.4    2272.31    275.479    51.6049    3569.54    3245.58    6815.12    2406.65    2429.13   0.350281   -140.069    42.6895    2117.53    2328.73    2.77988    17.2794      0.016    6.06572    4.12179    3.87793     3.6647
      3700          0        1.4    2272.31    275.867    49.7407    3600.41    3248.12    6848.53    2406.16    2428.28   0.349557   -140.856    42.6895    2117.07    2327.91    2.78103    15.7505      0.016    6.07632    4.13401     3.8889    3.67527
      3600          0        1.4    2272.31    276.249    46.2986    3628.96    3251.17    6880.12    2405.68    2427.45   0.348853   -141.727    42.6895    2116.62     2327.1    2.78217    12.8947      0.016    6.08673    4.14618    3.90007    3.68618
      3500          0        1.4    2272.31    276.627    42.1706    3656.79    3252.79    6909.58    2405.21    2426.63   0.348167   -142.739    42.6895    2116.18    2326.31    2.78328    9.43606      0.016    6.09697    4.15831     3.9114    3.69736
      3400          0        1.4    2272.31        277    37.7923    3680.73    3255.79    6936.52    2404.76    2425.82   0.347495   -143.907    42.6895    2115.74    2325.52    2.78439    5.71651      0.016    6.10707    4.17037    3.92285    3.70875
      3300          0        1.4    2272.31     277.37    33.1655     3695.4    3258.81    6954.21     2404.3    2425.03   0.346836   -145.227    42.6895    2115.31    2324.74    2.78548    1.77058      0.016    6.11724    4.18237    3.93439    3.72029
      3200          0        1.4    2272.31    277.737    28.8813    3711.39    3261.85    6973.24    2403.85    2424.24   0.346189   -146.695    42.6895    2114.87    2323.97    2.78657   -2.00582      0.016    6.12768    4.19432      3.946    3.73196
      3100          0        1.4    2272.31    278.103    25.9471    3725.89     3265.3    6991.19    2403.41    2423.46    0.34555   -148.238    42.6895    2114.44    2323.21    2.78764    -4.6718      0.016    6.13827    3.80543    3.95771    3.74374
      3000          0        1.4    2272.31    278.467    23.4948     3743.5    3269.17    7012.67    2402.97    2422.68    0.34492   -149.801    42.6895    2114.02    2322.44    2.78871   -6.93273      0.016    6.14892    3.81363    3.96945    3.75561
      2900          0        1.4    2272.31    278.826    21.3843    3761.63     3272.5    7034.13    2402.54    2421.91   0.344298    -151.36    42.6895    2113.59    2321.69    2.78977   -8.90796      0.016    6.15955    3.82048    3.98113    3.76753
      2800          0        1.4    2272.31    279.179    19.5153    3780.23    3276.38    7056.61    2402.11    2421.14   0.343684   -152.904    42.6895    2113.17    2320.94    2.79081   -10.6773      0.016     6.1701    3.82679    3.99272    3.77945
      2700          0        1.4    2272.31    279.525    17.6446    3791.93       3277    7068.93    2401.68    2420.39   0.343078   -154.427    42.6895    2112.75    2320.21    2.79183   -12.4165      0.016    6.18053    3.83294    3.60387    3.79134
      2600          0        1.4    2272.31    279.865    15.4327    3794.53    3282.97    7077.49    2401.25    2419.63    0.34248   -155.947    42.6895    2112.34    2319.49    2.79284    -14.439      0.016    6.19082    3.83907     3.6133    3.40265
      2500          0        1.4    2272.31    280.196     13.119    3809.57    3285.26    7094.83    2400.84     2418.9   0.341897   -157.481    42.6895    2111.95    2318.78    2.79382   -16.5504      0.016    5.40085    3.84522    3.62151    3.41031
      2400          0        1.4    2272.31    280.518    10.7775    3826.64    3288.18    7114.82    2400.44     2418.2   0.341339   -159.032    42.6895    2111.56    2318.11    2.79477   -18.6923      0.016     5.4096    3.85186    3.62848    3.41556
      2300          0        1.4    2272.31    280.827    8.41023    3841.78    3291.86    7133.64    2400.07    2417.54   0.340809   -160.601    42.6895     2111.2    2317.47    2.79569   -20.8582      0.016    5.41774    3.85921    3.63455    3.41968
      2200          0        1.4    2272.31    281.125    6.18223    3850.46    3296.28    7146.74    2399.71    2416.92   0.340306   -162.186    42.6895    2110.86    2316.86    2.79657   -22.9365      0.016    5.42542    3.86692    3.64021    3.42428
      2100          0        1.4    2272.31     281.41    4.37231    3866.35    3300.89    7167.24    2399.37    2416.32   0.339826   -163.769    42.6895    2110.54    2316.28    2.79742   -24.6663      0.016    5.43272    3.87478     3.6459    3.42947
      2000          0        1.4    2272.31    281.686    2.73526    3882.18    3305.68    7187.86    2399.04    2415.75   0.339366   -165.333    42.6896    2110.24    2315.73    2.79823   -26.2473      0.016    5.43971    3.88268     3.6517    3.43505
      1900          0        1.4    2272.31    281.953    1.23008    3897.29     3310.1    7207.39    2398.73     2415.2   0.338926   -166.872    42.6896    2109.94     2315.2    2.79903   -27.7144      0.016    5.44642    3.89054    3.65764    3.44091
      1800          0        1.4    2272.31    282.212  -0.173109    3913.49    3314.64    7228.13    2398.42    2414.67   0.338503   -168.383    42.6896    2109.65    2314.68    2.79979   -29.0914      0.016     5.4529    3.89833     3.6637    3.44697
      1700          0        1.4    2272.31    282.464   -1.59212    3931.09    3318.48    7249.57    2398.12    2414.15   0.338094   -169.865    42.6896    2109.37    2314.18    2.80054   -30.4619      0.016    5.45918    3.90603    3.66986    3.45318
      1600          0        1.4    2272.31     282.71   -3.20478       3946     3320.9    7266.91    2397.83    2413.64     0.3377   -171.327    42.6896     2109.1    2313.68    2.80128   -31.9912      0.016    5.46528    3.91363    3.67619    3.45953
      1500          0        1.4    2272.31    282.951   -4.87195    3960.58    3325.31    7285.88    2397.55    2413.15   0.337318    -172.78    42.6896    2108.83     2313.2      2.802   -33.5657      0.016    5.47123    3.92113    3.68278    3.46602
      1400          0        1.4    2272.31    283.189   -6.57999    3975.74    3331.55    7307.29    2397.27    2412.66   0.336947   -174.226    42.6896    2108.56    2312.72    2.80271   -35.1732      0.016    5.47705    3.92854    3.68952    3.47265
      1300          0        1.4    2272.31    283.422   -8.31297    3987.21    3337.23    7324.44       2397    2412.18   0.336585   -175.668    42.6896     2108.3    2312.25    2.80341   -36.8016      0.016    5.48276    3.93586    3.69633    3.47941
      1200          0        1.4    2272.31    283.652   -9.77166    3987.42    3342.37    7329.79    2396.73     2411.7   0.336232   -177.103    42.6896    2108.04    2311.78     2.8041   -38.2437      0.016    5.48838    3.94309     3.7032    3.48627
      1100          0        1.4    2272.31     283.88   -10.4628    3990.39    3347.04    7337.43    2396.46    2411.23   0.335886   -178.499    42.6896    2107.78    2311.32    2.80478   -39.0381      0.016    5.49391    3.95025    3.71009    3.49319
      1000          0        1.4    2272.31    284.104   -10.8205    3995.57    3351.38    7346.95    2396.19    2410.76   0.335546   -179.825    42.6896    2107.52    2310.86    2.80545   -39.5393      0.016    5.49937    3.95734    3.71699    3.50017
       900          0        1.4    2272.31    284.327   -10.8193    4000.44    3356.06     7356.5    2395.93     2410.3   0.335212   -181.071    42.6896    2107.26    2310.41    2.80612   -39.7355      0.016    5.50477    3.96435    3.72389    3.50717
       800          0        1.4    2272.31    284.547   -10.5492    4004.18    3357.28    7361.46    2395.67    2409.84   0.334884   -182.226    42.6896    2107.01    2309.96    2.80678   -39.6876      0.016     5.5101    3.97129    3.73079     3.5142
       700          0        1.4    2272.31    284.764   -9.95851    4010.24    3357.98    7368.22    2395.41    2409.38    0.33456   -183.283    42.6896    2106.75    2309.51    2.80744   -39.3719      0.016    5.51538    3.97817    3.73767    3.52122
       600          0        1.4    2272.31     284.98   -8.89131    4013.94    3361.79    7375.72    2395.16    2408.93   0.334241   -184.227    42.6896     2106.5    2309.07    2.80809   -38.6388      0.016    5.52061    3.98498    3.74453    3.52825
       500          0        1.4    2272.31    285.194   -7.53689    4017.98    3366.34    7384.32     2394.9    2408.48   0.333926   -185.047    42.6896    2106.26    2308.63    2.80873   -37.6436      0.016    5.52579    3.99174    3.75136    3.53526
       400          0        1.4    2272.31    285.406   -5.86946     4034.3    3369.02    7403.32    2394.65    2408.04   0.333616   -185.736    42.6896    2106.01     2308.2    2.80937   -36.3713      0.016    5.53092    3.99844    3.75817    3.54226
       300          0        1.4    2272.31    285.617   -3.94667    4039.78    3376.91    7416.69     2394.4    2407.59   0.333309    -186.29    42.6896    2105.76    2307.77       2.81   -34.8607      0.016    5.53601    3.60438    3.76494    3.54924
       200          0        1.4    2272.31    285.824    -1.5387    4051.92    3385.44    7437.36    2394.15    2407.15   0.333006   -186.705    42.6896    2105.52    2307.34    2.81063   -32.9616      0.016    5.54104    3.60907    3.77165    3.55618
       100          0        1.4    2272.31    286.027    1.78793    4054.79    3390.01     7444.8     2393.9    2406.72   0.332707   -186.946    42.6896    2105.28    2306.92    2.81125   -30.2659      0.016      5.546    3.61319    3.77825    3.56308
         0          0        1.4    2272.31    286.226    5.61126    4070.82    3394.78     7465.6    2393.66    2406.29   0.332413   -186.987    42.6896    2105.04    2306.51    2.81186   -27.1194      0.016    5.55087    3.61703    3.78475    3.56991