      20000           0         0.4           0     179.437     415.631      17.399     14.2831      31.682     2343.43     2426.93    0.785391     51.8336     39.9574     2049.96      2345.7     2.72671     328.445       0.016     5.73044     4.59858     4.35318     4.39114
      19900           0         0.4           0     179.437      414.68     28.2793     29.7361     58.0154     2343.43     2426.93    0.785563     51.7019     39.9574     2049.96      2345.7     2.72686     327.608       0.016     5.73044     4.59858     4.35318     4.39114
      19800           0         0.4           0     179.437     414.027     44.2321     46.3592     90.5912     2343.43     2426.93    0.785735     51.5707     39.9574     2049.96      2345.7     2.72701     326.992       0.016     5.73044     4.59858     4.35318     4.39114
      19700           0         0.4           0     179.437     413.765     53.1471     60.5222     113.669     2343.43     2426.93    0.785907     51.4563     39.9574     2049.96      2345.7     2.72716      326.68       0.016     5.73044     4.59858     4.35318     4.39114
      19600   0.0414251         0.4   0.0414251     179.437     413.802     62.7691     72.5053     135.274     2343.45     2426.94    0.786079     51.3637     39.9574     2049.96      2345.7     2.72731     326.622       0.016     5.73044     4.59858     4.35318     4.39114
      19500           0         0.4     4.14251     179.486     411.928     64.9206     81.9693      146.89      2345.6     2427.81    0.786217      50.327     39.9574     2050.11     2345.82     2.72781     325.314       0.016     5.73045     4.59859     4.35338     4.39242
      19400           0         0.4     4.14251     179.544     409.011     76.4492      93.945     170.394     2345.12     2427.64    0.786371     50.3925     39.9574      2050.3     2345.96     2.72833     323.123       0.016      5.7305     4.59865     4.35414     4.39408
      19300           0         0.4     4.14251     179.573     406.357     86.3921     105.922     192.314     2344.78     2427.52    0.786541     50.2928     39.9574     2050.34     2345.97     2.72857     321.017       0.016     5.73065     4.59882     4.35494     4.39495
      19200           0         0.4     4.14251     179.587     403.722     87.8696     117.916     205.785     2344.52     2427.43    0.786696     50.0639     39.9574     2050.34     2345.95     2.72875     318.934       0.016     5.73087     4.59908     4.35557     4.39541
      19100 0.000794683         0.4      4.1433     179.594     402.818     87.8878     129.412     217.299     2344.34     2427.35    0.786843     49.7502     39.9574     2050.33     2345.93     2.72891     317.977       0.016     5.73114      4.5994     4.35602     4.39562
      19000           0         0.4     4.22198     179.598     402.953     88.5408     141.714     230.255     2344.24     2427.31    0.786986     49.4276     39.9574     2050.32     2345.92     2.72907     317.894       0.016     5.73143     4.59975     4.35633     4.39573
      18900           0         0.4     4.22198     179.599     401.275     90.2161     154.824     245.041     2344.12     2427.26     0.78713     49.1414     39.9574     2050.32      2345.9     2.72923      316.69       0.016     5.73172     4.20007     4.35654     4.39576
      18800           0         0.4     4.22198     179.599     398.593     99.8635     165.195     265.059     2344.03     2427.23    0.787279      48.779     39.9574      2050.3     2345.89     2.72938      314.61       0.016       5.732     4.20029     4.35669     4.39573
      18700           0         0.4     4.22198     179.598     396.739     121.104     176.868     297.972     2343.96     2427.19     0.78743     48.3303     39.9574     2050.29     2345.88     2.72953     312.999       0.016     5.73226     4.20043     4.35678     4.39566
      18600           0         0.4     4.22198     179.595     395.289     155.625     191.172     346.798      2343.9     2427.17    0.787586     47.8439     39.9574     2050.28     2345.87     2.72967     311.743       0.016     5.73249     4.20053     4.35682     4.39558
      18500           0         0.4     4.22198     179.593     393.896     197.669     199.699     397.368     2343.86     2427.15    0.787744     47.3356     39.9574     2050.27     2345.86     2.72981     310.544       0.016      5.7327     4.20059     4.35683      4.3955
      18400           0         0.4     4.22198      179.59     392.566     206.453     207.779     414.232     2343.83     2427.13    0.787905     46.8089     39.9574     2050.26     2345.85     2.72995     309.385       0.016     5.73288     4.20064     4.35682      4.3954
      18300           0         0.4     4.22198     179.588      389.46     210.182     216.211     426.394      2343.8     2427.12    0.788069      46.238     39.9574     2050.26     2345.85     2.73009     307.044       0.016     5.73302     4.20066     4.35679     4.39531
      18200           0         0.4     4.22198     179.585     385.256     235.227     224.646     459.873     2343.78     2427.11    0.788235     45.5402     39.9574     2050.25     2345.85     2.73023     303.762       0.016     5.73315     4.20068     4.35675     4.39522
      18100           0         0.4     4.22198     179.583     381.673     284.314     232.557      516.87     2343.76      2427.1    0.788402      44.701     39.9574     2050.25     2345.84     2.73037     300.776       0.016     5.73324     4.20069     4.35671     4.39513
      18000           0         0.4     4.22198      179.58     378.324      328.85      241.03     569.879     2343.75     2427.09     0.78857      43.763     39.9574     2050.24     2345.84      2.7305     297.992       0.016     5.73332     4.20069     4.35666     4.39505
      17900           0         0.4     4.22198     179.578     377.368     366.022     250.921     616.943     2343.74     2427.09     0.78874     42.7793     39.9574     2050.24     2345.84     2.73064     296.793       0.016     5.73338     4.20068     4.35661     4.39497
      17800           0         0.4     4.22198     179.576     377.887     401.275     261.675     662.951     2343.73     2427.08    0.788909     41.8681     39.9574     2050.24     2345.84     2.73078     296.834       0.016     5.73342     4.20067     4.35656     4.39489
      17700           0         0.4     4.22198     179.574     375.986     436.079     271.821       707.9     2343.72     2427.08     0.78908     41.0297     39.9574     2050.23     2345.84     2.73091       295.4       0.016     5.73345     4.20066     4.35651     4.39482
      17600           0         0.4     4.22198     179.572     372.767     459.992     285.974     745.966     2343.72     2427.08    0.789251     40.1388     39.9574     2050.23     2345.84     2.73105     292.821       0.016     5.73347     4.20065     4.35646     4.39475
      17500      0.2033         0.4     4.42528     179.571     372.841     467.871     299.788     767.659     2343.83     2427.13    0.789422     39.1583     39.9574     2050.23     2345.84     2.73119     292.341       0.016     5.73347     4.20064      4.3564     4.39468
      17400    0.325513         0.4     24.8775     182.402     404.745     497.106     309.169     806.275     2349.17     2431.85    0.816984     32.6192     39.0482      2090.7     2390.97     2.64429     339.827       0.016     5.72413      4.5943      4.3567     4.00297
      17300    0.291182         0.4     57.3944     183.676     414.042     526.507     318.216     844.724     2360.43      2439.3    0.848483     25.7269     38.2531     2100.65      2401.3     2.62732     347.948       0.016     5.72115     4.58658     4.35224     4.00963
      17200    0.328894         0.4     86.5503     184.809     419.267     562.845     330.493     893.337     2367.98     2445.35    0.877259     21.3637     37.5586     2106.57     2406.94     2.62168     352.398       0.016     5.72526     4.57869      4.3478     4.01489
      17100     0.47127         0.4     119.582      186.08      422.05     617.745     343.043     960.787     2376.47     2451.72    0.902755     17.1303     36.9519      2111.8     2411.55      2.6184     354.838       0.016     5.73462     4.57021     4.34327     4.01869
      17000    0.382475         0.4      166.62     187.675     422.894     667.899     357.467     1025.37     2391.19      2460.5    0.925171     10.6068      36.422     2116.99      2415.7     2.61677     355.731       0.016     5.74734     4.56063     4.33909     4.02635
      16900    0.275122         0.4      204.76     189.549     417.684     709.053     371.543      1080.6      2398.7     2466.33    0.944857     7.31135     35.9588     2122.24     2419.54     2.61638     352.077       0.016     5.76211     4.54987     4.33662     4.03629
      16800     0.25128         0.4     232.249     191.508     408.545     748.267     385.225     1133.49     2399.61     2469.37    0.962031     6.62335     35.5537     2127.23        2423     2.61576     344.861       0.016     5.77805     4.53822     4.33408     4.04126
      16700    0.247539         0.4     257.373     193.481     398.232     787.769     399.635      1187.4     2399.66     2471.87    0.976857     5.96739      35.199     2131.83     2425.99     2.61464     336.433       0.016     5.79451     4.52583     4.32901     4.03939
      16600    0.309253         0.4     282.189      195.48     386.826     823.565     417.305     1240.87     2400.05     2474.27    0.989556     4.80172     34.8882     2136.09     2428.56     2.61342     327.076       0.016     5.01015     4.51267     4.32056     4.03232
      16500    0.399575         0.4     313.204     197.566     386.285      862.69     428.092     1290.78     2404.16     2477.96     1.00038     1.89263     34.6155     2140.16     2430.83     2.61253     325.594       0.016     5.02468     4.49864     4.30927      4.0235
      16400     0.48673         0.4     353.249     199.832     392.865     914.865     442.227     1357.09     2412.77      2483.3      1.0096    -2.45947      34.376     2144.27     2432.94     2.61252       330.8       0.016     5.03818     4.48391     4.29708     4.01752
      16300    0.544605         0.4      401.98     202.346     396.069     975.234     452.397     1427.63     2424.84     2489.95      1.0175    -7.63188     34.1655     2148.57     2435.02     2.61362      334.16       0.016     5.05067     4.46826     4.28661     4.01792
      16200    0.473385         0.4     456.369     205.124     397.401     1038.72     466.718     1505.43     2438.16     2497.07     1.02429    -12.9102     33.9801     2153.16     2437.17     2.61568     335.676       0.016      5.0624     4.45187     4.27966     4.02492
      16100    0.355947         0.4      503.59     208.062     386.714     1096.29     482.394     1578.68      2445.7     2501.86     1.03013    -15.7347     33.8167      2157.9     2439.36     2.61794     328.164       0.016     5.07377     4.43637     4.27652     4.03512
      16000    0.321424         0.4      539.15     210.985     368.052     1141.58     495.113     1636.69     2446.28     2503.79     1.03506    -16.2991     33.6725      2162.5     2441.46     2.61931     313.189       0.016     5.08515     4.42281     4.27517     4.04186
      15900    0.306831         0.4     571.278     213.821     357.704     1179.98     505.144     1685.12     2445.63     2505.09     1.03905    -17.0278     33.5449     2166.79     2443.34     2.61958     303.714       0.016     5.09669     4.41138     4.27294     4.04281
      15800    0.333431         0.4     601.988      216.59     352.485     1219.72     510.914     1730.64     2444.99     2506.24     1.04215    -17.9163      33.432      2170.8     2445.01     2.61917     299.171       0.016     5.10831     4.40173     4.26867      4.0392
      15700    0.336747         0.4     635.334     219.338     348.553     1258.57     515.086     1773.66     2446.46     2508.08     1.04445    -19.6176     33.3317     2174.62     2446.53     2.61847     295.913       0.016     5.11987     4.79274     4.26247     4.03346
      15600     0.33116         0.4     669.003     222.102     345.706     1297.32     515.744     1813.06     2448.35     2509.98     1.04607    -21.3968     33.2426     2178.35     2447.97     2.61766     293.552       0.016     5.13119     4.78371      4.2552      4.0273
      15500    0.315262         0.4     702.103     224.878     342.152     1334.53     517.092     1851.62     2450.07     2511.73     1.04711    -23.0052     33.1631     2182.02     2449.36     2.61665     290.782       0.016     5.14216      4.7747     4.24747     4.02092
      15400    0.364488         0.4     733.679     227.652     338.257     1375.15     520.739     1895.89     2451.17     2513.14     1.04765    -24.3061     33.0921     2185.61     2450.72     2.61531     287.651       0.016     5.15272     4.76572     4.23954     4.01444
      15300     0.44015         0.4     770.203     230.461     335.958     1422.43     523.884     1946.31      2455.2     2515.67     1.04774    -26.7157     33.0283     2189.18     2452.05     2.61385     285.725       0.016     5.16285     4.75682     4.23195     4.01028
      15200    0.492796         0.4     814.271     233.389     334.648     1469.19     529.199     1998.38     2462.98     2519.66     1.04747    -30.4503     32.9709     2192.86     2453.45     2.61268     284.751       0.016     5.17257     4.74813     4.22592     4.01055
      15100    0.602738         0.4     863.661     236.485     339.494     1523.33     536.911     2060.24     2472.62      2524.4     1.04696    -34.6027      32.919     2196.77     2454.98     2.61194     288.588       0.016     5.18204     4.73993     4.22262     4.01578
      15000    0.697683         0.4     924.029     239.816      348.52      1589.8     547.424     2137.22     2486.87     2531.05     1.04628    -39.8991     32.8718        2201     2456.72     2.61174     296.402       0.016     5.19154     4.73265     4.22296     4.02791
      14900     0.76982         0.4      993.87     243.449      354.84      1665.1     562.227     2227.33     2504.08     2538.98     1.04553    -45.6119     32.8288     2205.67     2458.73     2.61224     302.541       0.016     4.80138     4.72683     4.22873     4.05083
      14800    0.720941         0.4      1070.8     247.405     359.516     1749.56     580.353     2329.91     2522.52     2547.53     1.04478    -51.2499     32.7892      2210.8     2461.06     2.61328     307.116       0.016     4.81159     4.72314     4.24138     4.08484
      14700   0.0285192         0.4      1142.2     251.527     348.617     1825.17     602.886     2428.05     2535.26     2553.91     1.04406    -54.5735     32.7525     2216.23     2463.65     2.61474     299.568       0.016     4.82302     4.72238     4.26104     4.12584
      14600   0.0321552         0.4     1145.06     245.657     276.968      1857.1     612.703      2469.8     2510.42     2542.42     1.00632    -43.7235     33.7363     2192.29     2440.97     2.79429     219.334       0.016     6.16554     4.49451     4.01921     4.15843
      14500           0         0.4     1148.24     243.963     249.682     1872.23     617.319     2489.55     2492.52     2533.23    0.967683    -39.7553     34.6823     2184.85      2433.8     2.81961     193.709       0.016     5.82472     4.31826     4.17683     3.81254
      14400           0         0.4     1148.24     244.489     233.367        1880     620.454     2500.46     2478.13     2525.15    0.927533    -38.1392     35.5885     2179.68     2427.22     2.82499     179.055       0.016     6.45322     4.06486     3.84765     3.85946
      14300           0         0.4     1148.24     245.777     219.574     1885.29     627.081     2512.38     2467.93     2518.55    0.886235    -38.0589     36.4418     2175.44     2421.05     2.82798     167.518       0.016     6.36697     4.13659     3.86275     3.89259
      14200           0         0.4     1148.24     247.244     207.893     1886.26     635.773     2522.03     2460.73     2513.04    0.845137    -38.7871     37.2291     2171.84     2415.47     2.83073     157.853       0.016     6.32652     4.16195     3.85175     3.90952
      14100           0         0.4     1148.24     248.679     201.745     1887.39     646.118     2533.51     2455.67     2508.36    0.805514    -39.8568     37.9427     2168.74     2410.53     2.83341      152.45       0.016     6.31155     4.15998     3.83034      3.9135
      14000           0         0.4     1148.24     250.018     199.079     1897.41     659.152     2556.56     2452.12     2504.34    0.768269    -40.8821     38.5803     2166.06     2406.18     2.83598     150.097       0.016     6.31123     4.14442     3.80863      3.9093
      13900           0         0.4     1148.24     251.253     194.416     1912.31     669.835     2582.14     2449.63     2500.83    0.733929     -41.783     39.1438     2163.71     2402.33     2.83845     146.553       0.016     6.31946     4.12391     4.19193     3.90216
      13800           0         0.4     1148.24     252.394      188.81      1918.2     683.714     2601.91     2447.87     2497.73    0.702721    -42.7099     39.6376     2161.65      2398.9     2.84083     142.084       0.016     6.33272     4.10336     4.17577     3.89464
      13700           0         0.4     1148.24     253.449     184.739     1939.78     695.813     2635.59      2446.6     2494.96    0.674666    -43.6902     40.0676     2159.82     2395.83     2.84312     138.666       0.016     6.34884     4.08507     4.16205     3.88776
      13600           0         0.4     1148.24     254.425      181.54     1953.91     709.033     2662.94     2445.67     2492.46    0.649655    -44.6668     40.4403     2158.19     2393.08     2.84532     136.012       0.016     6.36647     4.07003     4.15159     3.88237
      13500           0         0.4     1148.24     255.333     184.829     1968.32     728.537     2696.86     2444.96     2490.19    0.627499    -45.5204     40.7621     2156.74     2390.59     2.84743     138.125       0.016      6.3848     4.05852     4.14451     3.87899
      13400           0         0.4     1148.24     256.182     192.119      1981.3     745.678     2726.97      2444.4     2488.09    0.607965    -45.9449     41.0391     2155.42     2388.32     2.84946     143.801       0.016     6.40333     4.05047     4.14067     3.87786
      13300     0.08152         0.4     1148.32     256.977     189.303     1994.73     765.796     2760.52     2443.97     2486.18    0.590804     -46.079      41.277     2154.23     2386.24     2.85142     142.416       0.016     6.42177     4.04563      4.1398     3.87902
      13200    0.110373         0.4     1156.51     260.731     210.344     1998.72     786.612     2785.33     2440.81     2486.36    0.632127    -48.1565     40.2965     2191.22     2426.24     2.72984     173.991       0.016     5.93646     4.05648     4.16062      3.8972
      13100    0.163018         0.4      1167.6     263.264     216.691     2008.46     814.011     2822.47     2439.79     2487.74      0.6732    -49.4968     39.3976     2200.77     2435.28     2.69699     180.138       0.016     6.19187     4.05461     4.17181     3.90969
      13000   0.0758623         0.4     1183.81     265.464     222.191     2009.78      840.99     2850.77     2441.54     2490.22    0.710298    -51.1641     38.5929     2205.91     2439.45     2.68049     185.604       0.016      5.5873     4.03653      4.1704     3.91681
      12900    0.232346         0.4     1191.55     267.321     228.057     2025.82     869.603     2895.42     2438.28     2490.63     0.74317    -50.4004     37.8817     2209.75     2442.39     2.66876      191.13       0.016     5.74417     4.01045     4.16158      3.9159
      12800    0.270271         0.4     1214.83     268.895     233.844     2049.52     897.615     2947.14     2443.93      2494.5    0.772175    -52.7359     37.2566     2212.92      2444.8     2.66023     196.571       0.016     5.06796     4.38148     4.14908     3.91111
      12700    0.174158         0.4     1241.76      270.55     235.383     2067.18     925.563     2992.74      2450.4     2498.66    0.797869    -55.1637      36.708     2215.99     2447.04     2.65325     198.569       0.016     5.16546     4.35065     4.13647     3.90804
      12600           0         0.4        1259     272.395     233.967     2069.01     952.808     3021.82      2450.5     2500.24    0.820475    -55.1798      36.226     2219.14     2449.21     2.64557     197.752       0.016      4.8411     4.31833     4.12297     3.90272
      12500           0         0.4        1259     274.146     233.272     2069.15     979.966     3049.12     2441.53     2498.12    0.840192    -51.8438     35.8017     2222.04     2451.19      2.6369     197.272       0.016     4.89847     4.28584     4.10688     3.88736
      12400           0         0.4        1259     275.727       232.9     2071.48     1009.59     3081.07     2434.48      2496.6    0.857215    -49.3663     35.4274     2224.56     2452.88     2.62751     197.141       0.016      4.9426     4.25409     4.08655      3.8616
      12300    0.062956         0.4     1259.06     277.206     231.318     2079.87     1040.01     3119.88     2428.91     2495.51    0.871857    -47.6016     35.0963     2226.82     2454.34     2.61815     196.017       0.016     4.97642     4.22457     4.06243     3.82998
      12200    0.231784         0.4     1265.53     278.675     228.735     2102.46     1069.39     3171.85     2427.88     2496.11    0.884452    -47.8086     34.8029     2228.96     2455.68     2.60919      193.93       0.016     4.60159     4.59772     4.03581     4.19891
      12100    0.296936         0.4     1288.77     280.327     227.425     2133.58     1097.27     3230.86     2436.03     2500.33    0.895346    -51.7624     34.5423     2231.25     2457.06     2.60133     192.729       0.016     4.61806     4.57054     4.01019     4.17533
      12000    0.281501         0.4     1318.45     282.273     226.831     2172.89     1129.45     3302.34     2446.09     2505.34    0.904899    -56.4308     34.3104     2233.89     2458.63     2.59467     192.218       0.016     4.62818     4.54323     4.38758      4.1606
      11900    0.267458         0.4     1346.58     284.452     227.056     2216.36     1159.34      3375.7     2453.56     2509.39    0.913321    -59.9912     34.1037     2236.83     2460.38     2.58844     192.387       0.016     4.63391     4.51652     4.36868     4.15202
      11800    0.304095         0.4     1373.37     286.779     227.921     2265.17     1191.08     3456.26     2459.15     2512.73      0.9207    -62.6881     33.9194     2239.94     2462.24     2.58211     193.156       0.016     4.63669     4.49127     4.35331     4.14615
      11700    0.227605         0.4      1403.7     289.243     236.099     2325.52     1223.75     3549.27     2465.92     2516.57    0.927093    -65.5374     33.7547     2243.17     2464.15     2.57577     199.815       0.016     4.63697     4.46884     4.34055     4.14268
      11600    0.162795         0.4     1426.39     276.861     209.207     2365.61     1243.24     3608.85     2471.37     2517.31     0.89606    -65.6742     34.6333     2206.79     2431.36     2.77266     160.525       0.016     5.67551     4.22103     4.07083     4.15114
      11500   0.0641721         0.4     1442.58     272.546     191.339     2397.52     1250.02     3647.54      2472.7     2516.35    0.862084    -66.8847     35.4829     2200.53      2427.5      2.8043     144.709       0.016     6.16444     4.03008     3.81597      3.8086
      11400   0.0330964         0.4     1448.96     271.981     167.849     2418.41     1254.05     3672.46     2469.59     2513.61     0.82762    -67.7409     36.2999      2197.1     2423.95     2.81233     124.863       0.016     5.99336     4.16121     3.87956     3.86772
      11300  0.00677627         0.4     1452.24     272.764     156.746     2433.05     1261.34     3694.39     2466.53      2510.8    0.792341    -69.2326     37.0709     2194.32      2420.1     2.81647     114.398       0.016     5.90208     3.82018     3.89614     3.91625
      11200           0         0.4     1452.92     273.946     152.747     2443.16     1270.43     3713.59     2463.57     2507.91    0.757135    -70.4842     37.7829     2191.82     2416.26     2.81961     110.594       0.016     5.85461     3.82519     3.88915     3.94839
      11100           0         0.4     1452.92     275.171     145.404     2452.95      1280.7     3733.65     2461.52     2505.31    0.723034    -71.6605     38.4281     2189.53     2412.64     2.82224     104.811       0.016     5.83251     3.80969     3.87246     3.96583
      11000           0         0.4     1452.92     276.344      136.37     2471.18     1292.25     3763.43     2460.37     2503.05    0.690833     -73.057     39.0042     2187.49     2409.35     2.82457     97.4089       0.016     5.82553     4.19065     3.85334     3.97299
      10900           0         0.4     1452.92     277.447     131.213     2479.84     1302.09     3781.93      2459.8     2501.04     0.66104    -74.6153     39.5127     2185.68      2406.4     2.82671     92.7907       0.016     5.82774     4.16714     3.83537     3.97408
      10800           0         0.4     1452.92     278.477     128.291     2483.04     1315.02     3798.06     2459.58     2499.22    0.633904    -76.1196     39.9577     2184.08     2403.75     2.82871     90.1857       0.016      5.8355     4.14324     3.82149     3.97239
      10700           0         0.4     1452.92      279.44     124.456     2484.84     1328.24     3813.08     2459.56     2497.56    0.609481    -77.5431     40.3448     2182.64     2401.34      2.8306     87.0201       0.016     5.84658     4.12172     3.81265     3.97064
      10600           0         0.4     1452.92     280.344      120.18     2487.08     1341.68     3828.76     2459.65     2496.01    0.587695    -78.9749     40.6796     2181.34     2399.15     2.83239     83.4078       0.016     5.85963     4.10383     3.80743     3.97017
      10500           0         0.4     1452.92     281.197     117.583     2489.46     1355.38     3844.83     2459.76     2494.54    0.568387    -80.4177     40.9683     2180.15     2397.13     2.83411     81.0155       0.016     5.87378     4.08989     3.80491     3.97146
      10400           0         0.4     1452.92     282.003     115.985     2492.37     1371.18     3863.55     2459.86     2493.14    0.551362    -81.7985     41.2164     2179.06     2395.26     2.83576     79.5191       0.016     5.88848     4.07977     3.80454     3.97454
      10300           0         0.4     1452.92     282.767     114.949     2496.12     1389.05     3885.17     2459.93     2491.79    0.536404    -83.0971     41.4292     2178.06     2393.53     2.83736     78.5004       0.016      5.9034     4.07312     3.80599     3.97927
      10200           0         0.4     1452.92     283.493     113.826     2499.07     1406.84     3905.91     2459.95     2490.49    0.523295    -84.3112     41.6113     2177.12      2391.9      2.8389     77.4979       0.016      5.9183     4.06952     3.80898     3.98546
      10100           0         0.4     1452.92     284.185     111.675     2512.21     1427.32     3939.53     2459.91     2489.23    0.511827    -85.5005     41.7671     2176.25     2390.38      2.8404     75.6423       0.016     5.93305     4.06854     3.81327      3.9929
      10000           0         0.4     1452.92     284.845     109.199     2518.71     1448.17     3966.88     2459.82     2488.01    0.501804     -86.714     41.9003     2175.43     2388.94     2.84185     73.5019       0.016     5.94755     4.06979     3.81865     3.60127
       9900           0         0.4     1452.92     285.477     106.551     2523.13     1469.35     3992.47     2459.68     2486.82     0.49305    -87.9693      42.014     2174.65     2387.58     2.84326     71.2032       0.016     5.96177     4.07292     3.82465      3.6079
       9800           0         0.4     1452.92     286.082     103.771     2526.53     1491.68     4018.21     2459.51     2485.69     0.48541    -89.2736     42.1111     2173.92     2386.29     2.84463     68.7833       0.016     5.97566     4.07758     3.83063     3.61308
       9700           0         0.4     1452.92     286.661     100.883     2537.15     1515.16     4052.31      2459.3     2484.61    0.478743    -90.6309     42.1939     2173.23     2385.08     2.84595     66.2609       0.016     5.98918     4.08346     3.83654      3.6176
       9600           0         0.4     1452.92     287.214     97.9073     2548.48     1539.74     4088.22     2459.07     2483.58    0.472921    -92.0432     42.2647     2172.59     2383.93     2.84722     63.6533       0.016     6.00233     4.09031      3.8425     3.62241
       9500           0         0.4     1452.92     287.744     94.8565     2555.53     1565.41     4120.94     2458.81     2482.59     0.46783    -93.5112     42.3252     2171.99     2382.85     2.84845     60.9706       0.016     6.01507     4.09792     3.84889     3.62868
       9400           0         0.4     1452.92     288.251     92.5456     2565.25     1588.46     4153.71     2458.54     2481.64    0.463366    -95.0197     42.3768     2171.41     2381.82     2.84964     58.8261       0.016     6.02742     4.10613     3.85585     3.63599
       9300           0         0.4     1452.92     288.739     90.6724     2574.13      1613.4     4187.53     2458.24     2480.72    0.459445    -96.5254      42.421     2170.87     2380.84     2.85079     57.0726       0.016     6.03939     4.11482     3.86334     3.64408
       9200           0         0.4     1452.92      289.21     89.0333     2581.93     1638.91     4220.84     2457.94     2479.83    0.455989    -98.0117     42.4588     2170.34      2379.9     2.85191     55.5189       0.016     6.05101     4.12391     3.87127     3.65275
       9100           0         0.4     1452.92     289.666     87.5539     2582.22     1666.57      4248.8     2457.61     2478.96    0.452936    -99.4715     42.4911     2169.83     2378.98       2.853      54.103       0.016      6.0623     4.13331     3.87966     3.66186
       9000           0         0.4     1452.92     290.108     86.2024     2584.69     1697.38     4282.07     2457.28     2478.11    0.450228    -100.901     42.5188     2169.34      2378.1     2.85406     52.7988       0.016     6.07329     4.14297     3.88861     3.67135
       8900           0         0.4     1452.92     290.538     84.9732     2592.88     1727.27     4320.15     2456.93     2477.28    0.447818    -102.297     42.5426     2168.86     2377.24      2.8551     51.6004       0.016     6.08403     4.15284     3.89825     3.68125
       8800           0         0.4     1452.92     290.959      83.841     2596.24      1757.7     4353.95     2456.58     2476.46    0.445664    -103.659     42.5629     2168.39      2376.4     2.85612     50.4892       0.016     6.09454     4.16291     3.90834     3.69154
       8700           0         0.4     1452.92     291.372     82.7892     2607.15     1788.68     4395.83     2456.21     2475.65     0.44373    -104.985     42.5804     2167.93     2375.57     2.85713      49.451       0.016     6.10486     4.17315     3.91876     3.70217
       8600           0         0.4     1452.92     291.778     81.8091     2623.29      1819.9      4443.2     2455.84     2474.85    0.441984    -106.274     42.5954     2167.47     2374.76     2.85812     48.4785       0.016     6.11509     4.18353     3.92941     3.71307
       8500           0         0.4     1452.92     292.178      80.892     2633.28     1851.38     4484.67     2455.47     2474.06      0.4404    -107.527     42.6083     2167.02     2373.96      2.8591     47.5646       0.016     6.12556     4.19404     3.94026     3.72419
       8400           0         0.4     1452.92     292.575     80.4602     2646.77     1882.66     4529.43     2455.08     2473.28    0.438955    -108.734     42.6195     2166.58     2373.17     2.86007     47.0274       0.016     6.13619      3.8041      3.9513      3.7355
       8300           0         0.4     1452.92     292.967     80.3478     2648.86     1917.32     4566.19      2454.7      2472.5    0.437629    -109.873      42.629     2166.14     2372.38     2.86104     46.7827       0.016     6.14689     3.81153     3.96246     3.74695
       8200           0         0.4     1452.92     293.353      80.451     2655.37      1951.8     4607.18     2454.31     2471.73    0.436407    -110.934     42.6372      2165.7     2371.61     2.86199     46.7308       0.016     6.15756     3.81769     3.97365     3.75851
       8100           0         0.4     1452.92     293.731     80.7424     2658.78     1986.08     4644.86     2453.91     2470.96    0.435275    -111.914     42.6443     2165.27     2370.85     2.86293     46.8497       0.016     6.16815     3.82339      3.9848     3.77012
       8000           0         0.4     1452.92     294.101     81.1885     2670.11     2020.46     4690.57     2453.52      2470.2    0.434222    -112.809     42.6505     2164.84      2370.1     2.86385     47.1119       0.016     6.17861     3.82898     3.99591     3.78174
       7900           0         0.4     1452.92     294.465     81.8388     2672.23     2054.92     4727.15     2453.12     2469.45    0.433237    -113.618     42.6557     2164.42     2369.36     2.86476     47.5529       0.016     6.18894     3.83462     3.60629     3.79332
       7800           0         0.4     1452.92     294.821      82.655     2676.59     2090.05     4766.64     2452.72      2468.7    0.432313    -114.335     42.6603     2164.01     2368.64     2.86564     48.1493       0.016     6.19911     3.84035     3.61526     3.40396
       7700           0         0.4     1452.92     295.168     83.6245     2683.15     2124.81     4807.97     2452.33     2467.98     0.43145     -114.96     42.6642      2163.6     2367.93     2.86651     48.8865       0.016     5.40812     3.84633     3.62314     3.41101
       7600           0         0.4     1452.92     295.505     84.7578     2687.53     2160.22     4847.75     2451.96     2467.29     0.43065    -115.489     42.6676     2163.22     2367.26     2.86735      49.775       0.016     5.41643     3.85313     3.62988     3.41598
       7500           0         0.4     1452.92     295.828     86.0268     2688.56     2196.22     4884.79      2451.6     2466.64     0.42991    -115.922     42.6706     2162.86     2366.62     2.86816     50.7912       0.016     5.42428     3.86046      3.6358     3.42002
       7400           0         0.4     1452.92     296.139     86.3849     2692.89     2232.81      4925.7     2451.26     2466.02    0.429223    -116.278     42.6731     2162.52     2366.01     2.86893     51.1428       0.016     5.43176     3.86804      3.6414     3.42463
       7300           0         0.4     1452.92     296.438     86.2161     2698.61     2267.97     4966.59     2450.93     2465.43    0.428583    -116.613     42.6753      2162.2     2365.44     2.86968     51.0195       0.016     5.43892     3.87572     3.64705     3.42983
       7200           0         0.4     1452.92     296.727     85.7784     2708.04      2301.7     5009.74     2450.62     2464.86    0.427984    -116.949     42.6772     2161.89     2364.88      2.8704     50.6659       0.016     5.44579     3.88342     3.65283     3.43541
       7100           0         0.4     1452.92     297.007     85.1579     2718.18     2336.41     5054.59     2450.31     2464.32     0.42742    -117.296     42.6788     2161.59     2364.35     2.87109     50.1537       0.016     5.45241     3.89107     3.65876     3.44126
       7000           0         0.4     1452.92     297.278     84.4017     2720.67     2376.09     5096.76     2450.01     2463.79    0.426888    -117.658     42.6803      2161.3     2363.83     2.87177     49.5221       0.016     5.45882     3.89867     3.66481     3.44733
       6900           0         0.4     1452.92     297.543     83.5513     2723.18     2415.53     5138.71     2449.72     2463.27    0.426383    -118.039     42.6815     2161.01     2363.32     2.87243     48.8053       0.016     5.46505     3.90618     3.67096     3.45354
       6800           0         0.4     1452.92     297.802      82.626      2723.9     2450.43     5174.33     2449.44     2462.76    0.425903    -118.439     42.6826     2160.74     2362.82     2.87308     48.0205       0.016      5.4711      3.9136      3.6772     3.45988
       6700           0         0.4     1452.92     298.055     81.6497     2724.18     2486.39     5210.57     2449.16     2462.26    0.425445    -118.859     42.6835     2160.46     2362.34     2.87371     47.1862       0.016     5.47701     3.92093     3.68351     3.46631
       6600           0         0.4     1452.92     298.304     80.6508     2725.18     2525.29     5250.47     2448.88     2461.78    0.425005    -119.299     42.6843     2160.19     2361.86     2.87434      46.328       0.016      5.4828     3.92816     3.68988     3.47281
       6500           0         0.4     1452.92     298.548     79.6193     2727.05     2562.74     5289.79     2448.61     2461.29    0.424583    -119.757      42.685     2159.93     2361.39     2.87495     45.4382       0.016     5.48847      3.9353     3.69635     3.47938
       6400           0         0.4     1452.92     298.788     78.8632     2729.46     2600.33     5329.79     2448.34     2460.82    0.424176    -120.227     42.6856     2159.66     2360.92     2.87555     44.7503       0.016     5.49403     3.94236     3.70296     3.48602
       6300           0         0.4     1452.92     299.025     78.2688     2731.05      2636.4     5367.46     2448.08     2460.35    0.423781    -120.694     42.6861      2159.4     2360.46     2.87615      44.208       0.016     5.49951     3.94933     3.70964     3.49273
       6200           0         0.4     1452.92      299.26     77.7688     2737.47     2671.86     5409.34     2447.82     2459.89    0.423399    -121.152     42.6866     2159.15     2360.01     2.87674     43.7449       0.016     5.50492     3.95624     3.71634      3.4995
       6100           0         0.4     1452.92     299.491     77.3533     2744.77      2706.7     5451.47     2447.56     2459.43    0.423026    -121.596      42.687     2158.89     2359.56     2.87732     43.3547       0.016     5.51025     3.96309     3.72306     3.50631
       6000           0         0.4     1452.92      299.72     76.9941     2748.35     2740.92     5489.27      2447.3     2458.97    0.422663    -122.025     42.6873     2158.63     2359.11      2.8779      43.014       0.016     5.51552     3.96986     3.72978     3.51314
       5900           0         0.4     1452.92     299.946     76.6797     2749.98     2777.17     5527.15     2447.04     2458.52    0.422307    -122.439     42.6876     2158.38     2358.67     2.87847     42.7131       0.016     5.52074     3.97658     3.73649     3.51999
       5800           0         0.4     1452.92     300.171     76.4013     2754.61     2811.84     5566.45     2446.79     2458.07    0.421959    -122.836     42.6879     2158.13     2358.23     2.87904     42.4448       0.016      5.5259     3.98324     3.74319     3.52684
       5700           0         0.4     1452.92     300.393     76.1534     2759.71     2846.33     5606.05     2446.54     2457.62    0.421618    -123.218     42.6881     2157.88      2357.8      2.8796     42.2044       0.016     5.53101     3.98985     3.74987     3.53368
       5600           0         0.4     1452.92     300.613     75.9327      2766.5      2880.8      5647.3     2446.29     2457.18    0.421282    -123.583     42.6883     2157.64     2357.36     2.88015      41.989       0.016     5.53608      3.9964     3.75652     3.54052
       5500           0         0.4     1452.92     300.832     75.7359     2769.68     2915.23     5684.91     2446.04     2456.74    0.420952    -123.933     42.6885     2157.39     2356.94      2.8807     41.7959       0.016      5.5411     3.60259     3.76314     3.54733
       5400           0         0.4     1452.92     301.048     74.8455     2772.21     2949.85     5722.06     2445.79     2456.31    0.420627    -124.282     42.6886     2157.15     2356.51     2.88125       41.08       0.016     5.54607     3.60738     3.76971     3.55412
       5300           0         0.4     1452.92     301.259     73.5288     2777.22     2984.66     5761.88     2445.54     2455.87    0.420308    -124.667     42.6887     2156.91     2356.09     2.88179     39.9756       0.016     5.55097     3.61143     3.77619     3.56086
       5200           0         0.4     1452.92     301.466     71.9796     2784.54     3016.33     5800.86      2445.3     2455.45    0.419994    -125.104     42.6888     2156.67     2355.68     2.88232     38.6632       0.016     5.55579     3.61513     3.78256     3.56755
       5100           0         0.4     1452.92     301.668     70.2802     2790.24     3048.79     5839.03     2445.06     2455.02    0.419685    -125.597     42.6889     2156.43     2355.28     2.88284     37.2137       0.016     5.56051     3.61869     3.78882     3.57416
       5000           0         0.4     1452.92     301.865     68.4461     2802.22     3082.06     5884.28     2444.82      2454.6    0.419382    -126.149      42.689      2156.2     2354.88     2.88335     35.6403       0.016     5.56512     3.62221     3.79498     3.58069
       4900           0         0.4     1452.92     302.058     66.5276     2815.65     3114.12     5929.77     2444.59     2454.19    0.419086    -126.761     42.6891     2155.97     2354.49     2.88385     33.9829       0.016     5.56964     3.62572     3.40097     3.58713
       4800           0         0.4     1452.92     302.247      64.528      2824.9     3145.62     5970.52     2444.35     2453.78    0.418795     -127.43     42.6891     2155.75     2354.11     2.88434     32.2483       0.016     5.57406     3.62926     3.40633     3.59343
       4700           0         0.4     1452.92     302.431     62.4649     2828.24     3176.55     6004.79     2444.12     2453.38    0.418511    -128.157     42.6892     2155.53     2353.74     2.88481     30.4481       0.016     5.57839     3.63281     3.41135     3.59949
       4600           0         0.4     1452.92     302.611     60.3683     2840.44     3209.36      6049.8      2443.9     2452.99    0.418235    -128.938     42.6892     2155.32     2353.38     2.88528     28.6106       0.016     5.58261     3.63639     3.41608      3.2043
       4500           0         0.4     1452.92     302.786     58.2192     2854.43     3243.04     6097.48     2443.69     2452.62     0.41797    -129.773     42.6893     2155.12     2353.02     2.88574     26.7201       0.016     5.58672     3.63999     3.42028     3.20767
       4400           0         0.4     1452.92     302.956     56.3884     2869.06      3274.9     6143.96     2443.48     2452.26    0.417721    -130.653     42.6893     2154.92     2352.69     2.88618     25.0586       0.016     5.59073     3.64358     3.42397     3.21029
       4300           0         0.4     1452.92      303.12     54.7363      2881.3     3306.52     6187.82     2443.29     2451.93    0.417485    -131.557     42.6894     2154.74     2352.37      2.8866     23.5555       0.016     5.59461     3.64716     3.42727     3.21248
       4200           0         0.4     1452.92     303.277     53.1761     2898.01      3337.6     6235.61      2443.1     2451.61    0.417264    -132.477     42.6894     2154.56     2352.06     2.88701     22.1264       0.016     5.59837     3.65072      3.4303     3.21438
       4100           0         0.4     1452.92     303.428       51.69     2918.75     3369.33     6288.08     2442.93     2451.31    0.417056     -133.41     42.6894      2154.4     2351.78     2.88741     20.7582       0.016     5.60199     3.65425     3.43313      3.2161
       4000           0         0.4     1452.92     303.574     50.2476      2939.9      3399.6      6339.5     2442.77     2451.03    0.416862    -134.352     42.6894     2154.24      2351.5     2.88778     19.4255       0.016     5.60548     3.65775      3.4358     3.21768
       3900           0         0.4     1452.92     303.713     48.8344     2963.83     3428.41     6392.24     2442.61     2450.77     0.41668    -135.301     42.6894      2154.1     2351.24     2.88815     18.1163       0.016     5.60884     3.66117     3.43837     3.21928
       3800           0         0.4     1452.92     303.847     47.4406     2986.28     3458.81     6445.09     2442.46     2450.52    0.416509    -136.258     42.6895     2153.96        2351      2.8885     16.8224       0.016     5.61207      3.6642     3.44097     3.22125
       3700           0         0.4     1452.92     303.976     45.4929      3012.9     3489.46     6502.36     2442.32     2450.28    0.416347    -137.226     42.6895     2153.82     2350.76     2.88884     15.1438       0.016     5.61517     3.66661     3.44364     3.22352
       3600           0         0.4     1452.92     304.099     42.0114     3037.16     3520.36     6557.52     2442.19     2450.05    0.416192    -138.276     42.6895      2153.7     2350.53     2.88917     12.1606       0.016     5.61815     3.66841     3.44635     3.22599
       3500           0         0.4     1452.92     304.217     37.8681     3060.69     3549.58     6610.27     2442.06     2449.82    0.416046    -139.463     42.6895     2153.57     2350.31     2.88949     8.59068       0.016     5.62099     3.66972     3.44908     3.22859
       3400           0         0.4     1452.92     304.329     33.4844     3080.32     3579.91     6660.22     2441.93      2449.6    0.415906    -140.802     42.6895     2153.45      2350.1     2.88979     4.77045       0.016     5.62371     3.67124      3.4518     3.23128
       3300           0         0.4     1452.92     304.436     28.8632     3090.69     3609.99     6700.68      2441.8     2449.38    0.415772    -142.289     42.6895     2153.33     2349.89     2.89009     0.73335       0.016      5.6263     3.67316     3.45451     3.23402
       3200           0         0.4     1452.92      304.54     24.5659     3102.36     3639.83     6742.19     2441.68     2449.17    0.415644     -143.92     42.6895     2153.22     2349.69     2.89038    -3.13647       0.016     5.62881     3.67534     3.45722     3.23679
       3100           0         0.4     1452.92     304.641     21.5821      3112.5     3669.82     6782.32     2441.56     2448.97    0.415522    -145.624     42.6895     2153.11      2349.5     2.89066    -5.91134       0.016     5.63123     3.67768     3.45993     3.23957
       3000           0         0.4     1452.92     304.741     19.0618     3125.67     3699.96     6825.64     2441.45     2448.77    0.415404    -147.345     42.6895        2153     2349.31     2.89094    -8.29079       0.016     5.63358     3.68013     3.46263     3.24235
       2900           0         0.4     1452.92     304.838     16.8672     3139.29      3729.3     6868.59     2441.33     2448.57    0.415291    -149.061     42.6895     2152.89     2349.12     2.89121    -10.3937       0.016     5.63588     3.68265     3.46532     3.24514
       2800           0         0.4     1452.92     304.935     14.9022     3153.28     3758.94     6912.21     2441.22     2448.37    0.415182    -150.761     42.6895     2152.78     2348.93     2.89148    -12.2976       0.016     5.63814      3.6852     3.46799     3.24791
       2700           0         0.4     1452.92      305.03     12.9345     3160.26     3785.07     6945.33     2441.11     2448.18    0.415076     -152.44     42.6895     2152.68     2348.75     2.89175    -14.1737       0.016     5.64035     3.68778     3.47064     3.25067
       2600           0         0.4     1452.92     305.123     10.6315     3162.46     3816.29     6978.75        2441     2447.99    0.414974    -154.116     42.6895     2152.57     2348.57     2.89201    -16.3301       0.016     5.64253     3.69035     3.47327     3.25341
       2500           0         0.4     1452.92     305.216     8.22843     3172.61      3843.6     7016.22     2440.89      2447.8    0.414875    -155.804     42.6895     2152.47     2348.39     2.89227    -18.5738       0.016     5.64468     3.69292     3.47587     3.25613
       2400           0         0.4     1452.92     305.307     5.79738     3184.71     3871.31     7056.02     2440.78     2447.62    0.414779    -157.509     42.6895     2152.37     2348.22     2.89253    -20.8465       0.016      5.6468     3.69548     3.47846     3.25883
       2300           0         0.4     1452.92     305.398     3.34073     3194.78     3899.56     7094.34     2440.68     2447.44    0.414685     -159.23     42.6895     2152.27     2348.04     2.89279    -23.1418       0.016      5.6489     3.69802     3.48104     3.26151
       2200           0         0.4     1452.92     305.487     1.01618     3198.29     3928.35     7126.64     2440.58     2447.26    0.414594    -160.968     42.6895     2152.17     2347.87     2.89304    -25.3508       0.016     5.65097     3.70055     3.48361     3.26417
       2100           0         0.4     1452.92     305.576   -0.901898      3208.9     3957.12     7166.03     2440.47     2447.08    0.414504    -162.702     42.6895     2152.07      2347.7     2.89329    -27.2162       0.016     5.65303     3.70306     3.48617     3.26682
       2000           0         0.4     1452.92     305.663     -2.6535     3219.35     3985.89     7205.24     2440.37      2446.9    0.414417    -164.417     42.6896     2151.97     2347.53     2.89354    -28.9356       0.016     5.65506     3.70555      3.4887     3.26945
       1900           0         0.4     1452.92      305.75    -4.27855     3228.95      4014.1     7243.05     2440.27     2446.73    0.414332    -166.106     42.6896     2151.88     2347.36     2.89379    -30.5437       0.016     5.65707     3.70802     3.49122     3.27206
       1800           0         0.4     1452.92     305.836    -5.80547     3239.51     4042.27     7281.79     2440.17     2446.56    0.414249    -167.766     42.6896     2151.78      2347.2     2.89404    -32.0634       0.016     5.65906     3.71047     3.49371     3.27465
       1700           0         0.4     1452.92     305.922    -7.34708     3251.36     4069.57     7320.93     2440.08     2446.39    0.414167    -169.396     42.6896     2151.69     2347.04     2.89428    -33.5764       0.016     5.66103      3.7129     3.49617     3.27722
       1600           0         0.4     1452.92     306.006    -9.07771      3260.4     4095.29     7355.69     2439.98     2446.22    0.414087    -171.006     42.6896     2151.59     2346.87     2.89453    -35.2452       0.016     5.66298     3.71531     3.49862     3.27977
       1500           0         0.4     1452.92      306.09    -10.8605     3268.99     4122.83     7391.82     2439.89     2446.05    0.414009    -172.605     42.6896      2151.5     2346.71     2.89477    -36.9572       0.016     5.66492     3.71769     3.50104     3.28229
       1400           0         0.4     1452.92     306.172    -12.6817     3278.05     4152.05      7430.1     2439.79     2445.89    0.413932    -174.197     42.6896     2151.41     2346.55       2.895    -38.6999       0.016     5.66684     3.72006     3.50344      3.2848
       1300           0         0.4     1452.92     306.254    -14.5257     3283.31     4180.57     7463.88      2439.7     2445.73    0.413856    -175.782     42.6896     2151.32      2346.4     2.89524    -40.4614       0.016     5.66874      3.7224     3.50581     3.28727
       1200           0         0.4     1452.92     306.336     -16.105     3289.85     4208.39     7498.24     2439.61     2445.57    0.413782     -177.36     42.6896     2151.23     2346.24     2.89548    -42.0394       0.016     5.67062     3.72472     3.50816     3.28973
       1100           0         0.4     1452.92     306.416    -16.9341     3293.35      4235.6     7528.95     2439.51     2445.41     0.41371    -178.897     42.6896     2151.14     2346.09     2.89571    -42.9787       0.016     5.67248     3.72702     3.51049     3.29216
       1000           0         0.4     1452.92     306.496     -17.439     3294.79     4262.33     7557.12     2439.42     2445.25    0.413638    -180.364     42.6896     2151.05     2345.94     2.89594    -43.6301       0.016     5.67433      3.7293     3.51279     3.29457
        900           0         0.4     1452.92     306.575    -17.5958     3296.69     4289.26     7585.95     2439.33     2445.09    0.413569    -181.751     42.6896     2150.96     2345.78     2.89617    -43.9832       0.016     5.67616     3.73156     3.51507     3.29695
        800           0         0.4     1452.92     306.653    -17.4905      3299.9     4312.59     7612.49     2439.25     2444.94      0.4135    -183.047     42.6896     2150.88     2345.64      2.8964    -44.0969       0.016     5.67797     3.73387     3.51732     3.29931
        700           0         0.4     1452.92     306.731    -17.0744     3300.95     4335.25      7636.2     2439.16     2444.78    0.413433    -184.246     42.6896     2150.79     2345.49     2.89662    -43.9484       0.016     5.67977      3.7364     3.51955     3.30164
        600           0         0.4     1452.92     306.808     -16.193     3311.94     4360.89     7672.83     2439.07     2444.63    0.413367    -185.332     42.6896     2150.71     2345.34     2.89685    -43.3897       0.016     5.68155     3.73907     3.52177     3.30395
        500           0         0.4     1452.92     306.885    -15.0314     3323.48     4387.13     7710.61     2438.98     2444.48    0.413302    -186.294     42.6896     2150.62     2345.19     2.89707    -42.5741       0.016     5.68333     3.74183     3.52399     3.30625
        400           0         0.4     1452.92     306.963    -13.5647      3347.5     4411.36     7758.87      2438.9     2444.33    0.413238    -187.128     42.6896     2150.54     2345.05      2.8973    -41.4866       0.016     5.68511     3.74464     3.52619     3.30853
        300           0         0.4     1452.92      307.04    -11.8481     3360.88     4440.68     7801.56     2438.81     2444.18    0.413175    -187.827     42.6896     2150.46      2344.9     2.89752     -40.165       0.016     5.68689     3.74745     3.52839      3.3108
        200           0         0.4     1452.92     307.118    -9.66071     3381.15      4470.5     7851.65     2438.73     2444.04    0.413113    -188.387     42.6896     2150.38     2344.76     2.89774    -38.4628       0.016     5.68866     3.75027     3.53059     3.31306
        100           0         0.4     1452.92     307.195    -6.57568     3386.65     4496.24     7882.89     2438.65     2443.89    0.413051    -188.776     42.6896     2150.29     2344.61     2.89796    -35.9771       0.016     5.69044     3.75307     3.53278     3.31531
          0           0         0.4     1452.92     307.273    -3.00681     3394.07     4522.06     7916.13     2438.56     2443.74     0.41299    -188.968     42.6896     2150.21     2344.47     2.89819    -33.0497       0.016     5.69221     3.75585     3.53496     3.31755