     20000          0        0.2          0    179.437    415.631     17.399    14.2831     31.682    2343.43    2426.93   0.785391    51.8336    39.9574    2049.96     2345.7    2.72671    328.445      0.016    5.73044    4.59858    4.35318    4.39114
     19900          0        0.2          0    179.437     414.68    28.2793    29.7361    58.0154    2343.43    2426.93   0.785563    51.7019    39.9574    2049.96     2345.7    2.72686    327.608      0.016    5.73044    4.59858    4.35318    4.39114
     19800          0        0.2          0    179.437    414.027    44.2321    46.3592    90.5912    2343.43    2426.93   0.785735    51.5707    39.9574    2049.96     2345.7    2.72701    326.992      0.016    5.73044    4.59858    4.35318    4.39114
     19700          0        0.2          0    179.437    413.765    53.1471    60.5222    113.669    2343.43    2426.93   0.785907    51.4563    39.9574    2049.96     2345.7    2.72716     326.68      0.016    5.73044    4.59858    4.35318    4.39114
     19600  0.0414251        0.2  0.0414251    179.437    413.802    62.7691    72.5053    135.274    2343.45    2426.93   0.786079    51.3637    39.9574    2049.96     2345.7    2.72731    326.622      0.016    5.73044    4.59858    4.35318    4.39114
     19500          0        0.2    4.14251    179.498    411.924    64.9247    81.9573    146.882     2345.6    2427.37   0.786233    50.3265    39.9574    2050.08    2345.76    2.72796    325.315      0.016    5.73045    4.59859    4.35346    4.39288
     19400          0        0.2    4.14251    179.571    409.002    76.4624    93.9065    170.369     2345.1    2427.28   0.786398    50.3908    39.9574    2050.22    2345.83    2.72863    323.126      0.016    5.73052    4.59867    4.35449    4.39516
     19300          0        0.2    4.14251    179.606    406.344    86.4179    105.851    192.269    2344.75    2427.22   0.786555    50.2903    39.9574    2050.26    2345.83    2.72889    321.019      0.016    5.73071    4.59889    4.35558    4.39636
     19200          0        0.2    4.14251    179.624    403.707    87.9108    117.807    205.718    2344.49    2427.18   0.786695    50.0612    39.9574    2050.28    2345.83    2.72907    318.936      0.016    5.73101    4.59925    4.35644      4.397
     19100 0.00069464        0.2     4.1432    179.632    402.801    87.9116    129.265    217.176     2344.3    2427.14   0.786827    49.7476    39.9574    2050.28    2345.82    2.72923    317.978      0.016    5.73136    4.59968    4.35706    4.39731
     19000          0        0.2    4.21197    179.637    402.934    88.5459    141.527    230.073    2344.19    2427.12   0.786959    49.4276    39.9574    2050.28    2345.81    2.72939    317.894      0.016    5.73175    4.20013    4.35749    4.39746
     18900          0        0.2    4.21197    179.639    401.256    90.2016    154.598      244.8    2344.08     2427.1   0.787096    49.1412    39.9574    2050.28     2345.8    2.72955     316.69      0.016    5.73214    4.20044    4.35779    4.39751
     18800          0        0.2    4.21197    179.638    398.573    99.8691     164.93    264.799    2343.99    2427.08   0.787238    48.7787    39.9574    2050.27     2345.8     2.7297    314.609      0.016    5.73252    4.20066    4.35799    4.39747
     18700          0        0.2    4.21197    179.636    396.719     121.13    176.564    297.694    2343.92    2427.06   0.787385    48.3301    39.9574    2050.26    2345.79    2.72984    312.998      0.016    5.73287    4.20081     4.3581    4.39739
     18600          0        0.2    4.21197    179.634    395.268    155.672     190.83    346.502    2343.87    2427.05   0.787537    47.8438    39.9574    2050.26    2345.79    2.72998    311.741      0.016    5.73318    4.20092    4.35815    4.39728
     18500          0        0.2    4.21197     179.63    393.876    197.736     199.32    397.056    2343.83    2427.04   0.787694    47.3355    39.9574    2050.25    2345.78    2.73011    310.541      0.016    5.73345      4.201    4.35816    4.39715
     18400          0        0.2    4.21197    179.627    392.546     206.54    207.363    413.903     2343.8    2427.04   0.787855     46.809    39.9574    2050.25    2345.78    2.73025    309.383      0.016    5.73369    4.20105    4.35813    4.39702
     18300          0        0.2    4.21197    179.624     389.44     210.25    215.759    426.009    2343.78    2427.03   0.788019    46.2382    39.9574    2050.24    2345.78    2.73038    307.042      0.016    5.73388    4.20108    4.35809    4.39688
     18200          0        0.2    4.21197     179.62    385.236    235.314    224.159    459.473    2343.76    2427.03   0.788185    45.5405    39.9574    2050.24    2345.78    2.73051    303.759      0.016    5.73404     4.2011    4.35803    4.39675
     18100          0        0.2    4.21197    179.617    381.653    284.421    232.035    516.456    2343.75    2427.02   0.788353    44.7014    39.9574    2050.24    2345.78    2.73064    300.773      0.016    5.73417    4.20111    4.35796    4.39662
     18000          0        0.2    4.21197    179.614    378.305    328.976    240.474     569.45    2343.73    2427.02   0.788523    43.7634    39.9574    2050.23    2345.78    2.73078    297.989      0.016    5.73427    4.20111    4.35789     4.3965
     17900          0        0.2    4.21197    179.611    377.349    366.167    250.333      616.5    2343.72    2427.02   0.788694    42.7798    39.9574    2050.23    2345.79    2.73091    296.789      0.016    5.73434     4.2011    4.35781    4.39637
     17800          0        0.2    4.21197    179.608    377.868    401.439    261.055    662.494    2343.72    2427.02   0.788865    41.8686    39.9574    2050.23    2345.79    2.73104    296.831      0.016     5.7344    4.20109    4.35773    4.39626
     17700          0        0.2    4.21197    179.606    375.968    436.262    271.169    707.431    2343.71    2427.02   0.789037    41.0303    39.9574    2050.23    2345.79    2.73117    295.397      0.016    5.73443    4.20107    4.35766    4.39615
     17600          0        0.2    4.21197    179.603    372.749    460.193    285.291    745.484    2343.71    2427.03    0.78921    40.1394    39.9574    2050.23    2345.79     2.7313    292.817      0.016    5.73445    4.20106    4.35758    4.39604
     17500   0.203149        0.2    4.41512    179.601    372.823     468.09    299.075    767.165    2343.83    2427.05   0.789382     39.159    39.9574    2050.23     2345.8    2.73143    292.338      0.016    5.73445    4.20104     4.3575    4.39594
     17400   0.325107        0.2     24.852     182.47    404.716    497.296    308.388    805.684    2349.14    2429.57   0.816959    32.6214    39.0482    2090.72    2390.89    2.64493    339.821      0.016    5.72511    4.59487     4.3581    4.00595
     17300   0.290253        0.2    57.3278    183.855    413.978    526.634    317.257    843.891     2360.3    2433.89   0.848494    25.7276    38.2531    2100.65    2401.05    2.62919    347.944      0.016    5.72218    4.58734    4.35524    4.01759
     17200   0.327325        0.2    86.3902    185.154    419.147     562.85    329.188    892.039    2367.63    2437.66    0.87731    21.3621    37.5586    2106.49    2406.36    2.62519    352.393      0.016    5.72652    4.57985    4.35434    4.03121
     17100   0.468907        0.2    119.264    186.625    421.852    617.552    341.194    958.746    2375.81    2441.62   0.902829    17.1282    36.9519    2111.59    2410.56    2.62366    354.825      0.016    5.73643    4.57222    4.35558    4.04693
     17000   0.379075        0.2    166.065    188.474    422.593    667.405     354.82    1022.22    2390.11    2446.78   0.925256    10.6066     36.422    2116.64    2414.19    2.62416    355.703      0.016    5.75019    4.56414    4.35948    4.07003
     16900   0.270687        0.2    203.864    190.639    417.267    708.142    367.806    1075.95     2397.1    2450.44   0.944949    7.32043    35.9588    2121.69    2417.43    2.62609    352.025      0.016    5.76663    4.55573    4.36737    4.09731
     16800   0.245907        0.2    230.908     192.88    408.015    746.827    380.116    1126.94    2397.44    2452.68   0.962104     6.6541    35.5537    2126.46    2420.26    2.62735    344.778      0.016    5.78504    4.54742    4.37643    4.11859
     16700   0.241315        0.2    255.494    195.109    397.597    785.694    392.897    1178.59    2396.92    2454.61   0.976888     6.0335     35.199    2130.84    2422.68    2.62768    336.313      0.016    5.00448    4.53934    4.38298    4.13099
     16600   0.302111        0.2    279.687    197.348    386.097    820.761    408.699    1229.46    2396.78    2456.47   0.989539    4.91498    34.8882    2134.91    2424.75    2.62766     326.92      0.016    5.02343    4.53132    4.38557    4.13647
     16500   0.391466        0.2    309.987    199.674    385.437    859.038    417.379    1276.42    2400.38    2458.94    1.00032     2.0616    34.6155    2138.82    2426.55    2.62798    325.402      0.016     5.0422    4.52304    4.38471    4.13968
     16400   0.477609        0.2     349.22    202.206    391.882    910.229    429.141    1339.37    2408.47    2462.21    1.00952   -2.23303     34.376    2142.76    2428.18    2.62942    330.567      0.016    5.06044    4.51436    4.38283    4.14679
     16300   0.534286        0.2    397.037    205.033    394.949    969.478    436.623     1406.1    2419.99     2466.1    1.01742   -7.35147    34.1655    2146.88    2429.71    2.63232    333.881      0.016    5.07814     4.5055    4.38315    4.16235
     16200   0.461825        0.2    450.394    208.181    396.126    1031.68    447.888    1479.57    2432.68    2470.21    1.02423   -12.5772    33.9801    2151.24    2431.22     2.6365    335.346      0.016    5.09555    4.49707    4.38832    4.18787
     16100   0.343246        0.2    496.458    211.521    385.328    1087.87    460.104    1547.98    2439.54    2473.13    1.03009   -15.3425    33.8167    2155.71    2432.69    2.64084    327.782      0.016    5.11315    4.48994     4.3988    3.81575
     16000   0.307627        0.2    530.746    214.834    366.587     1131.7    468.974    1600.67    2439.41    2474.61    1.03503   -15.8318    33.6725    2160.02    2434.08    2.64382    312.762      0.016    5.13134    4.48466    4.00972    3.83521
     15900   0.292064        0.2    561.494    218.029     356.13    1168.52    474.797    1643.32     2438.1    2475.78    1.03901   -16.4702    33.5449    2164.06    2435.34    2.64521    303.246      0.016     5.1502    4.48114    4.01795     3.8471
     15800   0.317833        0.2    590.726    221.128    350.812    1206.59    476.029    1682.62    2436.87    2476.87     1.0421   -17.2591     33.432    2167.86    2436.49    2.64563    298.664      0.016     5.1695    4.47887    4.02295     3.8526
     15700   0.320266        0.2    622.511    224.192    346.783    1243.67    476.711    1720.38    2437.81     2478.3    1.04439   -18.8604    33.3317    2171.51    2437.57    2.64565    295.365      0.016    5.18889    4.47726    4.02515    3.85487
     15600   0.313856        0.2    654.532    227.265     343.84    1280.55    481.216    1761.77    2439.21    2479.76    1.04601   -20.5373    33.2426     2175.1    2438.61    2.64554    292.963      0.016    4.80773     4.4759    4.02575    3.85621
     15500   0.297155        0.2    685.901    230.345    340.203    1315.82    488.032    1803.85    2440.49    2481.14    1.04707   -22.0427    33.1631    2178.62    2439.62    2.64516    290.153      0.016    4.82545    4.47459    4.02552    3.85689
     15400   0.345766        0.2    715.665    233.417    336.233    1354.41    497.443    1851.85    2441.16    2482.36    1.04764   -23.2388    33.0921    2182.09    2440.62    2.64436    286.986      0.016     4.8424    4.47323     4.0247    3.85647
     15300   0.420894        0.2    750.316    236.525    333.851    1399.58    506.652    1906.23    2444.81    2484.12    1.04776    -25.553    33.0283    2185.53    2441.62    2.64343    285.025      0.016    4.85857    4.47178    4.02357    3.85715
     15200   0.472573        0.2    792.458    239.778    332.455    1444.14    518.356     1962.5    2452.22    2486.63    1.04755   -29.2068    32.9709    2189.09    2442.66      2.643    284.014      0.016    4.87404    4.47031    4.02369    3.86351
     15100   0.581567        0.2    839.824    243.241    337.156    1495.95    532.824    2028.77    2461.45     2489.5    1.04711   -33.2823     32.919    2192.85    2443.79    2.64323    287.799      0.016      4.889    4.46912    4.02703    3.87802
     15000   0.675485        0.2    898.075    246.999    346.001     1559.9    550.521    2110.42    2475.22    2493.32    1.04653   -38.5183    32.8718    2196.89    2445.03    2.64429    295.546      0.016     4.9038    4.46871    4.03529    3.90384
     14900     0.7463        0.2    965.694    251.141    352.147    1632.51    573.015    2205.52    2491.87    2497.77    1.04589   -44.1869    32.8288     2201.3    2446.44    2.64644    301.607      0.016    4.91908    4.46978    4.05065    3.94419
     14800   0.696303        0.2    1040.27    255.695    356.625    1714.07    599.431     2313.5    2509.62    2502.52    1.04525   -49.7888    32.7892    2206.11    2448.02    2.64941     306.09      0.016    4.93561    4.47318    4.07481    3.99961
     14700  0.0108776        0.2    1109.22    260.481    345.677    1786.75    630.917    2417.66    2521.59     2506.2    1.04465   -53.0717    32.7525    2211.16    2449.77    2.65279    298.483      0.016    4.95409    4.47992    4.10859     3.6584
     14600  0.0150546        0.2    1110.31    254.957    274.234    1815.95    650.034    2465.98    2496.91    2501.07    1.00955   -42.1756    33.7363    2180.05    2418.15    2.83828    219.049      0.016    5.51858    4.25707    3.87423    3.69434
     14500          0        0.2     1111.8    253.336    247.088    1828.48    664.023    2492.51    2479.41    2496.88   0.969416   -38.1327    34.6823    2173.94    2412.42    2.86285    193.527      0.016     5.9962    4.08673    3.64267     3.7437
     14400          0        0.2     1111.8    253.907    230.901    1833.79    676.576    2510.36    2466.46    2493.41    0.92777   -36.7712    35.5885    2170.24     2407.6     2.8665    178.928      0.016    5.84526    3.84199    3.72054    3.79035
     14300          0        0.2     1111.8    255.254     217.23    1836.73     692.68    2529.41    2457.59    2490.58   0.885154   -36.8668    36.4418    2167.37    2403.07    2.86784    167.413      0.016    6.57248    3.92011    3.74058    3.41624
     14200          0        0.2     1111.8     256.78    205.649    1839.94    710.907    2550.85    2451.63    2488.23   0.842975   -37.7154    37.2291    2164.96    2398.94    2.86919    157.759      0.016    6.53795    3.95218    3.72886    3.42042
     14100          0        0.2     1111.8    258.259    199.544    1843.27    730.833     2574.1     2447.7    2486.21   0.802499    -38.867    37.9427    2162.89    2395.27    2.87067    152.358      0.016    6.52665    3.95615    3.70334    3.41249
     14000          0        0.2     1111.8    259.616    196.898    1855.47    753.464    2608.94    2445.17    2484.44   0.764595   -39.9487    38.5803    2161.11    2392.04    2.87223        150      0.016    6.52871    3.94521    3.67436    3.40018
     13900          0        0.2     1111.8    260.843    192.289     1872.5    773.738    2646.24     2443.6    2482.84   0.729759    -40.889    39.1438    2159.55     2389.2    2.87379     146.45      0.016    6.53841    3.92781      3.647    3.78449
     13800          0        0.2     1111.8    261.951    186.741    1880.46    797.173    2677.63    2442.66    2481.38   0.698201   -41.8434    39.6376    2158.18    2386.68    2.87535    141.976      0.016    6.55239    3.90885    3.62289    3.76656
     13700          0        0.2     1111.8    262.955     182.71    1904.07    818.778    2722.85    2442.14    2480.03   0.669928   -42.8431    40.0676    2156.96    2384.43    2.87688    138.553      0.016    6.56865    3.89102    3.60576    3.74952
     13600          0        0.2     1111.8    263.874    179.549    1920.19    841.447    2761.64    2441.88    2478.77   0.644805   -43.8338    40.4403    2155.86    2382.39    2.87839    135.896      0.016    6.58605    3.87572    3.99282    3.73539
     13500          0        0.2     1111.8    264.722    182.795    1936.63     870.34    2806.97    2441.77    2477.57   0.622618   -44.6986    40.7621    2154.86    2380.53    2.87988     137.99      0.016    5.80358    3.86347    3.98151    3.72424
     13400          0        0.2     1111.8    265.506    190.016    1951.71    896.806    2848.52    2441.74    2476.42   0.603115   -45.1332    41.0391    2153.95    2378.84    2.88134    143.638      0.016    5.81948    3.85421    3.97274    3.71581
     13300  0.0583752        0.2    1111.86    266.231    187.259    1967.19    926.178    2893.37    2441.78    2475.33   0.586034   -45.2716     41.277    2153.12    2377.28    2.88277    142.242      0.016    5.83465    3.84768    3.96665    3.70997
     13200  0.0870863        0.2    1117.73    270.015    208.153    1968.99    956.277    2925.27    2437.71    2474.99   0.628388   -46.9172    40.2965    2190.95    2418.25    2.75837    173.201      0.016    6.14845    3.86263    3.98604    3.72582
     13100   0.140063        0.2    1126.49    272.556     214.46     1976.5    992.969    2969.47    2435.95    2475.64   0.670443    -47.928    39.3976    2200.58    2427.45    2.72449    179.305      0.016    5.59739    3.86247    3.99485    3.73595
     13000  0.0522852        0.2    1140.41    274.767    219.951    1977.42    1029.25    3006.67     2437.1    2476.98   0.708408   -49.3474    38.5929    2205.67    2431.63    2.70757    184.754      0.016    5.79774    3.84471    3.99108    3.74152
     12900   0.209862        0.2    1145.79    276.621    225.807    1991.22    1067.16    3058.38    2433.28    2477.34   0.742031   -48.3681    37.8817    2209.41    2434.53    2.69554    190.274      0.016    5.15203     3.8173     3.9802    3.73893
     12800   0.248278        0.2    1166.82      278.2    231.585    2012.66    1104.48    3117.14     2438.5    2479.48   0.771688   -50.5672    37.2566    2212.49    2436.87    2.68693    195.713      0.016    4.87293     4.1874    3.96585     3.7335
     12700   0.151802        0.2    1191.55    279.909    233.153    2028.09    1141.79    3169.88    2444.58    2481.81   0.797964    -52.901     36.708    2215.43    2438.98    2.68026    197.723      0.016    4.96695    4.15543    3.95237    3.73242
     12600          0        0.2    1206.58     281.83    231.775    2032.11    1178.47    3210.58    2444.27    2482.88    0.82108   -52.8312     36.226     2218.4    2440.95     2.6728    196.927      0.016    4.63848    4.12178    3.93905    3.72977
     12500          0        0.2    1206.58    283.637    231.081    2034.16    1215.12    3249.27    2436.12    2482.37    0.84123   -49.8672    35.8017    2221.15    2442.78    2.66394    196.443      0.016    4.68943    4.08789     3.9233    3.71538
     12400          0        0.2    1206.58    285.246    230.697    2038.69    1254.26    3292.95    2429.75    2482.15   0.858635   -47.6827    35.4274    2223.63    2444.44    2.65409    196.289      0.016    4.72687    4.05482    3.90213    3.68864
     12300  0.0396747        0.2    1206.62    286.731    229.109    2044.87    1294.21    3339.08    2424.75    2482.14   0.873636   -46.1435    35.0963    2225.92    2445.99    2.64421    195.136      0.016    4.75547     4.0243    3.87609    3.65474
     12200   0.208299        0.2    1210.75    288.181    226.551    2065.28    1333.09    3398.36    2422.99    2482.74   0.886571    -46.047    34.8029    2228.11    2447.46     2.6347    193.047      0.016    4.77656    4.39552    3.84651    3.61844
     12100   0.191147        0.2    1231.56    289.825    225.266    2094.24    1370.47    3464.71    2430.52    2485.19   0.897791   -49.7499    34.5423    2230.43    2448.94    2.62659    191.859      0.016    4.79124    4.36576    3.81681    3.99207
     12000   0.178512        0.2    1250.67     291.73    224.802    2131.52     1412.1    3543.62    2435.67    2487.19   0.907625   -52.5355    34.3104    2232.96    2450.48    2.61965    191.456      0.016     4.4006    4.33584    4.19125    3.97445
     11900   0.167752        0.2    1268.51    293.791    225.236    2173.16    1451.34     3624.5    2439.27     2488.9   0.916223   -54.6658    34.1037    2235.61    2452.05    2.61278    191.816      0.016    4.40531     4.3065    4.16899    3.96035
     11800   0.210147        0.2    1285.32    295.951    226.345     2220.4    1492.25    3712.65    2441.82    2490.43   0.923676   -56.2812    33.9194    2238.31    2453.62    2.60576     192.81      0.016    4.40676    4.27858    4.14941    3.94757
     11700   0.169924        0.2     1306.3     298.23    234.713    2279.37     1533.9    3813.27    2446.32    2492.35   0.930081   -58.3855    33.7547    2241.06    2455.18    2.59884    199.683      0.016    4.40582    4.25351    4.13174    3.93714
     11600   0.121848        0.2    1323.24    285.204    208.367    2318.62    1561.74    3880.36    2452.45    2493.28   0.899801   -58.7611    34.6333    2200.87    2418.13    2.79787    161.439      0.016    5.04583    4.39902    3.85455    3.93598
     11500  0.0230315        0.2    1335.33    280.424    190.935    2350.12    1576.39    3926.51    2455.09     2493.3   0.865126   -60.4131    35.4829    2194.49    2414.33    2.83044    145.919      0.016    5.52625    3.80425    3.99564    3.98639
     11400          0        0.2    1337.61    279.518    167.853    2371.02    1587.96    3958.98    2452.96    2492.37   0.830029   -61.5445    36.2999     2191.2    2411.21    2.83829    126.297      0.016    6.15999    3.92924    3.65539    3.64196
     11300          0        0.2    1337.61    280.019    157.003    2385.92     1602.5    3988.42    2451.11    2491.43    0.79421   -63.3773    37.0709    2188.75    2407.98    2.84175    115.994      0.016    6.06094    3.98611    3.66583    3.68229
     11200          0        0.2    1337.61    280.982    153.158    2396.43    1618.63    4015.07     2450.5    2490.65   0.758592   -65.3841    37.7829    2186.71    2404.89    2.84429    112.278      0.016    6.00692    3.99545     3.6523    3.70645
     11100          0        0.2    1337.61    282.053    145.937    2405.69    1635.79    4041.48    2450.67    2489.94   0.724235   -67.2546    38.4281    2184.97    2402.07    2.84654    106.527      0.016    5.97954    3.97791    3.62942    3.71694
     11000          0        0.2    1337.61    283.102    136.992     2423.3    1654.09    4077.39     2451.3    2489.26   0.691935   -69.1742    39.0042    2183.46    2399.54    2.84856    99.1321      0.016    5.96816    3.94805     3.6076     3.7183
     10900          0        0.2    1337.61    284.091    131.873     2431.3    1670.58    4101.88    2452.16    2488.59   0.662166   -71.1304    39.5127    2182.12    2397.26    2.85042    94.5059      0.016    5.96656    3.91477    3.98921    3.71537
     10800          0        0.2    1337.61    285.012    128.974    2435.19    1690.04    4125.23    2453.12    2487.91   0.635139   -72.9403    39.9577    2180.93    2395.19    2.85212    91.8861      0.016    5.97096    3.88288    3.97204    3.71067
     10700          0        0.2    1337.61    285.866    125.165     2437.7    1709.68    4147.38    2454.06    2487.21   0.610879    -74.601    40.3448    2179.86    2393.33    2.85371     88.704      0.016    5.97895    3.85454     3.9575    3.70554
     10600          0        0.2    1337.61    286.657    120.912     2439.2    1729.44    4168.65    2454.95    2486.51   0.589294   -76.2185    40.6796    2178.89    2391.63    2.85518    85.0747      0.016    5.98905    3.83057    3.94598    3.70098
     10500          0        0.2    1337.61    287.392    118.324    2440.84    1749.33    4190.17    2455.74    2485.78   0.570218   -77.8081    40.9683    2178.02    2390.09    2.85657    82.6636      0.016     6.0003    3.81386    3.93742     3.6976
     10400          0        0.2    1337.61    288.083    116.731       2443    1771.22    4214.22    2456.43    2485.05   0.553444   -79.3064    41.2164    2177.22    2388.66    2.85788     81.148      0.016    6.01218    3.80548    3.93174    3.69572
     10300          0        0.2    1337.61    288.741    115.695     2447.5    1795.06    4242.56       2457    2484.31    0.53875   -80.7002    41.4292    2176.48    2387.33    2.85913    80.1088      0.016    6.02439    3.80152    3.92876    3.69549
     10200          0        0.2    1337.61     289.37    114.571    2451.19    1818.73    4269.92    2457.46    2483.56   0.525911   -81.9927    41.6113    2175.78    2386.08    2.86035    79.0858      0.016    6.03676    3.80003    3.92814    3.69693
     10100          0        0.2    1337.61    289.973    112.423    2463.58       1845    4308.58    2457.81     2482.8   0.514712   -83.2476    41.7671    2175.13    2384.89    2.86155    77.2107      0.016    6.04915    4.19997    3.92954    3.69995
     10000          0        0.2    1337.61     290.55    109.949    2469.34    1871.55    4340.89    2458.06    2482.03   0.504954   -84.5169    41.9003     2174.5    2383.76    2.86272    75.0518      0.016    6.06146    3.80089    3.93262    3.70441
      9900          0        0.2    1337.61    291.103    107.305    2474.51    1898.35    4372.86    2458.23    2481.25   0.496453   -85.8208     42.014    2173.91    2382.67    2.86387    72.7354      0.016     6.0736     3.8024    3.93708    3.71013
      9800          0        0.2    1337.61    291.632    104.528    2478.67    1926.24    4404.91    2458.31    2480.47   0.489046   -87.1685    42.1111    2173.33    2381.64    2.86499    70.2985      0.016    6.08553     3.8043    3.94269    3.71692
      9700          0        0.2    1337.61     292.14    101.642    2490.05    1955.19    4445.24    2458.32    2479.69   0.482587   -88.5655    42.1939    2172.78    2380.64    2.86609    67.7595      0.016     6.0972    3.80649    3.94921    3.72461
      9600          0        0.2    1337.61    292.626    98.6686    2502.14    1985.19    4487.32    2458.27     2478.9   0.476948   -90.0146    42.2647    2172.25    2379.68    2.86715    65.1355      0.016    6.10858    3.80888    3.95645    3.73303
      9500          0        0.2    1337.61    293.092    95.6189    2509.95     2016.2    4526.15    2458.16    2478.12   0.472019   -91.5173    42.3252    2171.73    2378.76    2.86819    62.4365      0.016    6.11987     3.8114    3.96428    3.74204
      9400          0        0.2    1337.61     293.54    93.3029    2518.91    2044.54    4563.45    2458.01    2477.33     0.4677   -93.0585    42.3768    2171.23    2377.87    2.86921    60.2741      0.016    6.13126    3.81405    3.97256     3.7515
      9300          0        0.2    1337.61    293.972     91.422    2527.04    2074.72    4601.76    2457.83    2476.56   0.463908   -94.5955     42.421    2170.74       2377    2.87019    58.5019      0.016    6.14259     3.8168    3.98121    3.76132
      9200          0        0.2    1337.61    294.391    89.7728     2534.1    2105.41    4639.51    2457.61    2475.78    0.46057   -96.1119    42.4588    2170.27    2376.17    2.87116    56.9287      0.016    6.15376    3.81963    3.99015     3.7714
      9100          0        0.2    1337.61    294.796    88.2815    2535.12     2138.2    4673.33    2457.36    2475.02   0.457622   -97.6007    42.4911    2169.81    2375.36     2.8721    55.4924      0.016    6.16475     3.8227     3.9993    3.78167
      9000          0        0.2    1337.61    295.189    86.9169     2538.3    2174.09    4712.39    2457.09    2474.26   0.455012   -99.0583    42.5188    2169.36    2374.57    2.87302    54.1672      0.016    6.17552    3.82719    3.60788    3.79204
      8900          0        0.2    1337.61    295.573    85.6735     2545.8    2209.02    4754.81     2456.8    2473.51   0.452692   -100.482    42.5426    2168.93     2373.8    2.87391    52.9473      0.016    6.18609    3.83291    3.61608    3.40209
      8800          0        0.2    1337.61    295.948    84.5262    2549.84    2244.44    4794.28    2456.51    2472.79   0.450626   -101.871    42.5629    2168.51    2373.05    2.87479    51.8143      0.016    6.19648    3.83953    3.62382    3.40923
      8700          0        0.2    1337.61    296.315     83.459    2561.42    2280.35    4841.77    2456.21    2472.09   0.448789   -103.222    42.5804     2168.1    2372.33    2.87565    50.7541      0.016    5.40601    3.84677    3.63073    3.41437
      8600          0        0.2    1337.61    296.672    82.4638    2578.22    2316.48    4894.69    2455.92    2471.42   0.447152   -104.535    42.5954    2167.71    2371.64    2.87649    49.7596      0.016    5.41462     3.8544    3.63695     3.4185
      8500          0        0.2    1337.61    297.017    81.5326    2588.85    2352.79    4941.64    2455.63    2470.79    0.44569   -105.811    42.6083    2167.35    2370.98     2.8773     48.824      0.016    5.42275    3.86222    3.64277     3.4229
      8400          0        0.2    1337.61    297.349    81.0856    2602.96    2388.84    4991.81    2455.34    2470.18   0.444377   -107.041    42.6195       2167    2370.35    2.87809    48.2647      0.016    5.43051    3.87011     3.6486    3.42811
      8300          0        0.2    1337.61    297.669    80.9586    2605.66    2428.21    5033.87    2455.06    2469.59   0.443193   -108.201     42.629    2166.66    2369.75    2.87885     47.998      0.016    5.43797    3.87799    3.65459    3.43384
      8200          0        0.2    1337.61    297.978    81.0471    2612.77    2467.31    5080.08    2454.78    2469.02   0.442121   -109.285    42.6372    2166.34    2369.16    2.87958    47.9236      0.016    5.44515    3.88583    3.66074    3.43995
      8100          0        0.2    1337.61    298.279    81.3236    2616.75    2506.14     5122.9    2454.51    2468.46   0.441145   -110.286    42.6443    2166.02     2368.6     2.8803      48.02      0.016     5.4521    3.89362    3.66702    3.44632
      8000          0        0.2    1337.61    298.571    81.7548    2628.65    2544.99    5173.64    2454.23    2467.92   0.440253   -111.203    42.6505    2165.72    2368.05      2.881    48.2595      0.016    5.45885    3.90135    3.67341    3.45288
      7900          0        0.2    1337.61    298.855    82.3896    2631.32    2583.84    5215.17    2453.95    2467.38   0.439433   -112.032    42.6557    2165.41    2367.51    2.88169    48.6775      0.016    5.46541      3.909    3.67987    3.45957
      7800          0        0.2    1337.61    299.133      83.19    2636.22    2623.28     5259.5    2453.68    2466.86   0.438677   -112.771    42.6603    2165.12    2366.98    2.88236    49.2508      0.016    5.47181    3.91657    3.68637    3.46635
      7700          0        0.2    1337.61    299.405    84.1428     2643.3    2662.28    5305.58    2453.41    2466.34   0.437975   -113.417    42.6642    2164.83    2366.46    2.88302    49.9644      0.016    5.47806    3.92407    3.69296     3.4732
      7600          0        0.2    1337.61    299.671    85.2582    2648.18    2701.85    5350.03    2453.14    2465.83   0.437323   -113.969    42.6676    2164.54    2365.95    2.88367    50.8289      0.016    5.48418    3.93148    3.69969    3.48012
      7500          0        0.2    1337.61    299.933    86.5076    2648.73    2741.96    5390.69    2452.86    2465.32   0.436712   -114.426    42.6706    2164.26    2365.45     2.8843    51.8206      0.016    5.49018    3.93883    3.70649    3.48711
      7400          0        0.2    1337.61     300.19    86.8498    2652.59     2782.6    5435.19     2452.6    2464.83   0.436138   -114.806    42.6731    2163.98    2364.95    2.88493    52.1487      0.016    5.49608     3.9461    3.71333    3.49414
      7300          0        0.2    1337.61    300.443    86.6651    2657.87    2821.77    5479.64    2452.33    2464.33   0.435596   -115.166    42.6753     2163.7    2364.47    2.88555    52.0024      0.016    5.50188    3.95331    3.72019    3.50121
      7200          0        0.2    1337.61    300.693    86.2117    2666.86    2859.46    5526.32    2452.06    2463.85   0.435082   -115.527    42.6772    2163.43    2363.98    2.88616    51.6263      0.016     5.5076    3.96045    3.72704     3.5083
      7100          0        0.2    1337.61    300.939    85.5754    2676.58     2898.1    5574.69     2451.8    2463.36   0.434594   -115.898    42.6788    2163.16    2363.51    2.88676     51.092      0.016    5.51323    3.96753    3.73389    3.51539
      7000          0        0.2    1337.61    301.182    84.8033    2678.68    2941.68    5620.36    2451.53    2462.88   0.434126   -116.285    42.6803    2162.89    2363.04    2.88736    50.4386      0.016     5.5188    3.97455    3.74072    3.52248
      6900          0        0.2    1337.61    301.422    83.9367     2680.8    2985.01    5665.81    2451.27    2462.41   0.433679   -116.691    42.6815    2162.63    2362.57    2.88795    49.7001      0.016    5.52429     3.9815    3.74753    3.52955
      6800          0        0.2    1337.61    301.659    82.9949    2681.15    3023.76    5704.91    2451.01    2461.94   0.433248   -117.116    42.6826    2162.36    2362.11    2.88853    48.8938      0.016    5.52972     3.9884    3.75431     3.5366
      6700          0        0.2    1337.61    301.894    82.0018    2681.22    3063.56    5744.78    2450.75    2461.47   0.432833   -117.561    42.6835     2162.1    2361.66    2.88911    48.0379      0.016    5.53509    3.99523    3.76105    3.54363
      6600          0        0.2    1337.61    302.125    80.9858    2681.89    3106.28    5788.17    2450.49    2461.01   0.432431   -118.024    42.6843    2161.85    2361.21    2.88968    47.1583      0.016    5.54039    3.60176    3.76775    3.55062
      6500          0        0.2    1337.61    302.354    79.9372    2684.07    3147.54    5831.61    2450.23    2460.56   0.432042   -118.506     42.685    2161.59    2360.76    2.89024    46.2473      0.016    5.54564    3.60598    3.77439    3.55756
      6400          0        0.2    1337.61    302.576    79.1632    2686.79    3188.91     5875.7    2449.98     2460.1   0.431665   -119.001    42.6856    2161.34    2360.33    2.89079     45.538      0.016    5.55078    3.60891    3.78088    3.56445
      6300          0        0.2    1337.61     302.79    78.5514    2688.66    3228.75    5917.41    2449.73    2459.66   0.431299   -119.492    42.6861    2161.09     2359.9    2.89133    44.9745      0.016    5.55578    3.61132    3.78721    3.57125
      6200          0        0.2    1337.61    302.997    78.0345    2694.81    3267.95    5962.76    2449.48    2459.22   0.430945   -119.972    42.6866    2160.85    2359.48    2.89186    44.4904      0.016    5.56064    3.61348    3.79336    3.57793
      6100          0        0.2    1337.61    303.196    77.6029    2701.86     3306.5    6008.35    2449.24    2458.78   0.430602    -120.44     42.687    2160.61    2359.08    2.89237    44.0795      0.016    5.56535    3.61551    3.79935    3.58447
      6000          0        0.2    1337.61    303.388    77.2284    2705.67    3344.38    6050.05    2448.99    2458.36   0.430271   -120.892    42.6873    2160.38    2358.69    2.89286    43.7184      0.016     5.5699    3.61747    3.40474    3.59086
      5900          0        0.2    1337.61    303.574    76.8995    2707.52    3384.26    6091.78    2448.76    2457.94   0.429951   -121.328    42.6876    2160.16    2358.31    2.89334    43.3974      0.016    5.57429    3.61935    3.40964    3.59697
      5800          0        0.2    1337.61    303.752    76.6078    2711.95    3422.51    6134.45    2448.53    2457.54   0.429643   -121.747    42.6879    2159.94    2357.94     2.8938    43.1095      0.016    5.57852    3.62117    3.41425    3.20244
      5700          0        0.2    1337.61    303.923    76.3477    2717.24    3460.53    6177.78     2448.3    2457.15    0.42935    -122.15    42.6881    2159.73    2357.59    2.89424    42.8499      0.016     5.5826    3.62336     3.4184     3.2062
      5600          0        0.2    1337.61    304.087    76.1156    2724.22    3498.47    6222.69    2448.09    2456.78   0.429076   -122.537    42.6883    2159.54    2357.25    2.89467    42.6158      0.016    5.58652    3.62615    3.42201    3.20898
      5500          0        0.2    1337.61    304.246    75.9085    2727.22    3536.32    6263.54    2447.89    2456.44   0.428819   -122.907    42.6885    2159.35    2356.94    2.89508    42.4043      0.016    5.59029    3.62931    3.42521    3.21121
      5400          0        0.2    1337.61    304.398    75.0116    2729.59    3574.29    6303.88     2447.7    2456.12   0.428581   -123.275    42.6886    2159.18    2356.64    2.89547    41.6714      0.016    5.59392    3.63268    3.42811    3.21312
      5300          0        0.2    1337.61    304.545    73.6897    2734.76    3612.38    6347.14    2447.53    2455.82   0.428359    -123.68    42.6887    2159.01    2356.35    2.89585    40.5506      0.016    5.59742    3.63617    3.43081    3.21481
      5200          0        0.2    1337.61    304.686    72.1364    2741.92    3647.27    6389.19    2447.36    2455.53   0.428153   -124.135    42.6888    2158.86    2356.08    2.89621    39.2225      0.016    5.60078     3.6397    3.43336    3.21635
      5100          0        0.2    1337.61    304.822    70.4334    2747.77    3682.89    6430.66    2447.21    2455.27   0.427961   -124.647    42.6889    2158.71    2355.83    2.89656    37.7579      0.016    5.60403    3.64323     3.4358    3.21779
      5000          0        0.2    1337.61    304.953    68.5961    2759.91    3719.24    6479.15    2447.06    2455.02   0.427783   -125.217     42.689    2158.58    2355.59     2.8969    36.1696      0.016    5.60715    3.64672    3.43814    3.21925
      4900          0        0.2    1337.61    305.079    66.6745    2773.48    3754.32    6527.81    2446.92    2454.79   0.427616   -125.846    42.6891    2158.45    2355.35    2.89723    34.4976      0.016    5.61017    3.65015     3.4405    3.22107
      4800          0        0.2    1337.61    305.202     64.672    2782.87    3788.77    6571.65    2446.79    2454.56   0.427459   -126.533    42.6891    2158.32    2355.13    2.89754    32.7485      0.016    5.61308    3.65352    3.44293    3.22315
      4700          0        0.2    1337.61     305.32    62.6056    2786.36    3822.59    6608.95    2446.66    2454.34    0.42731   -127.278    42.6892     2158.2    2354.92    2.89785    30.9339      0.016    5.61589    3.65683    3.44543    3.22542
      4600          0        0.2    1337.61    305.436    60.5054    2798.69    3858.23    6656.92    2446.54    2454.13   0.427168   -128.077    42.6892    2158.08    2354.71    2.89815    29.0818      0.016    5.61862    3.66008    3.44799    3.22783
      4500          0        0.2    1337.61    305.548    58.3521    2812.82    3894.68     6707.5    2446.42    2453.92   0.427032    -128.93    42.6893    2157.97     2354.5    2.89845    27.1766      0.016    5.62128    3.66326    3.45059    3.23033
      4400          0        0.2    1337.61    305.659    56.5152    2827.57    3929.24    6756.81     2446.3    2453.71   0.426901   -129.828    42.6893    2157.86     2354.3    2.89874    25.4998      0.016    5.62386    3.66639    3.45322    3.23291
      4300          0        0.2    1337.61    305.767    54.8557    2839.93     3963.5    6803.44    2446.18    2453.51   0.426776   -130.752    42.6894    2157.74     2354.1    2.89902    23.9809      0.016    5.62639    3.66946    3.45586    3.23555
      4200          0        0.2    1337.61    305.872    53.2868    2856.76    3997.18    6853.93    2446.07    2453.31   0.426654   -131.692    42.6894    2157.63     2353.9    2.89931    22.5356      0.016    5.62887    3.67248    3.45852    3.23821
      4100          0        0.2    1337.61    305.977    51.7908    2877.59    4031.45    6909.05    2445.95    2453.12   0.426536   -132.644    42.6894    2157.52    2353.71    2.89959    21.1507      0.016    5.63129    3.67545    3.46117    3.24091
      4000          0        0.2    1337.61    306.079    50.3375    2898.83    4064.23    6963.06    2445.84    2452.92   0.426421   -133.606    42.6894    2157.42    2353.52    2.89986    19.8009      0.016    5.63368    3.67838    3.46382    3.24361
      3900          0        0.2    1337.61     306.18    48.9125    2922.84    4095.51    7018.35    2445.73    2452.73    0.42631   -134.576    42.6894    2157.31    2353.33    2.90013    18.4744      0.016    5.63602    3.68126    3.46645    3.24632
      3800          0        0.2    1337.61    306.279     47.506    2945.35    4128.34     7073.7    2445.62    2452.54   0.426201   -135.554    42.6895     2157.2    2353.15     2.9004    17.1628      0.016    5.63832    3.68409    3.46907    3.24902
      3700          0        0.2    1337.61    306.377    45.5471    2972.03    4161.39    7133.42    2445.52    2452.36   0.426095   -136.542    42.6895     2157.1    2352.96    2.90067    15.4672      0.016    5.64059    3.68689    3.47167    3.25172
      3600          0        0.2    1337.61    306.473    42.0573    2996.33    4194.67       7191    2445.41    2452.17   0.425992   -137.613    42.6895       2157    2352.78    2.90093    12.4686      0.016    5.64283    3.68964    3.47425     3.2544
      3500          0        0.2    1337.61    306.568    37.9067     3019.9    4226.23    7246.14     2445.3    2451.99   0.425891   -138.819    42.6895    2156.89     2352.6    2.90119    8.88451      0.016    5.64503    3.69236    3.47681    3.25707
      3400          0        0.2    1337.61    306.662    33.5158    3039.56     4258.9    7298.46     2445.2    2451.81   0.425792   -140.178    42.6895    2156.79    2352.43    2.90144    5.05066      0.016    5.64721    3.69503    3.47934    3.25972
      3300          0        0.2    1337.61    306.755    28.8877    3049.96     4291.3    7341.26     2445.1    2451.63   0.425695   -141.685    42.6895    2156.69    2352.25     2.9017    1.00057      0.016    5.64935    3.69768    3.48185    3.26235
      3200          0        0.2    1337.61    306.846    24.5817    3061.65    4323.45     7385.1       2445    2451.45     0.4256   -143.335    42.6895    2156.59    2352.08    2.90195   -2.88257      0.016    5.65147    3.70029    3.48433    3.26495
      3100          0        0.2    1337.61    306.936    21.5861    3071.79    4355.73    7427.52     2444.9    2451.27   0.425508   -145.057    42.6895     2156.5    2351.91     2.9022   -5.67221      0.016    5.65356    3.70286    3.48678    3.26753
      3000          0        0.2    1337.61    307.025    19.0522    3084.95    4388.16    7473.11     2444.8     2451.1   0.425417   -146.797    42.6895     2156.4    2351.74    2.90245   -8.06724      0.016    5.65562     3.7054     3.4892    3.27008
      2900          0        0.2    1337.61    307.113    16.8429    3098.55    4419.77    7518.32     2444.7    2450.93   0.425328   -148.532    42.6895     2156.3    2351.57    2.90269   -10.1864      0.016    5.65766    3.70791    3.49163    3.27261
      2800          0        0.2    1337.61      307.2    14.8623    3112.49    4451.67    7564.17     2444.6    2450.76   0.425242   -150.251    42.6895    2156.21    2351.41    2.90293   -12.1071      0.016    5.65967    3.71039    3.49406    3.27512
      2700          0        0.2    1337.61    307.286     12.879    3119.42    4480.06    7599.48     2444.5    2450.59   0.425157   -151.948    42.6895    2156.12    2351.25    2.90317   -14.0001      0.016    5.66166    3.71284    3.49649    3.27763
      2600          0        0.2    1337.61    307.372    10.5611     3121.7    4513.53    7635.23    2444.41    2450.42   0.425073   -153.642    42.6895    2156.02    2351.09    2.90341   -16.1731      0.016    5.66362    3.71526     3.4989    3.28012
      2500          0        0.2    1337.61    307.456    8.14341    3131.76    4543.09    7674.85    2444.31    2450.26   0.424991   -155.347    42.6895    2155.93    2350.93    2.90364   -18.4329      0.016    5.66557    3.71766    3.50129     3.2826
      2400          0        0.2    1337.61    307.539    5.69799    3143.75    4573.03    7716.78    2444.22    2450.09   0.424911    -157.07    42.6895    2155.84    2350.77    2.90388   -20.7217      0.016    5.66749    3.72004    3.50366    3.28506
      2300          0        0.2    1337.61    307.622    3.22723    3153.71     4603.5    7757.21    2444.13    2449.93   0.424832   -158.808    42.6895    2155.75    2350.61    2.90411   -23.0327      0.016     5.6694    3.72239    3.50601     3.2875
      2200          0        0.2    1337.61    307.703    0.88823     3157.1     4634.5     7791.6    2444.04    2449.77   0.424754   -160.563    42.6895    2155.66    2350.46    2.90434   -25.2574      0.016    5.67128    3.72472    3.50834    3.28993
      2100          0        0.2    1337.61    307.784   -1.04504    3167.57    4665.48    7833.05    2443.95    2449.61   0.424678   -162.314    42.6895    2155.57     2350.3    2.90456   -27.1387      0.016    5.67315    3.72702    3.51065    3.29233
      2000          0        0.2    1337.61    307.864   -2.81213    3177.85    4696.45     7874.3    2443.86    2449.46   0.424603   -164.046    42.6896    2155.49    2350.15    2.90479   -28.8743      0.016      5.675     3.7293    3.51293    3.29472
      1900          0        0.2    1337.61    307.943   -4.45289    3187.28    4726.86    7914.14    2443.77     2449.3    0.42453   -165.752    42.6896     2155.4       2350    2.90501   -30.4985      0.016    5.67683    3.73156    3.51519    3.29708
      1800          0        0.2    1337.61    308.022   -5.99564    3197.65    4757.21    7954.87    2443.68    2449.15   0.424458   -167.429    42.6896    2155.31    2349.85    2.90523   -32.0345      0.016    5.67864     3.7338    3.51743    3.29942
      1700          0        0.2    1337.61    308.099   -7.55278     3209.3    4786.69    7995.98    2443.59    2448.99   0.424387   -169.075    42.6896    2155.23     2349.7    2.90546   -33.5636      0.016    5.68043    3.73601    3.51964    3.30173
      1600          0        0.2    1337.61    308.176   -9.29838    3218.12    4814.57    8032.69    2443.51    2448.84   0.424318   -170.701    42.6896    2155.14    2349.56    2.90567   -35.2481      0.016    5.68221     3.7382    3.52183    3.30402
      1500          0        0.2    1337.61    308.252   -11.0958    3226.46    4844.28    8070.75    2443.42    2448.69   0.424249   -172.316    42.6896    2155.06    2349.41    2.90589   -36.9755      0.016    5.68396    3.74037      3.524    3.30629
      1400          0        0.2    1337.61    308.328   -12.9312    3235.28    4875.66    8110.94    2443.34    2448.55   0.424182   -173.923    42.6896    2154.98    2349.27     2.9061   -38.7333      0.016     5.6857    3.74252    3.52614    3.30854
      1300          0        0.2    1337.61    308.402   -14.7892    3240.27    4906.33     8146.6    2443.25     2448.4   0.424117   -175.524    42.6896     2154.9    2349.13    2.90632   -40.5097      0.016    5.68743    3.74464    3.52826    3.31077
      1200          0        0.2    1337.61    308.476   -16.3831    3247.09    4936.29    8183.38    2443.17    2448.26   0.424052   -177.117    42.6896    2154.82    2348.99    2.90653   -42.1028      0.016    5.68913    3.74675    3.53036    3.31297
      1100          0        0.2    1337.61    308.549   -17.2284    3250.89    4965.63    8216.52    2443.09    2448.11   0.423989   -178.669    42.6896    2154.74    2348.85    2.90674   -43.0578      0.016    5.69082    3.74883    3.53244    3.31514
      1000          0        0.2    1337.61    308.621     -17.75    3252.64    4994.48    8247.12    2443.01    2447.97   0.423927   -180.152    42.6896    2154.66    2348.71    2.90695   -43.7254      0.016    5.69249    3.75089    3.53449     3.3173
       900          0        0.2    1337.61    308.693   -17.9245    3254.87    5023.53    8278.39    2442.93    2447.83   0.423866   -181.554    42.6896    2154.58    2348.58    2.90715   -44.0951      0.016    5.69414    3.75293    3.53652    3.31943
       800          0        0.2    1337.61    308.763   -17.8374    3258.42    5048.97    8307.39    2442.85    2447.69   0.423807   -182.865    42.6896     2154.5    2348.45    2.90736   -44.2258      0.016    5.69578    3.75495    3.53852    3.32154
       700          0        0.2    1337.61    308.833   -17.4402    3259.84    5073.74    8333.57    2442.77    2447.55   0.423749   -184.079    42.6896    2154.42    2348.31    2.90756   -44.0947      0.016     5.6974    3.75695    3.54051    3.32362
       600          0        0.2    1337.61    308.903   -16.5786    3271.22    5101.46    8372.68    2442.69    2447.42   0.423692    -185.18    42.6896    2154.35    2348.18    2.90776    -43.554      0.016      5.699    3.75893    3.54247    3.32568
       500          0        0.2    1337.61    308.971   -15.4372    3283.16    5129.79    8412.96    2442.61    2447.28   0.423636   -186.157    42.6896    2154.27    2348.05    2.90796   -42.7565      0.016    5.70058    3.76089    3.54441    3.32772
       400          0        0.2    1337.61    309.039   -13.9911    3307.61     5156.1    8463.71    2442.54    2447.15   0.423581   -187.006    42.6896     2154.2    2347.92    2.90815   -41.6877      0.016    5.70215    3.76282    3.54633    3.32974
       300          0        0.2    1337.61    309.106   -12.2954    3321.44    5187.48    8508.92    2442.46    2447.02   0.423528    -187.72    42.6896    2154.13     2347.8    2.90835    -40.385      0.016    5.70371    3.76474    3.54823    3.33174
       200          0        0.2    1337.61    309.172   -10.1299    3342.17    5219.36    8561.53    2442.39    2446.89   0.423475   -188.296    42.6896    2154.05    2347.67    2.90854   -38.7021      0.016    5.70524    3.76663    3.55011    3.33371
       100          0        0.2    1337.61    309.238   -7.06843    3348.16    5247.14    8595.31    2442.31    2446.76   0.423424     -188.7    42.6896    2153.98    2347.55    2.90874   -36.2368      0.016    5.70678    3.76851    3.55196    3.33566
         0          0        0.2    1337.61    309.303   -3.52396    3355.07    5274.99    8630.06    2442.24    2446.63   0.423374   -188.907    42.6896    2153.91    2347.43    2.90893   -33.3305      0.016    5.70838    3.77037     3.5538    3.33759