     20000          0        1.2          0    179.437    415.631     17.399    14.2831     31.682    2343.43    2426.93   0.785391    51.8336    39.9574    2049.96     2345.7    2.72671    328.445      0.016    5.73044    4.59858    4.35318    4.39114
     19900          0        1.2          0    179.437     414.68    28.2793    29.7361    58.0154    2343.43    2426.93   0.785563    51.7019    39.9574    2049.96     2345.7    2.72686    327.608      0.016    5.73044    4.59858    4.35318    4.39114
     19800          0        1.2          0    179.437    414.027    44.2321    46.3592    90.5912    2343.43    2426.93   0.785735    51.5707    39.9574    2049.96     2345.7    2.72701    326.992      0.016    5.73044    4.59858    4.35318    4.39114
     19700          0        1.2          0    179.437    413.765    53.1471    60.5222    113.669    2343.43    2426.93   0.785907    51.4563    39.9574    2049.96     2345.7    2.72716     326.68      0.016    5.73044    4.59858    4.35318    4.39114
     19600  0.0414251        1.2  0.0414251    179.437    413.802    62.7691    72.5053    135.274    2343.45    2426.96   0.786079    51.3637    39.9574    2049.96     2345.7    2.72731    326.622      0.016    5.73044    4.59858    4.35318    4.39114
     19500          0        1.2    4.14251    179.438    411.945    64.9043    82.0175    146.922    2345.62    2429.56   0.786154    50.3289    39.9574    2050.26    2346.06    2.72719    325.309      0.016    5.73044    4.59858    4.35309    4.39057
     19400          0        1.2    4.14251    179.439    409.048    76.3966    94.0987    170.495    2345.19    2429.05   0.786263    50.3995    39.9574     2050.6    2346.48    2.72714    323.112      0.016    5.73043    4.59857    4.35276     4.3898
     19300          0        1.2    4.14251    179.439    406.408    86.2887    106.209    192.498    2344.89    2428.69   0.786483    50.3029    39.9574    2050.63    2346.51    2.72728    321.007      0.016     5.7304    4.59851    4.35238    4.38934
     19200          0        1.2    4.14251     179.44    403.784    87.7048     118.35    206.055    2344.67    2428.42   0.786702    50.0748    39.9574    2050.59    2346.46    2.72744    318.927      0.016    5.73033    4.59842    4.35207    4.38906
     19100 0.00119477        1.2     4.1437     179.44    402.888    87.7926        130    217.793    2344.49     2428.2   0.786905    49.7606    39.9574    2050.54     2346.4    2.72761    317.974      0.016    5.73023     4.5983    4.35184    4.38889
     19000          0        1.2    4.26199     179.44    403.028    88.5207     142.46    230.981    2344.41     2428.1    0.78709    49.4277    39.9574    2050.51    2346.36    2.72777    317.893      0.016    5.73013    4.59817    4.35166    4.38877
     18900          0        1.2    4.26199     179.44    401.354    90.2746     155.73    246.005    2344.28    2427.95   0.787268    49.1424    39.9574    2050.48    2346.32    2.72794    316.691      0.016    5.73001    4.59803    4.35153     4.3887
     18800          0        1.2    4.26199     179.44    398.674     99.841     166.26    266.101    2344.18    2427.83   0.787442    48.7802    39.9574    2050.44    2346.28     2.7281    314.614      0.016    5.72989    4.59789    4.35143    4.38868
     18700          0        1.2    4.26199     179.44    396.822    120.999     178.09    299.089     2344.1    2427.73   0.787612    48.3314    39.9574    2050.41    2346.24    2.72827    313.005      0.016    5.72977    4.59776    4.35137    4.38868
     18600          0        1.2    4.26199     179.44    395.372    155.437     192.55    347.987    2344.03    2427.65   0.787779    47.8446    39.9574    2050.38    2346.21    2.72843     311.75      0.016    5.72966    4.59764    4.35132    4.38869
     18500          0        1.2    4.26199     179.44     393.98    197.396     201.23    398.626    2343.97    2427.58   0.787945    47.3358    39.9574    2050.36    2346.18     2.7286    310.552      0.016    5.72955    4.59753    4.35129    4.38872
     18400          0        1.2    4.26199     179.44     392.65    206.096     209.46    415.556    2343.93    2427.53    0.78811    46.8087    39.9574    2050.34    2346.15    2.72876    309.395      0.016    5.72945    4.59743    4.35128    4.38876
     18300          0        1.2    4.26199     179.44    389.543    209.909    218.039    427.948    2343.89    2427.48   0.788274    46.2375    39.9574    2050.32    2346.13    2.72892    307.055      0.016    5.72936    4.59735    4.35127     4.3888
     18200          0        1.2    4.26199     179.44    385.338    234.871    226.619     461.49    2343.86    2427.44   0.788438    45.5393    39.9574     2050.3    2346.11    2.72907    303.773      0.016    5.72928    4.59728    4.35127    4.38884
     18100          0        1.2    4.26199    179.441    381.754    283.878    234.672    518.549    2343.83    2427.41   0.788603    44.6998    39.9574    2050.29     2346.1    2.72923    300.788      0.016     5.7292    4.59722    4.35128    4.38888
     18000          0        1.2    4.26199    179.441    378.404    328.334    243.284    571.618    2343.81    2427.39   0.788768    43.7615    39.9574    2050.28    2346.08    2.72939    298.005      0.016    5.72914    4.59717    4.35128    4.38893
     17900          0        1.2    4.26199    179.441    377.447    365.427    253.314     618.74    2343.79    2427.36   0.788933    42.7776    39.9574    2050.27    2346.07    2.72954    296.806      0.016    5.72908    4.59712    4.35129    4.38897
     17800          0        1.2    4.26199    179.441    377.965    400.601    264.203    664.804    2343.78    2427.34   0.789099    41.8662    39.9574    2050.26    2346.06    2.72969    296.848      0.016    5.72903    4.59709    4.35131      4.389
     17700          0        1.2    4.26199    179.441    376.064    435.328    274.482    709.809    2343.76    2427.33   0.789265    41.0276    39.9574    2050.25    2346.05    2.72985    295.413      0.016    5.72899    4.59706    4.35132    4.38904
     17600          0        1.2    4.26199    179.441    372.844    459.164    288.765     747.93    2343.75    2427.31   0.789431    40.1365    39.9574    2050.25    2346.04       2.73    292.834      0.016    5.72895    4.59704    4.35133    4.38907
     17500    0.20394        1.2    4.46593    179.441    372.917    466.967    302.709    769.676    2343.86    2427.45   0.789598    39.1558    39.9574    2050.24    2346.04    2.73015    292.355      0.016    5.72892    4.59702    4.35135    4.38911
     17400    0.32718        1.2    24.9832    182.122    404.866    496.323    312.369    808.692     2349.3    2441.03   0.817099    32.6099    39.0482    2090.67    2391.32    2.64166    339.852      0.016    5.71955    4.59033    4.35022     4.3886
     17300   0.294967        1.2     57.669    182.948    414.301    525.984    322.144    848.128    2360.99     2461.1   0.848465    25.7244    38.2531    2100.69    2402.36    2.61979    347.965      0.016    5.71633    4.58206    4.33832    4.37036
     17200   0.335298        1.2     87.206    183.416     419.76    562.814    335.814    898.628    2369.43     2476.5    0.87709    21.3717    37.5586    2106.94    2409.32    2.60749    352.417      0.016    5.71946    4.57263      4.318    4.33908
     17100   0.480935        1.2    120.881     183.88    422.859    618.523    350.564    969.087    2379.21    2492.84   0.902485      17.14    36.9519    2112.65    2415.62    2.59707    354.888      0.016    5.72647    4.56063    4.29029    4.29888
     17000   0.396425        1.2     168.89    184.452    424.126    669.909    368.212    1038.12    2395.59    2516.53   0.924811    10.6053     36.422    2118.42    2421.86    2.58676     355.84      0.016    5.73488    4.54307    4.25604    4.25033
     16900   0.293395        1.2     208.43    185.152    419.393    712.772    386.685    1099.46     2405.2    2531.59   0.944396    7.26629    35.9588    2124.44    2428.22    2.57679    352.275      0.016    5.74275    4.52102    4.21561    4.59757
     16800   0.273511        1.2     237.75    185.973     410.73    754.172    405.902    1160.07    2408.43    2538.54   0.961526    6.48075    35.5537    2130.32    2434.24    2.56808    345.181      0.016    5.74872    4.49447    4.57086    4.54519
     16700   0.273415        1.2    265.101    186.899    400.864    796.306    426.892     1223.2    2410.78    2544.02   0.976382    5.66988     35.199    2135.75    2439.57    2.56055    336.893      0.016    5.75199    4.46391    4.52303    4.49174
     16600   0.339077        1.2    292.508    187.918    389.861    835.138    452.125    1287.26    2413.35    2549.41   0.989133    4.30064    34.8882    2140.73    2444.25    2.55378     327.68      0.016    5.75216    4.42954    4.47375    4.43797
     16500   0.433602        1.2     326.51    189.015    389.836    877.813    471.463    1349.28    2419.56    2558.84   0.999975    1.15213    34.6155    2145.45    2448.48    2.54731    326.342      0.016    5.74911    4.79409    4.42384    4.78599
     16400   0.525192        1.2    369.962    190.182    397.007    934.131    495.248    1429.38    2430.29     2573.4    1.00912    -3.4497     34.376    2150.17    2452.64    2.54065    331.704      0.016    5.74297    4.75552    4.77431    4.73268
     16300   0.588319        1.2    422.544     191.41    400.815    999.245    516.353     1515.6    2444.65    2592.08    1.01682   -8.86071    34.1655    2155.17    2457.06    2.53358    335.244      0.016    5.73397    4.71403     4.7226    4.67561
     16200   0.522584        1.2     481.31     192.69    402.833    1068.16    543.109    1611.27    2460.56     2612.4    1.02331   -14.3756    33.9801     2160.6    2461.94    2.52613    336.965      0.016     5.7223    4.67043    4.66906    4.61521
     16100   0.410258        1.2    533.456    194.009    392.649    1131.67    572.837     1704.5    2470.98    2625.93    1.02879   -17.4688    33.8167    2166.36    2467.18    2.51881    329.656      0.016    5.70808    4.62525    4.61412    4.95731
     16000   0.380654        1.2    574.452     195.36    374.357    1183.26     601.18    1784.44    2474.52    2631.03     1.0334   -18.3655    33.6725    2172.06    2472.31    2.51229    314.863      0.016    5.69171    4.98177    4.96019     4.8999
     15900   0.370519        1.2    612.508    196.738     364.51    1228.46    628.295    1856.76    2476.73    2634.37    1.03718    -19.485    33.5449    2177.36    2476.92    2.50655    305.547      0.016    5.67384    4.93635    4.90612      4.845
     15800   0.401094        1.2     649.59    198.137    359.767    1275.49    652.517    1928.01    2478.73    2637.34    1.04011   -20.8008     33.432    2182.24    2481.01    2.50121    301.158      0.016    5.65472    4.88959    4.85322     5.1944
     15700   0.408716        1.2    689.707    199.555    356.304     1322.1    676.473    1998.57    2482.62    2642.43    1.04224   -22.9321    33.3317    2186.82    2484.73    2.49597    298.067      0.016    5.63455    4.84217    4.80357    5.14682
     15600   0.407283        1.2    730.577    200.987    353.942    1369.08    698.246    2067.32    2486.79    2647.75    1.04367   -25.1531    33.2426    2191.25    2488.25    2.49067    295.881      0.016    5.61361    5.19666    5.15575    5.09976
     15500   0.395535        1.2    771.294    202.433    350.827    1414.96    719.343    2134.31    2490.71    2652.68    1.04449   -27.2109    33.1631    2195.58    2491.66    2.48535    293.282      0.016    5.59218    5.15173     5.1085    5.05371
     15400     0.4482        1.2      810.9    203.889    347.349    1464.67    739.459    2204.13    2493.93    2656.67     1.0448   -28.9725    33.0921    2199.82    2494.95    2.48008    290.315      0.016    5.57048    5.10648    5.06229    5.00933
     15300   0.527055        1.2    855.799    205.352    345.508     1521.5    761.423    2282.92    2499.99    2664.01    1.04464   -31.8083    33.0283    2204.02     2498.2    2.47465    288.555      0.016    5.54859     5.0614      5.017    5.76818
     15200   0.584814        1.2    908.562     206.82    344.689     1578.3    782.676    2360.98    2509.78    2675.75    1.04405   -35.9134    32.9709    2208.37    2501.62    2.46874    287.754      0.016     5.5266    5.01714    5.77363    5.72487
     15100   0.699888        1.2    967.158    208.291    350.294    1643.24    803.158     2446.4    2521.63     2689.9    1.04313   -40.4267     32.919    2213.04    2505.44    2.46226    291.813      0.016    5.50463    5.77539    5.72883    5.67972
     15000   0.800423        1.2    1037.25    209.765    360.254    1721.45    822.695    2544.14    2538.34    2709.85    1.04195   -46.0246    32.8718    2218.17    2509.83    2.45506    299.922      0.016    5.48274    5.73288     5.6835    5.63191
     14900   0.879503        1.2    1117.37    211.239      367.5    1809.41    840.103    2649.51     2558.4    2733.78    1.04057   -51.9822    32.8288    2223.96    2515.01      2.447     306.41      0.016    5.46091    5.69047    5.63796    5.58088
     14800   0.836826        1.2    1205.28     212.71    373.222    1907.57    856.672    2764.24    2580.18    2759.75    1.03908   -57.8413    32.7892    2230.47    2521.08    2.43819    311.385      0.016    5.43903    5.64831    5.59146    5.52685
     14700   0.112688        1.2    1288.24    214.118    362.686    1997.25    871.548     2868.8    2596.65    2779.31    1.03757   -61.4155    32.7525    2237.53    2527.89    2.42963    304.129      0.016    5.41705    5.60653    5.54393    5.47158
     14600   0.114681        1.2    1299.51    206.884    290.467    2042.68    900.504    2943.19    2571.35    2741.77   0.988197   -50.8305    33.7363    2247.24    2548.63    2.57413    220.143      0.016    6.25008    5.75535     5.6499    5.46237
     14500  0.0738358        1.2    1310.93    204.809    262.672     2070.8    935.043    3005.85    2552.13    2712.21   0.956262   -47.2626    34.6823    2234.64    2536.08    2.59949    194.119      0.016      6.501     5.1525    5.77379     5.5138
     14400  0.0385751        1.2    1318.28    205.047    245.743    2090.95    971.349     3062.3    2535.18    2685.58   0.923152    -45.928    35.5885    2223.78    2522.69    2.61137    179.165      0.016      6.501     4.8642    5.02715    5.59053
     14300  0.0326603        1.2    1322.13    206.073    231.293    2107.96    1004.43    3112.39    2520.17    2661.38   0.888531    -45.475    36.4418    2214.01    2509.64    2.62185    167.461      0.016      6.501    4.90026    5.03831    5.66742
     14200  0.0255863        1.2    1325.39    207.321    219.046    2118.15    1035.66    3153.81    2508.06    2640.83   0.853391   -45.8819    37.2291     2205.2     2497.5    2.63155    157.698      0.016      6.501    4.89153     5.0372    5.73666
     14100  0.0464285        1.2    1327.97    208.609     212.61    2127.89    1065.38    3193.27    2498.03    2623.07   0.818804   -46.6357    37.9427    2197.41    2486.56    2.64034    152.234      0.016      6.501    4.86033    5.03497    5.79778
     14000          0        1.2    1332.57    209.883    209.732    2128.52    1092.48       3221    2491.01    2609.25   0.785607   -47.8724    38.5803    2190.71    2476.99    2.64817    149.817      0.016      6.501    4.82173    5.03519    5.04092
     13900          0        1.2    1332.57    211.129     204.77    2133.06    1121.93    3254.99    2482.81    2594.45    0.75451   -48.0492    39.1438    2184.74    2468.34    2.65543    146.285      0.016      6.501    5.19286    5.03847       5.08
     13800          0        1.2    1332.57    212.353    198.894    2137.26    1148.09    3285.34    2476.07     2581.8   0.725831   -48.4482    39.6376    2179.15     2460.2    2.66228    141.874      0.016      6.501    5.17025    5.04721    5.11919
     13700          0        1.2    1332.57    213.561    194.634    2148.94    1175.88    3324.82    2470.41    2570.85   0.699573   -49.0405    40.0676    2174.16    2452.82     2.6687    138.515      0.016      6.501    5.15236    5.06168    5.15904
     13600          0        1.2    1332.57    214.751    191.255    2153.36    1202.33    3355.69    2465.58    2561.27   0.675721   -49.7285    40.4403    2169.71    2446.14    2.67475    135.914      0.016      6.501    5.14069    5.08138    4.80001
     13500  0.0200695        1.2    1332.59    215.924    194.729    2157.87    1222.24    3380.11    2461.42    2552.85   0.654199   -50.3683    40.7621    2165.74    2440.06     2.6805    138.121      0.016      6.501    5.13557    5.10437    4.83162
     13400          0        1.2    1334.58    217.079    202.292    2160.67     1244.2    3404.87    2458.83    2546.63   0.634848   -51.0237    41.0391    2162.32    2434.68    2.68589    143.897      0.016      6.501    5.13671    5.12879     4.8636
     13300   0.187232        1.2    1334.76    218.215    199.164    2164.24    1262.84    3427.09     2455.5    2539.83   0.617538   -50.9502     41.277    2159.28    2429.79    2.69108     142.59      0.016      6.501    5.14354    5.15589     4.8987
     13200    0.21682        1.2    1353.52    221.777    220.756    2178.65    1280.98    3459.63    2456.01    2546.75   0.653672   -54.8437    40.2965     2191.8    2464.45    2.58356     177.12      0.016      6.501    5.13498    5.18302    4.91979
     13100   0.268376        1.2    1375.25    224.079    227.295    2198.99    1292.77    3491.76     2458.1    2554.88   0.689703   -57.5488    39.3976    2200.89    2472.78    2.55425    183.465      0.016    6.59194    5.12662    4.80228     4.9298
     13000   0.184597        1.2       1402    225.967    232.868    2210.99    1305.29    3516.27    2462.55    2565.17   0.722297   -60.2318    38.5929     2206.3     2477.2    2.53804    189.006      0.016    6.20186    5.10751     4.8042    4.92839
     12900   0.337077        1.2    1420.61    227.514     238.84    2237.81    1316.48    3554.29    2461.97    2568.77   0.751231   -60.3584    37.8817    2210.67    2480.75    2.52592     194.57      0.016    6.36581    5.08076    5.19585    4.91742
     12800   0.373827        1.2    1454.36    228.724    244.748    2272.42    1328.64    3601.06    2469.84    2581.97   0.776798   -63.2491    37.2566    2214.44    2483.95    2.51614    200.038      0.016    6.50163    5.05122     5.1807    4.89793
     12700   0.280419        1.2    1491.65    229.826    246.255    2300.95    1341.41    3642.36    2478.43    2595.54   0.799408   -66.0648     36.708    2218.26    2487.34    2.50643    202.016      0.016    5.81305    5.02274    5.16019     4.8705
     12600   0.085377        1.2     1519.5    231.029    244.758    2309.91    1355.53    3665.45    2480.79     2601.2   0.819285   -66.4733     36.226    2222.31     2490.9    2.49641    201.149      0.016    5.89702    5.79468    5.13398    4.83846
     12500   0.108711        1.2    1528.06    232.283    244.052    2320.83    1370.24    3691.07    2472.78    2594.06   0.836685   -63.1335    35.8017    2226.09    2494.08     2.4877    200.641      0.016    5.96353    5.76427    5.10463    4.80735
     12400  0.0697728        1.2    1538.89    233.573    243.621    2329.23    1382.76    3711.99    2467.72     2590.1   0.851756   -61.1466    35.4274    2229.23    2496.47    2.48008    200.478      0.016    6.01563    5.73326    5.07593    5.18158
     12300   0.170113        1.2    1545.97    234.891    241.928    2348.22    1394.66    3742.88    2461.59    2584.59    0.86469   -59.0326    35.0963    2231.87    2498.26    2.47299    199.323      0.016    6.05596    5.70257    5.04865    5.15541
     12200   0.333299        1.2    1563.14    236.231    239.182    2381.26    1407.73    3788.99    2462.01    2586.68   0.875733   -59.7181    34.8029     2234.2    2499.65    2.46596    197.178      0.016    6.08675    5.67274    5.02395    5.12865
     12100   0.432818        1.2    1596.57    237.591    237.807    2422.77    1422.58    3845.35    2471.13    2598.99   0.885145   -63.8725    34.5423    2236.69    2501.24     2.4582    195.919      0.016    6.10984    5.64404    5.00036    5.09935
     12000   0.530095        1.2    1639.95    238.967    237.167    2472.41    1433.71    3906.12    2484.16    2615.81   0.893229   -69.3698    34.3104    2239.78    2503.51    2.44952     195.33      0.016    6.12685    5.61643    5.77332    5.06625
     11900   0.581118        1.2    1693.01    240.359    237.285    2526.11    1447.91    3974.01    2500.55    2636.46   0.900247   -75.7982    34.1037    2243.61    2506.67    2.44009    195.305      0.016    6.13893    5.58957     5.7429    5.02882
     11800   0.714935        1.2    1751.26    241.765    237.926    2584.93    1461.18    4046.11    2517.49    2657.63   0.906383   -82.0083    33.9194    2248.22    2510.74    2.43011    195.724      0.016    6.14661    5.56298    5.70954    5.78981
     11700   0.293171        1.2    1822.33    243.184    246.139    2655.32    1474.58     4129.9    2539.16    2684.31   0.911734   -89.3408    33.7547    2253.57    2515.67     2.4195    201.978      0.016     6.1503    5.53622     5.6747    5.74607
     11600    0.21244        1.2    1851.56     231.55    218.328    2704.53     1500.4    4204.93    2536.54    2674.68   0.874095   -86.3229    34.6333    2242.85    2514.95    2.58856    158.086      0.016    6.36807    5.69598    5.79595     5.7428
     11500   0.109855        1.2     1872.7    227.752    199.331    2744.43    1538.41    4282.84    2530.84    2662.23   0.844446   -85.0979    35.4829     2235.1    2509.79    2.61246    141.562      0.016      6.629    5.11236    5.12434    5.79691
     11400   0.115152        1.2     1883.7     227.38    174.558    2772.03    1578.98    4351.01    2521.67    2645.88   0.814388   -84.2148    36.2999    2228.57    2502.43    2.62081      121.3      0.016      6.501      4.846    5.18845    5.06232
     11300   0.117709        1.2    1895.21    228.234     162.84    2792.76    1616.23    4408.99    2515.25    2632.91   0.783127   -85.1702    37.0709     2222.4    2494.18    2.62818    110.503      0.016      6.501    4.90182    4.80783    5.12786
     11200  0.0565276        1.2    1906.92    229.477    158.313    2808.44     1651.6    4460.04     2510.6    2622.21   0.751314   -86.6218    37.7829    2217.03    2486.49    2.63514    106.366      0.016      6.501    4.91299    4.80819    5.18543
     11100          0        1.2    1912.52    230.815    150.277    2813.35    1685.68    4499.04    2503.91    2609.24   0.720139   -86.9619    38.4281    2211.96    2479.05     2.6419     100.35      0.016      6.501    4.89982    4.80595    4.82763
     11000          0        1.2    1912.52    232.157    140.707    2827.25    1718.33    4545.57    2495.75     2594.8     0.6905   -86.6848    39.0042    2206.58    2471.27    2.64863    92.8791      0.016      6.501    4.87665    4.80451    4.86107
     10900          0        1.2    1912.52    233.475    135.327    2831.79    1752.45    4584.24    2489.22    2582.65   0.662702   -86.9849    39.5127    2201.23    2463.57    2.65505      88.29      0.016      6.501    4.85201    4.80646    4.89419
     10800  0.0238204        1.2    1912.54    234.762    132.271    2838.98    1783.24    4622.22    2483.88    2572.26   0.636898   -87.5376    39.9577    2196.38    2456.52    2.66097    85.7527      0.016      6.501    4.83049    4.81198     4.9271
     10700 0.00855095        1.2    1914.91    236.018    128.221    2844.54    1813.45    4657.99    2480.65    2564.74   0.613184   -88.6786    40.3448    2192.25    2450.37     2.6663    82.6317      0.016      6.501    4.81487    4.82059    4.95963
     10600          0        1.2    1915.76    237.247    123.746    2845.87     1843.1    4688.97    2477.03    2557.08   0.591643   -89.5895    40.6796    2188.68    2444.93    2.67124      79.07      0.016      6.501    4.80976    4.83219    4.99196
     10500          0        1.2    1915.76    238.458    121.072    2846.99    1872.14    4719.13    2473.47    2549.78   0.572262    -90.457    40.9683    2185.35     2439.8      2.676    76.7634      0.016      6.501    4.81049    4.84888    4.61868
     10400          0        1.2    1915.76    239.651    119.435    2847.53    1898.69    4746.22     2470.4    2543.37   0.554904   -91.3787    41.2164    2182.25    2434.98    2.68057     75.369      0.016      6.501    4.81427    4.86752    4.64071
     10300  0.0455318        1.2     1915.8    240.824    118.392    2854.72    1922.77    4777.49    2467.72    2537.69   0.539382   -92.3135    41.4292    2179.44    2430.52    2.68495    74.4655      0.016      6.501    4.82004    4.88859    4.66676
     10200  0.0306149        1.2    1920.34    241.971    117.174    2861.02     1946.5    4807.52    2467.69    2535.43   0.525459   -94.0907    41.6113    2177.21    2426.79    2.68886    73.5069      0.016      6.501    4.82765    4.91235    4.69519
     10100          0        1.2    1923.37    243.095    114.875    2870.96     1967.1    4838.06    2466.62     2532.1   0.513038   -95.3962    41.7671    2175.46    2423.67    2.69252    71.6645      0.016      6.501    4.83949    4.93836    4.72536
     10000          0        1.2    1923.37    244.203    112.282    2874.38     1986.9    4861.28    2463.94    2527.01   0.502053   -96.0993    41.9003    2173.55    2420.38    2.69631    69.5792      0.016      6.501     4.8554    4.96647    4.75764
      9900   0.136162        1.2    1923.51    245.298    109.534    2881.78     2005.9    4887.68    2461.64    2522.52   0.492279   -96.9786     42.014    2171.47    2416.91    2.70015    67.3574      0.016    6.50133    4.87469    4.99664    4.79194
      9800   0.123835        1.2    1937.11    246.379    106.437    2887.85    2023.27    4911.11    2466.68    2526.96   0.483347   -100.561    42.1111    2170.45    2414.71    2.70308    64.8006      0.016    6.53303    4.89681    4.62197     4.4189
      9700   0.111739        1.2    1949.48    247.435    103.131    2900.72    2039.02    4939.74    2469.85     2529.3   0.475327     -103.4    42.1939    2170.62    2413.94    2.70541    62.0245      0.016    6.56441    4.92094    4.64131    4.43712
      9600  0.0998053        1.2    1960.64    248.463    99.7356    2913.87    2053.19    4967.06    2471.69    2530.14   0.468322   -105.715    42.2647     2170.8    2413.21    2.70777    59.1597      0.016    6.59507    4.94638    4.66278    4.45657
      9500   0.087991        1.2    1970.61    249.472    96.2878    2922.35    2065.79    4988.14    2472.48    2529.82   0.462176   -107.661    42.3252    2170.72    2412.21    2.71022    56.2442      0.016    6.62498    4.97281    4.68585    4.47773
      9400   0.103936        1.2    1979.43    250.467    93.6573    2930.96    2080.52    5011.48    2472.43    2528.59   0.456719   -109.335    42.3768    2170.37     2410.9    2.71278    53.9132      0.016    6.65424    4.60006    4.71021     4.5007
      9300  0.0860758        1.2     1989.8     251.45    91.4762    2939.04    2092.87    5031.91    2473.14    2528.32   0.451782    -111.28     42.421    2169.95    2409.53    2.71528    51.9783      0.016    6.68298    4.61988    4.73565    4.52509
      9200  0.0781367        1.2     1998.4    252.413     89.572     2946.3    2104.16    5050.46    2472.67    2526.68   0.447294   -112.784    42.4588    2169.47    2408.12     2.7178    50.2763      0.016    6.71118     4.6348    4.76169    4.55071
      9100  0.0583037        1.2     2006.2    253.355    87.8738    2946.91     2112.8    5059.72    2471.77    2524.58   0.443202   -114.121    42.4911    2168.77    2406.47    2.72038    48.7532      0.016    6.73879    4.65292    4.78821    4.57755
      9000  0.0310217        1.2       2012    254.284    86.3603    2949.53    2117.82    5067.36    2469.88    2521.34   0.439434   -115.096    42.5188    2167.83    2404.54    2.72307    47.3949      0.016    6.76595    4.67364    4.41305    4.20495
      8900  0.0343722        1.2    2015.11    255.201     85.046    2957.66    2123.27    5080.93    2466.81    2516.74   0.435954   -115.646    42.5426    2166.52     2402.2    2.72594    46.2163      0.016    6.79277    4.69608    4.43111    4.22293
      8800  0.0267817        1.2    2018.54    256.099    83.8657    2961.04     2127.7    5088.74     2464.4    2512.98    0.43269   -116.421    42.5629    2165.04    2399.69    2.72883    45.1595      0.016    6.21775    4.71946    4.44893       4.24
      8700  0.0193135        1.2    2021.21    256.978    82.7926    2971.95    2131.12    5103.07    2461.91    2509.17    0.42959   -117.148    42.5804    2163.59    2397.24    2.73164    44.1969      0.016    6.24153    4.74345    4.46907    4.25943
      8600  0.0140031        1.2    2023.13    257.842    81.8176     2988.1    2133.83    5121.93    2459.34    2505.32   0.426646   -117.827    42.5954    2162.12    2394.78    2.73442    43.3228      0.016    6.26491    4.76792    4.49091    4.28095
      8500 0.00877023        1.2    2024.53    258.696    80.9259    2998.13    2135.83    5133.96    2456.83    2501.55   0.423839   -118.497    42.6083    2160.63    2392.31    2.73718    42.5248      0.016    6.28802    4.79283    4.51413    4.30427
      8400 0.00702785        1.2     2025.4    259.541    80.5555    3011.72    2137.59    5149.31    2454.34    2497.85    0.42115    -119.14    42.6195    2159.13    2389.84    2.73992    42.1226      0.016    6.31098    4.41404     4.5385    4.32911
      8300          0        1.2     2026.1    260.371    80.5216    3013.98    2139.66    5153.64    2452.06     2494.4   0.418565    -119.79     42.629    2157.64    2387.41    2.74263     42.024      0.016    6.33377    4.42768    4.56364    4.35517
      8200          0        1.2     2026.1    261.182    80.7254    3020.76    2141.97    5162.73    2449.65    2490.83   0.416082    -120.32    42.6372    2156.17       2385    2.74531    42.1338      0.016    6.35631    4.44225    4.58922    4.38219
      8100          0        1.2     2026.1    261.976    81.1292    3024.55    2144.49    5169.05     2447.5    2487.59   0.413691   -120.865    42.6443    2154.71    2382.64    2.74792    42.4223      0.016    6.37859    4.45966    4.21295     4.0084
      8000          0        1.2     2026.1    262.754    81.6931    3036.39    2147.52    5183.91    2445.59    2484.64   0.411399   -121.395    42.6505    2153.34     2380.4    2.75045    42.8557      0.016    6.40064    4.47892    4.22997      4.025
      7900          0        1.2     2026.1     263.51    82.4682    3039.14    2151.03    5190.17    2443.87    2481.98   0.409222    -121.89    42.6557    2152.07     2378.3    2.75288    43.4688      0.016    6.42234     4.4992    4.24615    4.04112
      7800          0        1.2     2026.1    264.246    83.4122    3044.26    2155.58    5199.84    2442.32    2479.54   0.407154   -122.332    42.6603     2150.9    2376.33    2.75521    44.2366      0.016    6.44365     4.5201    4.26425     4.0586
      7700          0        1.2     2026.1    264.966    84.5113    3051.71    2160.15    5211.85     2440.9    2477.28   0.405186   -122.711    42.6642     2149.8    2374.46    2.75745    45.1443      0.016    6.46461    4.54147    4.28357    4.07733
      7600          0        1.2     2026.1    265.676    85.7747     3057.1    2165.72    5222.82    2439.59    2475.16   0.403308   -123.017    42.6676    2148.76    2372.67    2.75964    46.2025      0.016    6.48528    4.56323    4.30378     4.0971
      7500          0        1.2     2026.1    266.378    87.1727    3057.21    2172.27    5229.49    2438.37    2473.17   0.401511   -123.244    42.6706    2147.76    2370.94    2.76177    47.3875      0.016    6.50569    4.58529    4.32467    4.11774
      7400          0        1.2     2026.1    267.073    87.6169    3060.31     2179.8     5240.1    2437.22    2471.27   0.399787   -123.409    42.6731    2146.79    2369.26    2.76387    47.8944      0.016    6.52601     4.2066    4.34608    4.13908
      7300          0        1.2     2026.1     267.76    87.5193    3064.73    2186.28    5251.01    2436.13    2469.44   0.398126   -123.563    42.6753    2145.85    2367.62    2.76595    47.9181      0.016    6.54658    4.22097    4.36786    4.16098
      7200          0        1.2     2026.1    268.433    87.1402    3072.79    2191.72    5264.51    2435.08    2467.68   0.396523   -123.728    42.6772    2144.94    2366.02    2.76798    47.7032      0.016    6.56717    4.23225    4.38972    4.18329
      7100          0        1.2     2026.1    269.092    86.5701    3081.52    2198.51    5280.03    2434.08    2465.98   0.394974   -123.909    42.6788    2144.05    2364.46    2.76997    47.3234      0.016    6.58761    4.24556    4.01009    3.80515
      7000          0        1.2     2026.1    269.737    85.8589    3082.56    2210.64     5293.2    2433.12    2464.34   0.393487   -124.112    42.6803    2143.19    2362.95     2.7719    46.8194      0.016    5.80715    4.26095    4.02514    3.81911
      6900          0        1.2     2026.1    270.364    85.0521    3083.57    2222.91    5306.47    2432.22     2462.8   0.392073   -124.335    42.6815    2142.38    2361.52    2.77378    46.2273      0.016    5.82474    4.27753    4.03744    3.83065
      6800          0        1.2     2026.1     270.97    84.1708    3084.39    2230.98    5315.37    2431.37    2461.34   0.390727   -124.581    42.6826    2141.61    2360.15    2.77558    45.5654      0.016    5.84145    4.29468    4.05093     3.8432
      6700          0        1.2     2026.1     271.56    83.2399     3085.7    2240.44    5326.14    2430.56    2459.94   0.389441   -124.848    42.6835    2140.88    2358.85    2.77732    44.8526      0.016    5.85751    4.31214    4.06555    3.85676
      6600          0        1.2     2026.1    272.136    82.2881    3086.34    2253.17    5339.51    2429.78     2458.6   0.388207   -125.136    42.6843    2140.18    2357.58    2.77901    44.1155      0.016    5.87304    4.32978    4.08089    3.87122
      6500          0        1.2     2026.1    272.701    81.3053     3089.9    2264.77    5354.67    2429.04    2457.31   0.387018   -125.444     42.685    2139.49    2356.35    2.78066    43.3463      0.016    5.88818     4.3475    4.09674    3.88641
      6400          0        1.2     2026.1    273.257    80.6101    3094.06    2276.83    5370.89    2428.31    2456.04   0.385868   -125.766    42.6856    2138.82    2355.13    2.78228    42.7826      0.016    5.90298    4.36526    4.11298    3.90219
      6300          0        1.2     2026.1    273.806    80.0817    3097.46    2287.69    5385.15     2427.6    2454.81   0.384751   -126.086    42.6861    2138.15    2353.94    2.78387    42.3664      0.016    5.91753    4.38301     4.1295    3.91845
      6200          0        1.2     2026.1    274.349    79.6526    3101.99    2298.24    5400.23    2426.91    2453.59   0.383664   -126.397    42.6866     2137.5    2352.77    2.78544    42.0318      0.016    5.93186    4.00068    4.14625    3.93508
      6100          0        1.2     2026.1    274.885    79.3126    3107.33    2308.47     5415.8    2426.23     2452.4   0.382602   -126.695     42.687    2136.85    2351.61    2.78699     41.772      0.016    5.94599    4.01399    4.16314      3.952
      6000          0        1.2     2026.1     275.41    79.0335    3112.95    2318.38    5431.33    2425.56    2451.22   0.381564   -126.979    42.6873     2136.2    2350.46    2.78852    41.5638      0.016     5.9599    4.02368    4.17999    3.96913
      5900          0        1.2     2026.1     275.92    78.8036     3116.7     2330.6    5447.31     2424.9    2450.05   0.380549   -127.247    42.6876    2135.57    2349.34    2.79002    41.3969      0.016    5.97352    4.03201    4.19665    3.98635
      5800          0        1.2     2026.1    276.414     78.614    3119.12    2341.52    5460.64    2424.25     2448.9   0.379556     -127.5    42.6879    2134.94    2348.24    2.79147    41.2641      0.016    5.98681      4.041    3.81128    3.60312
      5700          0        1.2     2026.1    276.894    78.4589    3126.53    2352.51    5479.04    2423.61    2447.78   0.378594   -127.737    42.6881    2134.34    2347.18    2.79289    41.1604      0.016    5.99975    4.05161    3.82274    3.61421
      5600          0        1.2     2026.1    277.357    78.3349    3135.72    2363.72    5499.44    2423.01    2446.72   0.377677   -127.956    42.6883    2133.76    2346.17    2.79424    41.0829      0.016    6.01232    4.06313      3.832    3.62164
      5500          0        1.2     2026.1    277.803    78.2388     3136.4    2375.12    5511.52    2422.44    2445.71   0.376805   -128.159    42.6885    2133.23    2345.21    2.79554    41.0286      0.016    6.02449    4.07509    3.84032    3.62945
      5400          0        1.2     2026.1    278.232    77.4294    3136.44    2386.93    5523.37    2421.89    2444.76   0.375974    -128.36    42.6886    2132.72     2344.3    2.79679    40.4438      0.016    6.03625    4.08723    3.84924    3.63789
      5300          0        1.2     2026.1    278.649    76.1874    3144.11    2399.13    5543.24    2421.37    2443.85   0.375178   -128.599    42.6887    2132.23    2343.43    2.79799    39.4653      0.016    6.04764    4.09944    3.85905    3.64698
      5200          0        1.2     2026.1    279.055    74.7067     3148.7    2408.38    5557.08    2420.86    2442.96   0.374413    -128.89    42.6888    2131.76    2342.58    2.79915    38.2739      0.016    6.05869    4.11167    3.86939    3.65668
      5100          0        1.2     2026.1    279.454    73.0713    3157.19    2418.64    5575.83    2420.37    2442.11   0.373674   -129.239    42.6889     2131.3    2341.75    2.80029    36.9413      0.016    6.06948    4.12391    3.88011    3.66687
      5000          0        1.2     2026.1    279.846    71.2975    3172.03    2429.88    5601.91     2419.9    2441.27   0.372958   -129.648     42.689    2130.85    2340.94    2.80141    35.4813      0.016    6.08003    4.13611    3.89109    3.67747
      4900          0        1.2     2026.1    280.232    69.4375    3188.37    2440.11    5628.48    2419.43    2440.45   0.372261   -130.118    42.6891     2130.4    2340.14    2.80251    33.9348      0.016    6.09039    4.14827    3.90226     3.6884
      4800          0        1.2     2026.1    280.613    67.4944    3200.58    2449.98    5650.56    2418.97    2439.64    0.37158   -130.647    42.6891    2129.96    2339.35    2.80359    32.3087      0.016    6.10059    4.16037    3.91359    3.69957
      4700          0        1.2     2026.1    280.991    65.4867    3206.95    2459.47    5666.41    2418.51    2438.84   0.370914   -131.236    42.6892    2129.52    2338.57    2.80466    30.6153      0.016    6.11065    4.17239    3.92502    3.71095
      4600          0        1.2     2026.1    281.364    63.4448    3222.22    2471.03    5693.25    2418.07    2438.05    0.37026   -131.881    42.6892    2129.09    2337.79    2.80572     28.883      0.016    6.12087    4.18436    3.93653    3.72248
      4500          0        1.2     2026.1    281.736    61.3491    3239.34    2483.67    5723.01    2417.62    2437.27   0.369617   -132.582    42.6893    2128.66    2337.02    2.80677    27.0961      0.016    6.13134    4.19629    3.94812    3.73413
      4400          0        1.2     2026.1    282.106    59.5812    3257.16    2494.67    5751.83    2417.18    2436.49   0.368982   -133.329    42.6893    2128.23    2336.26    2.80781     25.541      0.016    6.14193    3.80691    3.95981    3.74588
      4300          0        1.2     2026.1    282.474    57.9949    3272.66    2505.65    5778.31    2416.75    2435.72   0.368356   -134.102    42.6894     2127.8     2335.5    2.80884    24.1456      0.016    6.15257    3.81479    3.97151    3.75772
      4200          0        1.2     2026.1    282.837    56.5039     3292.7    2516.28    5808.99    2416.31    2434.95   0.367737   -134.894    42.6894    2127.38    2334.74    2.80987    22.8256      0.016    6.16318     3.8215    3.98314     3.7696
      4100          0        1.2     2026.1    283.192    55.0898    3316.84    2527.78    5844.62    2415.89    2434.19   0.367125   -135.698    42.6894    2126.96       2334    2.81088    21.5676      0.016     6.1737    3.82776    3.99468    3.78148
      4000          0        1.2     2026.1    283.542    53.7211    3341.46    2538.02    5879.48    2415.46    2433.44   0.366522   -136.513    42.6894    2126.54    2333.27    2.81187    20.3457      0.016     6.1841    3.83389    3.60554    3.79331
      3900          0        1.2     2026.1    283.885    52.3831    3368.94       2547    5915.94    2415.04    2432.69   0.365927   -137.337    42.6894    2126.13    2332.55    2.81284    19.1477      0.016    6.19435    3.84002    3.61475    3.40415
      3800          0        1.2     2026.1    284.219    51.0658    3395.02    2557.77    5952.79    2414.62    2431.96   0.365348   -138.169    42.6895    2125.74    2331.85    2.81379    17.9651      0.016      5.404    3.84617    3.62272    3.41126
      3700          0        1.2     2026.1    284.542    49.1767    3425.32    2568.99    5994.31    2414.23    2431.27   0.364795   -139.012    42.6895    2125.36    2331.18    2.81471    16.3906      0.016    5.41255    3.85291     3.6295    3.41625
      3600          0        1.2     2026.1    284.854    45.7242    3453.29    2580.64    6033.93    2413.86    2430.62   0.364269   -139.937    42.6895       2125    2330.55    2.81559    13.4953      0.016    5.42055     3.8603    3.63545    3.42033
      3500          0        1.2     2026.1    285.152    41.5943    3480.55    2590.79    6071.34     2413.5       2430   0.363769   -141.002    42.6895    2124.66    2329.95    2.81644    10.0022      0.016    5.42813      3.868    3.64108    3.42502
      3400          0        1.2     2026.1    285.439    37.2183    3503.91    2602.23    6106.15    2413.17    2429.41   0.363292    -142.22    42.6895    2124.34    2329.37    2.81725    6.25147      0.016    5.43534    3.87582    3.64675    3.43025
      3300          0        1.2     2026.1    285.716     32.598    3518.01     2613.6    6131.61    2412.84    2428.84   0.362835    -143.59    42.6895    2124.04    2328.83    2.81803    2.27743      0.016    5.44226    3.88367    3.65256    3.43586
      3200          0        1.2     2026.1    285.985    28.3153    3533.44    2624.89    6158.33    2412.53     2428.3   0.362396   -145.106    42.6895    2123.75     2328.3    2.81879   -1.52735      0.016    5.44891    3.89149    3.65849    3.44172
      3100          0        1.2     2026.1    286.245    25.3724    3547.36    2636.48    6183.84    2412.22    2427.77   0.361974   -146.697    42.6895    2123.46    2327.78    2.81953   -4.22553      0.016    5.45534    3.89923    3.66455    3.44779
      3000          0        1.2     2026.1    286.499    22.9064    3564.39    2648.38    6212.76    2411.93    2427.25   0.361566   -148.306    42.6895    2123.18    2327.28    2.82026   -6.52128      0.016    5.46157    3.90688     3.6707      3.454
      2900          0        1.2     2026.1    286.748    20.7775    3581.91    2659.63    6241.54    2411.64    2426.74   0.361172   -149.911    42.6895    2122.91    2326.79    2.82096   -8.53396      0.016    5.46763    3.91443    3.67701    3.46033
      2800          0        1.2     2026.1    286.991    18.8864    3599.88    2671.32     6271.2    2411.36    2426.25    0.36079   -151.501    42.6895    2122.64     2326.3    2.82166   -10.3428      0.016    5.47354    3.92187    3.68358     3.4668
      2700          0        1.2     2026.1     287.23    16.9931    3610.93    2679.65    6290.58    2411.08    2425.76   0.360418    -153.07    42.6895    2122.37    2325.83    2.82234   -12.1223      0.016    5.47933    3.92923    3.69028    3.47342
      2600          0        1.2     2026.1    287.465    14.7599    3612.86    2693.21    6306.07    2410.81    2425.28   0.360055   -154.637    42.6895     2122.1    2325.36    2.82301   -14.1846      0.016      5.485     3.9365    3.69707    3.48015
      2500          0        1.2     2026.1    287.697    12.4247     3627.2    2703.01    6330.21    2410.54    2424.81     0.3597   -156.217    42.6895    2121.84    2324.89    2.82368   -16.3356      0.016    5.49059    3.94369     3.7039    3.48698
      2400          0        1.2     2026.1    287.927    10.0605    3643.56    2713.34    6356.89    2410.27    2424.34   0.359353   -157.814    42.6895    2121.58    2324.43    2.82433    -18.517      0.016    5.49609     3.9508    3.71075    3.49387
      2300          0        1.2     2026.1    288.153    7.66947    3657.96    2724.34     6382.3       2410    2423.87   0.359011    -159.43    42.6895    2121.33    2323.98    2.82498   -20.7225      0.016    5.50153    3.95784    3.71762    3.50081
      2200          0        1.2     2026.1    288.378    5.41415    3665.87    2736.02    6401.88    2409.74    2423.41   0.358676   -161.063    42.6895    2121.07    2323.53    2.82563    -22.841      0.016    5.50689    3.96481    3.72448    3.50778
      2100          0        1.2     2026.1    288.599    3.57222    3680.95    2747.82    6428.77    2409.48    2422.95   0.358345   -162.693    42.6895    2120.82    2323.08    2.82626   -24.6127      0.016     5.5122    3.97171    3.73134    3.51476
      2000          0        1.2     2026.1    288.819    1.90016    3695.95    2759.74    6455.69    2409.22     2422.5    0.35802   -164.305    42.6896    2120.56    2322.63    2.82689   -26.2369      0.016    5.51745    3.97854    3.73818    3.52175
      1900          0        1.2     2026.1    289.037   0.357437    3710.19    2771.24    6481.43    2408.97    2422.05   0.357698   -165.892    42.6896    2120.31    2322.19    2.82752   -27.7482      0.016    5.52266    3.98531      3.745    3.52873
      1800          0        1.2     2026.1    289.253   -1.08527    3725.48    2782.83     6508.3    2408.72     2421.6   0.357381   -167.451    42.6896    2120.06    2321.76    2.82814   -29.1701      0.016    5.52781    3.99203    3.75179    3.53571
      1700          0        1.2     2026.1    289.467    -2.5441    3742.13    2793.67     6535.8    2408.46    2421.16   0.357068    -168.98    42.6896    2119.82    2321.32    2.82875   -30.5858      0.016    5.53292    3.99869    3.75856    3.54266
      1600          0        1.2     2026.1    289.679   -4.19578    3756.05    2803.06    6559.11    2408.21    2420.71   0.356758    -170.49    42.6896    2119.57    2320.89    2.82936   -32.1596      0.016    5.53798    3.60453    3.76529     3.5496
      1500          0        1.2     2026.1    289.888   -5.90145    3769.59     2814.4    6583.99    2407.96    2420.28   0.356453    -171.99    42.6896    2119.33    2320.47    2.82997   -33.7781      0.016    5.54299    3.60918    3.77196     3.5565
      1400          0        1.2     2026.1    290.093   -7.64712    3783.69    2827.54    6611.23    2407.72    2419.84   0.356151   -173.482    42.6896    2119.09    2320.05    2.83056   -35.4288      0.016    5.54792    3.61326    3.77852    3.56335
      1300          0        1.2     2026.1    290.293   -9.41683    3794.06     2840.1    6634.16    2407.47    2419.41   0.355854    -174.97    42.6896    2118.85    2319.64    2.83115   -37.0998      0.016    5.55277    3.61708    3.78497    3.57014
      1200          0        1.2     2026.1    290.489   -10.9148    3795.41    2852.08    6647.49    2407.23    2418.98   0.355562   -176.452    42.6896    2118.62    2319.23    2.83172   -38.5851      0.016    5.55751    3.62079    3.79132    3.57685
      1100          0        1.2     2026.1     290.68   -11.6499    3797.19    2863.55    6660.74    2406.99    2418.56   0.355275   -177.892    42.6896    2118.38    2318.83    2.83229   -39.4249      0.016    5.56216    3.62446    3.79756    3.58347
      1000          0        1.2     2026.1    290.867    -12.054    3801.13    2874.65    6675.78    2406.76    2418.15   0.354994   -179.264    42.6896    2118.16    2318.44    2.83284   -39.9728      0.016    5.56671    3.62815    3.40342    3.58999
       900          0        1.2     2026.1    291.051   -12.1019    3804.73    2886.05    6690.78    2406.52    2417.74   0.354719   -180.555    42.6896    2117.94    2318.06    2.83338   -40.2174      0.016    5.57116    3.63185     3.4087    3.59632
       800          0        1.2     2026.1    291.229   -11.8823    3807.13    2893.96    6701.09     2406.3    2417.34    0.35445   -181.754    42.6896    2117.72    2317.69    2.83391    -40.219      0.016    5.57551    3.63557    3.41371    3.20213
       700          0        1.2     2026.1    291.404   -11.3444    3811.81     2901.3    6713.11    2406.07    2416.95   0.354191   -182.855    42.6896    2117.51    2317.33    2.83443   -39.9541      0.016    5.57976     3.6393    3.41829    3.20619
       600          0        1.2     2026.1    291.573   -10.3326    3816.94     2911.7    6728.64    2405.86    2416.58   0.353946   -183.843    42.6896    2117.31    2316.98    2.83494   -39.2735      0.016     5.5839    3.64304    3.42231     3.2092
       500          0        1.2     2026.1    291.737   -9.03475    3822.48    2922.79    6745.27    2405.66    2416.23   0.353715   -184.707    42.6896    2117.11    2316.64    2.83543    -38.332      0.016    5.58792    3.64676    3.42586    3.21162
       400          0        1.2     2026.1    291.894   -7.42519    3840.36    2931.96    6772.32    2405.47     2415.9   0.353499    -185.44    42.6896    2116.93    2316.33     2.8359   -37.1144      0.016    5.59182    3.65046    3.42908    3.21369
       300          0        1.2     2026.1    292.046    -5.5608    3847.46    2946.28    6793.73    2405.29    2415.59   0.353297   -186.038    42.6896    2116.76    2316.03    2.83635   -35.6594      0.016    5.59558    3.65412    3.43207    3.21553
       200          0        1.2     2026.1    292.191   -3.21465    3861.27    2961.18    6822.45    2405.12     2415.3    0.35311   -186.495    42.6896     2116.6    2315.74    2.83679   -33.8179      0.016     5.5992    3.65775    3.43487    3.21721
       100          0        1.2     2026.1    292.331  0.0447945    3862.39    2972.05    6834.44    2404.96    2415.03   0.352936    -186.78    42.6896    2116.45    2315.47    2.83721   -31.1831      0.016    5.60269    3.66135    3.43753     3.2188
         0          0        1.2     2026.1    292.466    3.79786    3876.62    2983.06    6859.68    2404.81    2414.77   0.352774   -186.865    42.6896    2116.31    2315.22    2.83762   -28.0998      0.016    5.60605    3.66491    3.44015    3.22072