    20000         0         0         0   187.948   365.085   67.9449    5.7719   73.7168   2341.68   2425.58    0.6884   15.9048   2.49734   2048.25   2344.34   2.72726   282.674     0.001   107.636   92.0964   89.5112   88.8986         0         0         0         0         0
    19900         0         0         0   187.948   364.222   129.283   12.7138   141.996   2341.68   2425.58  0.688551   15.7588   2.49734   2048.25   2344.34   2.72741   281.904     0.001   107.636   92.0964   89.5112   88.8986         0         0         0         0         0
    19800         0         0         0   187.948   363.638   195.625   20.8257   216.451   2341.68   2425.58  0.688701   15.6176   2.49734   2048.25   2344.34   2.72756   281.339     0.001   107.636   92.0964   89.5112   88.8986         0         0         0         0         0
    19700         0         0         0   187.948   363.429   254.876   26.4776   281.354   2341.68   2425.58  0.688851   15.4963   2.49734   2048.25   2344.34    2.7277    281.07     0.001   107.636   92.0964   89.5112   88.8986         0         0         0         0         0
    19600         0         0         0   187.948   363.507   295.549   29.9495   325.498   2341.68   2425.58  0.689002   15.4101   2.49734   2048.25   2344.34   2.72785   281.045     0.001   107.636   92.0964   89.5112   88.8986         0         0         0         0         0
    19500         0         0         0   187.948   361.776   347.853   30.9514   378.804   2341.68   2425.58  0.689152   15.3344   2.49734   2048.25   2344.34     2.728   279.849     0.001   107.636   92.0964   89.5112   88.8986         0         0         0         0         0
    19400         0         0         0   187.948   358.969   409.424   34.5233   443.947   2341.68   2425.58  0.689302   15.1783   2.49734   2048.25   2344.34   2.72815   277.734     0.001   107.636   92.0964   89.5112   88.8986         0         0         0         0         0
    19300         0         0         0   187.948   356.401   469.322   38.1252   507.447   2341.68   2425.58  0.689452   14.9169   2.49734   2048.25   2344.34    2.7283   275.681     0.001   107.636   92.0964   89.5112   88.8986         0         0         0         0         0
    19200         0         0         0   187.948   353.856   520.666   41.7571   562.423   2341.68   2425.58  0.689602   14.5704   2.49734   2048.25   2344.34   2.72845   273.656     0.001   107.636   92.0964   89.5112   88.8986         0         0         0         0         0
    19100         0         0         0   187.948   353.032   570.434    44.899   615.333   2341.68   2425.58  0.689752   14.1716   2.49734   2048.25   2344.34   2.72859   272.757     0.001   107.636   92.0964   89.5112   88.8986         0         0         0         0         0
    19000         0         0         0   187.948   353.243   619.491   48.8509   668.342   2341.68   2425.58  0.689901   13.8067   2.49734   2048.25   2344.34   2.72874   272.733     0.001   107.636   92.0964   89.5112   88.8986         0         0         0         0         0
    18900         0         0         0   187.948   351.625   667.466   53.6128   721.079   2341.68   2425.58  0.690051   13.4738   2.49734   2048.25   2344.34   2.72889   271.574     0.001   107.636   92.0964   89.5112   88.8986         0         0         0         0         0
    18800    0.0012         0    0.0012   187.948   348.983   726.723   55.6343   782.358   2341.68   2425.58  0.690201   13.0782   2.49734   2048.26   2344.34   2.72908   269.511     0.001   107.636   92.0964   89.5112   88.8986         0         0         0         0         0
    18700    0.0317         0    0.1517   187.991   347.122   797.582   58.9128   856.494   2341.68   2425.58  0.690345   12.6054   2.49734   2048.44   2344.34   2.73103   267.579     0.001   107.636   92.0963   89.5111   88.8985         0         0         0         0         0
    18600    0.0046         0    3.2946   188.862   344.572    882.82   63.9513   946.771   2341.72   2425.58  0.690359    12.075   2.49734   2049.31   2344.34   2.74726   264.488     0.001   107.632   92.0936   89.5075   88.8976         0         0         0         0         0
    18500    0.0115         0    3.7615   188.648   343.699   975.061    64.479   1039.54   2341.79   2425.58  0.690383   11.5299   2.49734   2049.07   2344.34   2.73547   264.861     0.001   107.618    92.083   89.4974   88.8931         0         0         0         0         0
    18400    0.0223         0    4.9223   188.789   342.156   1034.25   65.5979   1099.85   2341.84   2425.58  0.690369   10.9759   2.49734   2049.28   2344.34   2.73939   263.151     0.001     107.6   92.0688    89.486   88.8854         0         0         0         0         0
    18300    0.0102         0    7.1402   189.205   338.574   1081.41   66.7825   1148.19   2341.92   2425.58  0.690322   10.3692   2.49734    2049.7   2344.34   2.74579   260.138     0.001   107.579   92.0527   89.4716   88.8748         0         0         0         0         0
    18200         0         0      8.15   189.152    334.58   1157.13   67.9148   1225.05      2342   2425.58  0.690294   9.64017   2.49734   2049.57   2344.35   2.74043   257.652     0.001   107.552   92.0374   89.4534   88.8607         0         0         0         0         0
    18100         0         0      8.15   188.892   331.393    1256.5   69.3136   1325.81   2342.06   2425.58  0.690318    8.7875   2.49734   2049.28   2344.35   2.73507   255.377     0.001   107.524   92.0247   89.4354    88.844         0         0         0         0         0
    18000         0         0      8.15   188.765   328.255    1351.1   70.0248   1421.13    2342.1   2425.58  0.690401   7.84961   2.49734   2049.14   2344.35   2.73467   252.717     0.001   107.501   92.0161   89.4202   88.8269         0         0         0         0         0
    17900    0.0001         0    8.1501   188.686   327.475   1438.17   70.8085   1508.98   2342.13   2425.58  0.690536   6.87475   2.49734   2049.06   2344.35   2.73459   251.637     0.001   107.484   92.0109   89.4073   88.8109         0         0         0         0         0
    17800    0.0107         0    8.1707   188.636   328.141   1523.17   72.5025   1595.67   2342.15   2425.58  0.690702   5.97969   2.49734   2049.06   2344.35   2.73501   251.693     0.001    107.47   92.0078   89.3965   88.7964         0         0         0         0         0
    17700    0.0278         0    9.2578   188.897   325.966   1607.99   73.3259   1681.32   2342.17   2425.58  0.690841   5.15303   2.49734   2049.44   2344.36   2.74155   249.471     0.001   107.459   92.0055   89.3863   88.7835         0         0         0         0         0
    17600    0.0375         0   12.0475    189.53   322.025   1682.65   77.5209   1760.17   2342.23   2425.59  0.690884   4.25197   2.49734    2050.2   2344.37   2.75236    245.61     0.001   107.445   92.0003   89.3728   88.7708         0         0         0         0         0
    17500    0.0101         0   15.7701   190.204   321.384   1741.98   80.7021   1822.68   2342.34   2425.59  0.690804   3.29063   2.49734   2050.82   2344.37   2.75891   244.542     0.001    107.42   91.9887    89.352   88.7551         0         0         0         0         0
    17400    0.0098         0   16.7798    192.74   354.364   1763.13   81.6598   1844.79   2336.82   2425.91  0.730975    1.6258   2.44051   2090.72   2389.44    2.6612   292.786     0.001   107.561   92.0559   89.3355   88.6995         0         0         0         0         0
    17300    0.0328         0   17.7828   193.535   364.313   1783.46   82.4714   1865.93   2332.84   2427.09  0.763842   1.44739   2.39082   2099.89   2399.42   2.64098    301.29     0.001   107.582   92.1429   89.4629   88.8338         0         0         0         0         0
    17200    0.0575         0   21.0875   194.687   369.377   1797.01   84.8695   1881.88   2329.77   2428.55  0.792387   1.65964   2.34741   2105.37    2404.4   2.64742    304.15     0.001   107.482   92.2491   89.6795   89.1086         0         0         0         0         0
    17100    0.0582         0   26.8382   196.332   371.691   1801.55   87.1672   1888.72   2327.37   2430.06  0.817535   1.99684    2.3095   2110.25   2408.16   2.65877   304.947     0.001   107.296   92.3835   89.9677   89.4819         0         0         0         0         0
    17000    0.0654         0   32.6654   197.751   373.045   1801.86   91.5165   1893.37   2325.51   2431.57  0.839695   2.34941   2.27638   2114.32   2411.25   2.65696   306.283     0.001   107.058   92.5552   90.3166    89.923         0         0         0         0         0
    16900    0.0471         0   39.1871   199.331   368.422   1809.96   95.8109   1905.77   2324.08   2433.04    0.8591   2.58223   2.24743   2118.02   2413.83   2.65755   302.983     0.001     106.8   92.7829   90.7166   90.4113         0         0         0         0         0
    16800    0.0358         0   43.8858   200.332   360.755   1818.54   100.669   1919.21   2322.99   2434.46  0.876012   2.44311    2.2221   2120.75   2415.98   2.64261   298.131     0.001   106.546   93.0823   91.1577   90.9315         0         0         0         0         0
    16700     0.044         0    47.474    201.22   352.003   1825.27   107.339   1932.61   2322.17   2435.83  0.890604   1.84969   2.19994   2123.16   2417.78   2.63092   291.495     0.001   106.321    93.432   91.6396    91.475         0         0         0         0         0
    16600    0.0574         0   51.8874   202.597   341.596    1834.7   117.892   1952.59   2321.57   2437.13  0.903193  0.800867   2.18051   2125.88   2419.28   2.63179   282.371     0.001   106.141   93.8344   92.1548   92.0122         0         0         0         0         0
    16500     0.071         0    57.641   204.427   341.767   1840.09   121.819   1961.91   2321.19   2438.36  0.914127 -0.519427   2.16347   2128.85   2420.54   2.63776   280.652     0.001   106.006   94.2774    92.677   92.4971         0         0         0         0         0
    16400    0.0992         0   64.7692   206.583   349.085   1848.49   129.203   1977.69      2321   2439.51  0.923652  -1.49669    2.1485   2132.01   2421.59   2.64577   285.551     0.001    105.91   94.7449   93.2026   93.0104         0         0         0         0         0
    16300    0.1082         0   74.6982   209.419   352.431   1865.22   132.301   1997.52   2321.03   2440.59  0.931988  -1.99035   2.13534    2135.6   2422.47   2.66289   287.606     0.001    105.84   95.2121    93.727   93.5359         0         0         0         0         0
    16200    0.1049         0   85.5149   212.177   354.354   1885.65   139.568   2025.22   2321.26   2441.61  0.939313  -2.24648   2.12376   2138.87    2423.2   2.66947   289.344     0.001   105.784   95.6399   94.2358    94.059         0         0         0         0         0
    16100    0.1009         0   96.0009     214.6   344.762   1901.28   148.706   2049.98   2321.64   2442.58  0.945622  -2.52589   2.11354   2141.68   2423.82   2.66786   283.108     0.001   105.735   96.0687   94.7217   94.5676         0         0         0         0         0
    16000    0.0995         0   106.089   216.832    327.16   1905.67   155.576   2061.25   2322.14    2443.5  0.950942   -3.4536   2.10453    2144.2   2424.34   2.66476   269.372     0.001   105.693   96.5014   95.1899   95.0553         0         0         0         0         0
    15900    0.1021         0   116.042   219.027   317.846   1907.14   160.402   2067.54   2322.73   2444.37  0.955374  -5.08867   2.09656   2146.61   2424.79   2.66278   260.886     0.001   105.661   96.9358   95.6406    95.484         0         0         0         0         0
    15800    0.1046         0   126.255    221.31   313.642   1908.04   161.452   2069.49   2323.37   2445.17  0.959039  -6.87625    2.0895   2149.04   2425.17   2.66303   257.105     0.001   105.638    97.369   96.0589   95.8339         0         0         0         0         0
    15700    0.0989         0   136.709   223.641   310.668   1909.01   161.583   2070.59   2324.07   2445.92  0.962055  -8.60887   2.08323    2151.4   2425.51   2.66301   254.639     0.001   105.624   97.7919    96.454   96.1844         0         0         0         0         0
    15600    0.0943         0   146.594    225.76   309.025   1911.07   164.583   2075.66   2324.81   2446.61  0.964477  -10.2304   2.07766   2153.51   2425.79   2.65817   253.637     0.001   105.617   98.2008   96.8333   96.5274         0         0         0         0         0
    15500    0.0931         0   156.023   227.779   306.709   1912.84   168.833   2081.68   2325.57   2447.27  0.966333  -11.7198   2.07269    2155.5   2426.05   2.65332   252.158     0.001   105.617   98.5981   97.2009   96.8593         0         0         0         0         0
    15400    0.1093         0   165.349   229.831   303.931   1919.13   174.659   2093.79   2326.36   2447.89  0.967697  -13.1392   2.06825   2157.54   2426.29   2.65079   249.913     0.001   105.626    98.961    97.556   97.1788         0         0         0         0         0
    15300    0.1126         0   176.283   232.414   302.165   1932.62   179.756   2112.38   2327.17   2448.48  0.968709  -14.5004   2.06427   2159.99   2426.53   2.65763   247.719     0.001    105.64   99.2858    97.891   97.4836         0         0         0         0         0
    15200    0.1313         0   187.561   234.955   301.733   1946.46   186.637    2133.1   2328.03   2449.04  0.969473  -15.7256   2.06068    2162.4   2426.76   2.65903   247.257     0.001   105.653    99.605   98.2006   97.7699         0         0         0         0         0
    15100    0.1745         0   200.734   237.979   307.084    1968.2   195.842   2164.04   2328.94   2449.58   0.97002   -16.693   2.05744   2165.26   2426.99   2.66956    250.41     0.001   105.659   99.9131    98.483   98.0343         0         0         0         0         0
    15000    0.2179         0   218.228   242.094   315.732   2001.88   208.634   2210.51   2329.94    2450.1  0.970553  -17.1235   2.05449   2168.99   2427.24   2.69442   255.825     0.001   105.648   100.193   98.7278   98.2723         0         0         0         0         0
    14900    0.2035         0   240.003   246.974   321.267   2043.61   226.962   2270.57   2331.08    2450.6  0.971242  -17.0041    2.0518   2173.07    2427.5   2.71857   259.876     0.001   105.601   100.421   98.9183   98.4754         0         0         0         0         0
    14800    0.1621         0   260.312   250.682   326.986   2095.53   248.365    2343.9   2332.32   2451.07  0.971867  -16.5144   2.04932   2176.08   2427.78    2.7115   266.552     0.001   105.508   100.583   99.0508   98.6342         0         0         0         0         0
    14700    0.1093         0   276.469   252.827   318.702   2141.23   272.198   2413.43   2333.57   2451.54  0.971972  -15.9435   2.04703   2177.82   2428.09   2.68672   263.587     0.001   105.378   100.696    99.146   98.7477         0         0         0         0         0
    14600    0.0847         0   287.375   241.981    252.24   2148.43   278.339   2426.77   2340.64   2451.88  0.922551  -17.2368   2.10852   2134.14   2386.73   2.80201   191.966     0.001   118.293   97.5936   96.6238   98.3694         0         0         0         0         0
    14500    0.0641         0   295.824   237.521   227.252   2155.73   280.165    2435.9   2346.34   2451.58  0.881169  -22.5051   2.16764   2125.78   2381.19    2.8112   168.543     0.001   125.788   93.7404   94.0576   97.0854         0         0         0         0         0
    14400    0.0909         0   302.261   236.259   212.802   2168.52   285.261   2453.79   2351.52   2451.12  0.841173   -28.563   2.22428    2121.1    2376.8   2.80873   155.435     0.001   130.011   91.3696   92.7588   95.5357         0         0         0         0         0
    14300    0.1288         0   311.389   237.544   199.005   2183.81   286.866   2470.67   2356.37   2450.53  0.801886  -34.3564   2.27761   2118.69   2372.55   2.82745   142.577     0.001   132.383   90.3583   92.2249   94.2739         0         0         0         0         0
    14200    0.1462         0   324.286    240.29   186.215   2206.44   288.604   2495.05   2360.93    2449.8  0.764017  -39.6504   2.32682   2117.55   2368.49   2.85291   130.744     0.001    133.55   90.0955    92.047   93.2241         0         0         0         0         0
    14100    0.1203         0    338.88   243.186   179.029   2230.29   293.457   2523.75   2365.17   2448.92  0.728226  -44.3139   2.37142   2116.57    2364.7   2.86864   124.259     0.001   133.886   90.2109   91.9793   92.3584         0         0         0         0         0
    14000    0.1274         0   350.917   244.922   176.411   2262.98   301.394   2564.37   2369.01   2447.89  0.694914    -48.16   2.41127   2114.96   2361.19   2.86576   122.731     0.001   133.715   90.4656   91.9105    91.701         0         0         0         0         0
    13900    0.1058         0   363.636   246.959   171.096    2301.2   307.783   2608.98   2372.44   2446.78  0.664339  -51.2908   2.44648   2113.74   2357.95   2.87376   118.672     0.001   133.262   90.7328   91.8357   91.2231         0         0         0         0         0
    13800    0.1058         0   374.216   248.281   165.516   2330.38   317.549   2647.93   2375.46   2445.61   0.63665  -53.9884   2.47735   2112.22   2354.97   2.87038   114.934     0.001   132.645   90.9459   91.7253   90.7611         0         0         0         0         0
    13700    0.1037         0   384.794   249.797   161.128   2375.57   325.996   2701.57   2378.06   2444.39  0.611769  -56.3852   2.50423   2111.04   2352.23   2.87483   111.317     0.001   131.956   91.0814   91.5622   90.3075         0         0         0         0         0
    13600    0.0915         0   395.151   251.312   157.651   2413.59   336.104    2749.7    2380.3   2443.11  0.589597  -58.5087   2.52752   2109.99   2349.69   2.87819   108.647     0.001   131.225   91.1296   91.3141   89.8475         0         0         0         0         0
    13500    0.0745         0   404.284   252.494   161.029    2451.8   352.768   2804.57   2382.18    2441.8  0.569917  -60.2898   2.54763   2108.81   2347.32   2.87667   111.312     0.001   130.491   91.0917   90.9996   89.3703         0         0         0         0         0
    13400     0.059         0   411.719   253.306   168.707   2488.19   367.035   2855.23   2383.74   2440.46   0.55249  -61.4528   2.56494   2107.46   2345.08    2.8723   117.878     0.001   129.788   90.9798   90.6373   88.8742         0         0         0         0         0
    13300    0.0769         0   417.637   253.912   166.192   2524.74   384.087   2908.82   2384.99   2439.09  0.537109  -62.1503   2.57981   2106.14   2342.95   2.86931   117.099     0.001   129.139   90.8108   90.2488   88.4223         0         0         0         0         0
    13200    0.1372         0   425.387   258.753   186.616   2544.47   402.925   2947.39   2378.56   2437.76  0.584476   -62.896   2.51853    2144.9   2384.05   2.77135   146.579     0.001   122.334   90.5188   89.6595   87.9376         0         0         0         0         0
    13100    0.1621         0   439.132   263.963   190.664   2560.75   431.023   2991.78   2373.53   2437.28  0.625616  -62.6611   2.46235    2156.2   2392.82   2.77443   148.554     0.001   117.079   90.4205   89.2766   87.6071         0         0         0         0         0
    13000    0.1617         0   455.342   268.799   194.248   2587.38   461.336   3048.72   2369.48   2437.11  0.662418  -62.1243   2.41206   2162.75   2396.52   2.77656   151.744     0.001   112.976   90.5461   89.1089   87.4277         0         0         0         0         0
    12900    0.1956         0   471.546   272.656   198.764   2600.63   495.285   3095.92    2366.2   2437.08   0.69506   -61.448   2.36761   2167.52   2398.92   2.77127   156.108     0.001   109.772   90.7954   89.0675   87.3776         0         0         0         0         0
    12800    0.0857         0   490.996   276.866   202.465   2608.31   531.269   3139.58   2363.56   2437.16  0.723972  -60.7086   2.32854   2171.73   2400.77    2.7771    159.61     0.001    107.24    91.074   89.0841   87.4223         0         0         0         0         0
    12700    0.0825         0   499.563   276.889   206.395   2619.64   565.556   3185.19    2361.4   2437.31  0.749196  -59.9125   2.29425   2173.03   2402.31    2.7201   167.611     0.001   105.171   91.3426   89.1435   87.5275         0         0         0         0         0
    12600    0.0876         0   507.818   277.712    205.72   2649.71   598.118   3247.83   2359.58   2437.54  0.770735  -59.2851   2.26412   2174.76   2403.68   2.70566   167.503     0.001   103.529   91.6505   89.2966    87.686         0         0         0         0         0
    12500    0.0923         0   516.582   279.136   205.196   2677.65   630.266   3307.91   2358.08   2437.84  0.789498  -58.9467   2.23761    2176.8   2404.95   2.69872   166.979     0.001   102.244   91.9617   89.5209   87.8972         0         0         0         0         0
    12400    0.0838         0   525.804   280.879   204.717   2708.16   665.045    3373.2   2356.88    2438.2   0.80597  -58.8333   2.21421   2178.97   2406.15   2.69246    166.68     0.001   101.268   92.2737   89.7859   88.1522         0         0         0         0         0
    12300    0.0749         0   534.175   282.402   203.256   2727.83   700.661   3428.49   2355.93   2438.62  0.820398  -58.9275   2.19352   2180.95   2407.32   2.68029    166.04     0.001   100.526   92.6055   90.0756   88.4379         0         0         0         0         0
    12200    0.0617         0   541.652   283.768   200.923   2733.06   735.126   3468.18   2355.21   2439.08  0.832947  -59.2615   2.17518   2182.79   2408.46   2.66711    164.58     0.001   99.9584   92.9514   90.3793   88.6956         0         0         0         0         0
    12100    0.0431         0   547.803   284.874   200.351   2737.11   767.558   3504.66   2354.65   2439.57  0.843795   -59.794   2.15889   2184.43   2409.57   2.65134   164.597     0.001     99.53   93.3106   90.6868   88.9489         0         0         0         0         0
    12000    0.0798         0    552.15   285.633   201.107   2750.69   803.094   3553.78   2354.22   2440.09  0.853082  -60.3832    2.1444   2185.92   2410.67   2.63516   165.613     0.001   99.2195    93.687   91.0123   89.2338         0         0         0         0         0
    11900    0.1348         0   560.185   287.922   201.275   2768.37   836.462   3604.83   2353.93   2440.63   0.86121  -61.0018   2.13148   2188.42   2411.74   2.64604    164.12     0.001   99.0092     94.08   91.3482   89.5422         0         0         0         0         0
    11800     0.196         0   573.726   291.834   200.932    2790.2   873.255   3663.46   2353.85    2441.2  0.868721  -61.6496   2.11996   2191.91   2412.79   2.66912   161.704     0.001   98.8735   94.4546   91.6542   89.8581         0         0         0         0         0
    11700    0.1977         0   593.328   297.135   206.995   2821.45   913.809   3735.25   2354.02    2441.8  0.875874  -62.2027   2.10967   2196.07    2413.8   2.69414    164.76     0.001   98.7683   94.7631   91.9157   90.1625         0         0         0         0         0
    11600    0.1832         0   613.083   284.873    180.83   2833.16   941.318   3774.48   2360.37   2442.29  0.830247  -62.7895   2.16458   2153.68   2373.53    2.8692    128.44     0.001   108.433   92.0048   89.7621   90.1589         0         0         0         0         0
    11500    0.1692         0   631.389   280.422   163.348   2837.07   955.973   3793.05    2365.6   2442.28  0.793779  -65.5815   2.21768   2146.91   2369.02   2.89469   113.469     0.001   114.059   88.3531   87.3604   89.2412         0         0         0         0         0
    11400    0.1552         0   648.295   279.807   140.088   2843.94   967.828   3811.77   2370.51   2442.22  0.758451   -69.559   2.26874   2143.49   2365.54   2.89799   94.3183     0.001   117.104   86.0582    86.126   88.0655         0         0         0         0         0
    11300    0.1411         0   663.801   280.666   129.213   2856.83   983.016   3839.85   2375.19   2442.11  0.723259   -74.038   2.31693   2141.13   2362.17     2.898   84.5165     0.001   118.772   84.9678   85.6351   87.0135         0         0         0         0         0
    11200    0.1275         0   677.898   281.974   125.549   2873.92   1000.14   3874.06   2379.59   2441.88  0.688835  -78.0772   2.36143    2139.2   2358.98   2.89713    81.435     0.001   119.598    84.692   85.4812   86.1204         0         0         0         0         0
    11100    0.1144         0   690.634   283.336     118.5   2910.62   1018.58   3929.19   2383.65   2441.54  0.655991  -81.5166   2.40176   2137.52   2356.04   2.89584   76.3133     0.001   119.913   84.7939   85.4422   85.3965         0         0         0         0         0
    11000     0.102         0   702.062   284.609   109.705   2955.51   1038.39    3993.9   2387.34   2441.09  0.625346  -84.6603   2.43776   2136.01   2353.37    2.8942    69.505     0.001   119.917   85.0675   85.4394   84.9236         0         0         0         0         0
    10900    0.0902         0    712.25   285.751   104.807   2990.58   1056.54   4047.11   2390.64   2440.58  0.597258  -87.5769   2.46954   2134.64   2350.96   2.89233   65.4746     0.001   119.738   85.3395   85.4366   84.5347         0         0         0         0         0
    10800     0.079         0   721.259   286.759   102.202   3013.46   1077.75    4091.2   2393.55   2440.01  0.571855  -90.1397   2.49736   2133.37   2348.78   2.89025   63.4816     0.001   119.456   85.4927   85.4056   84.1812         0         0         0         0         0
    10700    0.0683         0   729.148   287.644   98.6931   3037.42   1099.16   4136.59   2396.08   2439.39  0.549113  -92.3902   2.52155    2132.2    2346.8   2.88805   60.9147     0.001    119.12   85.6218   85.3437   83.8502         0         0         0         0         0
    10600    0.0562         0   735.966    288.41   94.7408    3065.1   1120.67   4185.77   2398.27   2438.72  0.528913  -94.4708   2.54248    2131.1   2344.99   2.88566   57.8939     0.001   118.763   85.7281   85.2571   83.5339         0         0         0         0         0
    10500    0.0449         0   741.575   289.001   92.5343   3092.52   1142.18    4234.7   2400.12   2438.02  0.511077  -96.4212   2.56052   2130.01   2343.33   2.88245   56.1753     0.001   118.408   85.8019   85.1521   83.2288         0         0         0         0         0
    10400    0.0362         0   746.056   289.458   91.3699   3120.05   1165.43   4285.48   2401.68   2437.29  0.495402  -98.1947   2.57602   2128.96    2341.8   2.87934   55.3452     0.001    118.07   85.8434   85.0341   82.9338         0         0         0         0         0
    10300    0.0286         0   749.669   289.859   90.7315   3140.51   1190.39    4330.9   2402.96   2436.54  0.481685  -99.7948   2.58932   2127.98   2340.38   2.87704   54.8911     0.001   117.756   85.8563   84.8909   82.6473         0         0         0         0         0
    10200    0.0212         0   752.521   290.216   89.9886    3161.4   1214.91    4376.3   2404.01   2435.78  0.469721  -101.239   2.60071   2127.05   2339.06   2.87506   54.4101     0.001   117.466    85.844   84.7193   82.3637         0         0         0         0         0
    10100    0.0142         0   754.634   290.513   88.2049      3198   1241.72   4439.72   2404.85   2435.01  0.459309  -102.601   2.61045   2126.14   2337.82   2.87306   53.0568     0.001   117.199   85.8101   84.5355   82.1179         0         0         0         0         0
    10000     0.007         0   756.047    290.75   86.0994   3227.61   1268.47   4496.08   2405.52   2434.26   0.45027   -103.94   2.61877   2125.27   2336.65   2.87107   51.4117     0.001   116.955   85.7588   84.3671   81.9493         0         0         0         0         0
     9900    0.0008         0   756.741   290.909    83.848   3245.89   1295.08   4540.97   2406.03   2433.54  0.442433  -105.282   2.62587   2124.41   2335.55   2.86891   49.6251     0.001   116.733   85.6955   84.2135   81.7727         0         0         0         0         0
     9800         0         0    756.82   291.023   81.4618    3264.8   1322.36   4587.16   2406.42   2432.82  0.435641  -106.641   2.63194   2123.59   2334.52   2.86725   47.6547     0.001   116.534   85.6249   84.0624    81.583         0         0         0         0         0
     9700         0         0    756.82   291.249   78.8431   3276.22   1350.42   4626.64   2406.68   2432.12  0.429764  -108.029   2.63712   2122.89   2333.55   2.86768   45.3459     0.001   116.352   85.5495   83.9104   81.3885         0         0         0         0         0
     9600         0         0    756.82   291.551   76.0777   3286.72   1379.34   4666.06   2406.84   2431.42  0.424685  -109.458   2.64155   2122.28   2332.62   2.86858   42.8912     0.001    116.17   85.4687   83.7558   81.1931         0         0         0         0         0
     9500         0         0    756.82    291.89   73.2025   3301.33   1409.16   4710.48   2406.93   2430.72  0.420283  -110.931   2.64532   2121.71   2331.73   2.86956   40.3389     0.001   115.983   85.3912   83.5977   80.9987         0         0         0         0         0
     9400         0         0    756.82   292.246   71.0436   3332.55    1436.2   4768.75   2406.94   2430.02  0.416455  -112.437   2.64855   2121.19   2330.87   2.87055   38.3091     0.001   115.792   85.3279   83.4368   80.8058         0         0         0         0         0
     9300         0         0    756.82    292.61   69.3085    3362.8   1465.01   4827.81   2406.89   2429.32  0.413111  -113.933   2.65131   2120.68   2330.03   2.87155   36.6621     0.001   115.598   85.2677   83.2738   80.6148         0         0         0         0         0
     9200         0         0    756.82   292.976   67.7885   3391.84   1494.29   4886.13   2406.79   2428.62  0.410179  -115.404   2.65367    2120.2   2329.21   2.87254   35.2017     0.001   115.401   85.2058   83.1097   80.4261         0         0         0         0         0
     9100         0         0    756.82   293.341   66.4123   3412.69   1525.63   4938.32   2406.65   2427.91  0.407596  -116.845    2.6557   2119.73   2328.41   2.87353   33.8674     0.001   115.205   85.1402   82.9448   80.2397         0         0         0         0         0
     9000         0         0    756.82   293.705   65.1512   3431.28   1560.03   4991.31   2406.47   2427.21  0.405309  -118.251   2.65743   2119.27   2327.63   2.87451   32.6354     0.001   115.008   85.0704   82.7796   80.0557         0         0         0         0         0
     8900         0         0    756.82   294.066   64.0023   3460.45   1593.45    5053.9   2406.26    2426.5  0.403276  -119.623   2.65891   2118.83   2326.87   2.87547   31.5017     0.001   114.812    84.996   82.6145    79.874         0         0         0         0         0
     8800         0         0    756.82   294.425   62.9424   3477.98   1627.35   5105.33   2406.02    2425.8   0.40146  -120.957   2.66018   2118.39   2326.11   2.87642   30.4492     0.001   114.617   84.9173   82.4498   79.6946         0         0         0         0         0
     8700         0         0    756.82    294.78   61.9564   3487.91   1661.73   5149.64   2405.76    2425.1  0.399828  -122.254   2.66128   2117.97   2325.37   2.87736   29.4647     0.001   114.425   84.8343   82.2857   79.5176         0         0         0         0         0
     8600         0         0    756.82   295.131   61.0369   3492.54   1696.31   5188.85   2405.48   2424.39  0.398355  -123.514   2.66222   2117.55   2324.64   2.87829   28.5419     0.001   114.245   84.7476   82.1406   79.3451         0         0         0         0         0
     8500         0         0    756.82   295.474    60.177   3503.26   1731.08   5234.35   2405.19    2423.7  0.397021  -124.735   2.66302   2117.14   2323.93    2.8792   27.6745     0.001   114.074   84.6588   82.0128   79.1871         0         0         0         0         0
     8400         0         0    756.82   295.807   59.8014   3510.43   1765.59   5276.02   2404.89   2423.02  0.395813   -125.91   2.66372   2116.75   2323.25   2.88009   27.1818     0.001   113.909   84.5656   81.9006   79.0809         0         0         0         0         0
     8300    0.0004         0    756.82   296.129   59.7458   3528.95   1803.42   5332.37   2404.59   2422.37  0.394722  -127.016   2.66431   2116.37   2322.59   2.88096   26.9789     0.001   113.751   84.4629   81.8052   79.0074         0         0         0         0         0
     8200    0.0041         0   756.864   296.453   59.8901      3543      1841      5384   2404.31   2421.76  0.393739  -128.043   2.66483   2116.03   2321.97   2.88212    26.925     0.001   113.599   84.3548   81.7215   78.9499         0         0         0         0         0
     8100         0         0    757.27   296.876   60.1323    3560.2   1878.43   5438.63   2404.03   2421.19  0.392857  -128.992   2.66527   2115.77   2321.39   2.88418   26.9424     0.001   113.448   84.2436   81.6424   78.8863         0         0         0         0         0
     8000         0         0    757.27   297.114   60.6846   3569.37   1915.81   5485.19   2403.77   2420.64  0.392049  -129.856   2.66565   2115.43   2320.83   2.88352   27.3857     0.001   113.301   84.1302   81.5615   78.8134         0         0         0         0         0
     7900         0         0    757.27   297.367   61.3837   3587.71   1953.18   5540.89   2403.51   2420.11  0.391299  -130.631   2.66598   2115.12    2320.3   2.88414   27.8597     0.001   113.164    84.017   81.4788   78.7345         0         0         0         0         0
     7800         0         0    757.27   297.622   62.2423   3603.76    1991.1   5594.86   2403.25    2419.6  0.390611  -131.315   2.66627   2114.83   2319.79   2.88482   28.4842     0.001   113.033    83.905   81.3942   78.6514         0         0         0         0         0
     7700         0         0    757.27   297.875   63.2482   3617.58   2028.58   5646.15      2403    2419.1  0.389978  -131.908   2.66651   2114.55   2319.29   2.88549   29.2445     0.001   112.908   83.7945   81.3046   78.5651         0         0         0         0         0
     7600         0         0    757.27   298.124   64.4126   3633.54    2066.6   5700.14   2402.75   2418.62  0.389392  -132.408   2.66673   2114.28   2318.81   2.88615    30.152     0.001   112.787   83.6855   81.2108   78.4756         0         0         0         0         0
     7500         0         0    757.27   298.369   65.7069    3654.9   2105.15   5760.04    2402.5   2418.15  0.388847  -132.813   2.66691   2114.01   2318.33    2.8868    31.183     0.001   112.669   83.5778   81.1145   78.3831         0         0         0         0         0
     7400         0         0    757.27    298.61    66.082   3679.52   2144.21   5823.73   2402.25   2417.68  0.388336  -133.144   2.66707   2113.74   2317.86   2.88743   31.5443     0.001   112.554   83.4713   81.0166   78.2885         0         0         0         0         0
     7300         0         0    757.27   298.848   65.9198   3705.54   2181.78   5887.32      2402   2417.22  0.387856  -133.457   2.66721   2113.48    2317.4   2.88806   31.4223     0.001   112.441    83.366   80.9178   78.1922         0         0         0         0         0
     7200         0         0    757.27   299.083   65.4915   3735.26   2217.86   5953.12   2401.76   2416.76    0.3874  -133.772   2.66733   2113.23   2316.95   2.88868   31.0728     0.001   112.331   83.2619   80.8185   78.0947         0         0         0         0         0
     7100         0         0    757.27   299.315   64.8842   3765.67   2254.88   6020.55   2401.51   2416.31  0.386968    -134.1   2.66743   2112.97    2316.5    2.8893   30.5683     0.001   112.222   83.1588    80.719   77.9964         0         0         0         0         0
     7000         0         0    757.27   299.543   64.1446   3788.42   2296.82   6085.24   2401.27   2415.86  0.386554  -134.446   2.66752   2112.72   2316.05    2.8899   29.9478     0.001   112.115   83.0568   80.6194   77.8978         0         0         0         0         0
     6900         0         0    757.27    299.77   63.3137   3811.17   2338.49   6149.66   2401.02   2415.41  0.386157   -134.81   2.66759   2112.47   2315.61    2.8905   29.2449     0.001    112.01   82.9557     80.52   77.7989         0         0         0         0         0
     6800    0.0002         0    757.27   299.994   62.4102    3832.1   2375.58   6207.69   2400.78   2414.97  0.385776  -135.194   2.66766   2112.22   2315.17    2.8911   28.4751     0.001   111.905   82.8557   80.4209      77.7         0         0         0         0         0
     6700    0.0162         0   757.306   300.228   61.4478   3852.59   2413.71    6266.3   2400.53   2414.53  0.385407    -135.6   2.66772      2112   2314.74   2.89254   27.5447     0.001   111.802   82.7567   80.3222   77.6013         0         0         0         0         0
     6600    0.0482         0   758.958   300.982   60.0547   3874.18   2455.29   6329.48    2400.3   2414.09  0.385081  -136.038   2.66777   2112.11    2314.3   2.90088   25.8021     0.001   111.684   82.6563   80.2215   77.5026         0         0         0         0         0
     6500    0.0682         0   763.798   302.586   58.0606   3893.87   2496.78   6390.65   2400.12   2413.66  0.384834  -136.534   2.66781   2112.69   2313.88    2.9155   23.3115     0.001   111.512   82.5447   80.1097   77.4013         0         0         0         0         0
     6400     0.058         0   770.608   304.385   56.3574   3913.96   2539.97   6453.93      2400   2413.23  0.384618  -137.087   2.66785   2113.34   2313.46   2.92509   21.5377     0.001   111.261   82.4078   79.9759   77.2919         0         0         0         0         0
     6300    0.0464         0   776.396   305.411   55.4594   3935.19   2582.43   6517.61   2399.94    2412.8  0.384293  -137.651   2.66788   2113.54   2313.04   2.92319   21.1171     0.001   110.968   82.2433   79.8197   77.1691         0         0         0         0         0
     6200    0.0354         0   781.025   305.948   54.8882   3964.49   2624.58   6589.06   2399.89   2412.37  0.383808  -138.198   2.66791   2113.47   2312.62   2.91964   20.9599     0.001   110.687   82.0883   79.6514   77.0318         0         0         0         0         0
     6100    0.0233         0   784.553   306.184   54.5483   3994.58   2666.11   6660.69   2399.83   2411.95  0.383222  -138.716   2.66794   2113.24   2312.22   2.91576   20.9672     0.001   110.443   81.9488   79.4812   76.8832         0         0         0         0         0
     6000    0.0149         0   786.875   306.164   54.4127   4013.59   2706.77   6720.36   2399.76   2411.54   0.38259  -139.198   2.66796   2112.88   2311.83   2.91133   21.1318     0.001   110.247   81.8236   79.3166   76.7282         0         0         0         0         0
     5900    0.0066         0   788.357   306.062   54.3391   4034.29   2749.14   6783.43   2399.67   2411.13  0.381959  -139.644   2.66798   2112.48   2311.46     2.908   21.2569     0.001   110.098   81.7131    79.165   76.5725         0         0         0         0         0
     5800    0.0003         0    789.01   305.871   54.3537   4060.97   2789.51   6850.48   2399.55   2410.73  0.381364  -140.056   2.66799   2112.05    2311.1   2.90472   21.4378     0.001    109.99   81.6172   79.0371   76.4227         0         0         0         0         0
     5700         0         0    789.04   305.655   54.3966   4077.62   2829.26   6906.88   2399.41   2410.34  0.380822  -140.437   2.66801   2111.64   2310.76   2.90236   21.5582     0.001   109.916   81.5356   78.9272   76.2836         0         0         0         0         0
     5600         0         0    789.04   305.584   54.3404   4092.42    2868.7   6961.12   2399.26   2409.97  0.380357  -140.793   2.66802   2111.32   2310.43   2.90227   21.4641     0.001   109.865   81.4664   78.8338   76.1789         0         0         0         0         0
     5500         0         0    789.04   305.593   54.2648   4117.07   2907.89   7024.96    2399.1   2409.63  0.379977  -141.129   2.66803   2111.06   2310.13   2.90248   21.3551     0.001   109.822   81.4062   78.7599   76.1105         0         0         0         0         0
     5400         0         0    789.04   305.643   53.4692   4140.98   2947.11   7088.08   2398.95   2409.31  0.379668  -141.463   2.66804   2110.84   2309.85   2.90275   20.7044     0.001   109.783   81.3521   78.7015   76.0623         0         0         0         0         0
     5300         0         0    789.04   305.712   52.2256   4157.27   2986.37   7143.64   2398.82   2409.03  0.379414  -141.833   2.66805   2110.66   2309.59   2.90304   19.6486     0.001   109.743   81.3021   78.6539    76.026         0         0         0         0         0
     5200         0         0    789.04   305.792   50.7418   4185.82   3022.36   7208.19   2398.69   2408.78  0.379203  -142.254   2.66805   2110.49   2309.35   2.90334   18.3793     0.001   109.703   81.2547   78.6132   75.9946         0         0         0         0         0
     5100         0         0    789.04   305.876   49.1043    4201.3   3059.04   7260.34   2398.57   2408.54  0.379025  -142.733   2.66806   2110.35   2309.13   2.90363   16.9707     0.001   109.663    81.209   78.5751   75.9598         0         0         0         0         0
     5000         0         0    789.04   305.962   47.3299   4210.43    3096.4   7306.83   2398.46   2408.32  0.378871   -143.27   2.66806   2110.22   2308.92   2.90391   15.4373     0.001   109.622   81.1641   78.5374   75.9231         0         0         0         0         0
     4900         0         0    789.04    306.05     45.47   4218.06   3132.45   7350.51   2398.35   2408.12  0.378735  -143.867   2.66807    2110.1   2308.73    2.9042   13.8195     0.001   109.581   81.1197   78.4994   75.8853         0         0         0         0         0
     4800         0         0    789.04   306.138   43.5285   4229.81   3167.84   7397.65   2398.25   2407.92  0.378612  -144.521   2.66807   2109.98   2308.54   2.90448   12.1246     0.001    109.54   81.0754    78.461   75.8469         0         0         0         0         0
     4700         0         0    789.04   306.227   41.5225   4247.41   3202.56   7449.97   2398.15   2407.73  0.378499  -145.232   2.66808   2109.87   2308.35   2.90475   10.3642     0.001   109.499    81.031   78.4223   75.8081         0         0         0         0         0
     4600         0         0    789.04   306.316   39.4829    4256.1   3239.08   7495.18   2398.05   2407.55  0.378394  -145.997   2.66808   2109.77   2308.17   2.90502   8.56685     0.001   109.458   80.9865   78.3833   75.7692         0         0         0         0         0
     4500         0         0    789.04   306.405   37.3899   4262.93   3276.38   7539.32   2397.96   2407.37  0.378294  -146.816   2.66808   2109.66   2307.99   2.90529   6.71659     0.001   109.418   80.9418   78.3441   75.7301         0         0         0         0         0
     4400         0         0    789.04   306.494   35.6145   4269.08   3311.78   7580.86   2397.86   2407.19  0.378199  -147.679   2.66808   2109.56   2307.82   2.90556   5.09529     0.001   109.377    80.897   78.3048   75.6909         0         0         0         0         0
     4300         0         0    789.04   306.584   34.0186   4277.56   3346.86   7624.42   2397.77   2407.02  0.378107  -148.567   2.66808   2109.46   2307.64   2.90582   3.63384     0.001   109.337    80.852   78.2653   75.6517         0         0         0         0         0
     4200         0         0    789.04   306.673   32.5106   4281.51   3381.34   7662.85   2397.67   2406.85  0.378017   -149.47   2.66809   2109.36   2307.47   2.90609   2.24411     0.001   109.297    80.807   78.2258   75.6125         0         0         0         0         0
     4100         0         0    789.04   306.763   31.0732   4281.63    3416.4   7698.03   2397.58   2406.68   0.37793  -150.386   2.66809   2109.26    2307.3   2.90635   0.91281     0.001   109.257   80.7621   78.1864   75.5734         0         0         0         0         0
     4000         0         0    789.04   306.852   29.6759   4282.21   3449.95   7732.16   2397.49   2406.51  0.377843   -151.31   2.66809   2109.17   2307.13   2.90661 -0.385157     0.001   109.217   80.7171   78.1469   75.5343         0         0         0         0         0
     3900         0         0    789.04   306.942   28.3047   4285.61   3481.99    7767.6   2397.39   2406.34  0.377758  -152.242   2.66809   2109.07   2306.96   2.90687  -1.66168     0.001   109.177   80.6723   78.1074   75.4952         0         0         0         0         0
     3800         0         0    789.04   307.031   26.9502   4287.57   3515.58   7803.14    2397.3   2406.17  0.377673  -153.182   2.66809   2108.97   2306.79   2.90713  -2.92463     0.001   109.138   80.6276    78.068   75.4562         0         0         0         0         0
     3700         0         0    789.04   307.121   25.0427   4293.74   3549.37   7843.11    2397.2      2406  0.377589  -154.132   2.66809   2108.87   2306.62   2.90739  -4.57043     0.001   109.098   80.5832   78.0288   75.4173         0         0         0         0         0
     3600         0         0    789.04    307.21   21.5854   4297.57   3583.38   7880.95   2397.11   2405.83  0.377506  -155.164   2.66809   2108.78   2306.45   2.90765   -7.5324     0.001   109.059    80.539   77.9896   75.3785         0         0         0         0         0
     3500         0         0    789.04   307.299   17.4721    4300.7   3615.68   7916.38   2397.02   2405.66  0.377423  -156.334   2.66809   2108.68   2306.28   2.90791  -11.0762     0.001   109.019   80.4951   77.9505   75.3397         0         0         0         0         0
     3400         0         0    789.04   307.388   13.1297   4301.43   3649.07    7950.5   2396.92   2405.49   0.37734  -157.655   2.66809   2108.59   2306.12   2.90816  -14.8607     0.001    108.98   80.4515   77.9116   75.3011         0         0         0         0         0
     3300         0         0    789.04   307.477   8.56166   4311.36   3682.19   7993.56   2396.83   2405.33  0.377258  -159.124   2.66809   2108.49   2305.95   2.90842  -18.8514     0.001   108.941   80.4084   77.8729   75.2627         0         0         0         0         0
     3200         0         0    789.04   307.565   4.32208   4319.93   3715.06   8034.99   2396.73   2405.16  0.377176  -160.734   2.66809    2108.4   2305.78   2.90867  -22.6709     0.001   108.902   80.3657   77.8344   75.2244         0         0         0         0         0
     3100         0         0    789.04   307.653   1.41646   4329.96   3748.06   8078.02   2396.64   2404.99  0.377094  -162.416    2.6681    2108.3   2305.62   2.90893  -25.3791     0.001   108.863   80.3234   77.7961   75.1862         0         0         0         0         0
     3000         0         0    789.04   307.741  -1.02782   4336.87    3781.2   8118.08   2396.54   2404.82  0.377012  -164.112    2.6681   2108.21   2305.45   2.90918  -27.6922     0.001   108.825   80.2816    77.758   75.1482         0         0         0         0         0
     2900         0         0    789.04   307.829  -3.15376   4343.28   3813.53   8156.81   2396.45   2404.66  0.376931  -165.801    2.6681   2108.11   2305.29   2.90943  -29.7346     0.001   108.786   80.2404   77.7202   75.1105         0         0         0         0         0
     2800         0         0    789.04   307.916  -5.05742   4349.25   3846.15    8195.4   2396.36   2404.49   0.37685  -167.473    2.6681   2108.02   2305.12   2.90969  -31.5839     0.001   108.748   80.1997   77.6826   75.0729         0         0         0         0         0
     2700         0         0    789.04   308.002  -6.96966   4362.17   3875.25   8237.42   2396.26   2404.32   0.37677  -169.123    2.6681   2107.92   2304.96   2.90994  -33.4098     0.001    108.71   80.1596   77.6453   75.0355         0         0         0         0         0
     2600         0         0    789.04   308.088  -9.22703   4384.23   3909.44   8293.67   2396.17   2404.16   0.37669  -170.768    2.6681   2107.83   2304.79   2.91018  -35.5239     0.001   108.672     80.12   77.6083   74.9984         0         0         0         0         0
     2500         0         0    789.04   308.174  -11.5868   4393.89   3939.71   8333.61   2396.08      2404   0.37661  -172.426    2.6681   2107.74   2304.63   2.91043  -37.7273     0.001   108.634    80.081   77.5717   74.9616         0         0         0         0         0
     2400         0         0    789.04   308.259  -13.9746   4401.58   3970.37   8371.95   2395.98   2403.83  0.376531  -174.101    2.6681   2107.64   2304.47   2.91068  -39.9599     0.001   108.597   80.0426   77.5353    74.925         0         0         0         0         0
     2300         0         0    789.04   308.344  -16.3873   4411.23   4001.57   8412.79   2395.89   2403.67  0.376453  -175.792    2.6681   2107.55   2304.31   2.91092  -42.2144     0.001    108.56   80.0048   77.4993   74.8887         0         0         0         0         0
     2200         0         0    789.04   308.428  -18.6684    4427.4   4033.29    8460.7    2395.8   2403.51  0.376375  -177.499    2.6681   2107.46   2304.15   2.91117  -44.3831     0.001   108.523   79.9676   77.4636   74.8527         0         0         0         0         0
     2100         0         0    789.04   308.511  -20.5388   4436.43      4065   8501.43   2395.71   2403.35  0.376298  -179.203    2.6681   2107.37      2304   2.91141   -46.205     0.001   108.486    79.931   77.4283    74.817         0         0         0         0         0
     2000         0         0    789.04   308.594  -22.2446   4445.57    4096.7   8542.27   2395.62   2403.19  0.376222  -180.886    2.6681   2107.28   2303.84   2.91165  -47.8822     0.001    108.45    79.895   77.3933   74.7816         0         0         0         0         0
     1900         0         0    789.04   308.676  -23.8268   4455.52   4127.84   8583.36   2395.53   2403.03  0.376146  -182.544    2.6681   2107.19   2303.68   2.91189  -49.4507     0.001   108.414   79.8596   77.3588   74.7465         0         0         0         0         0
     1800         0         0    789.04   308.757  -25.3139   4464.46   4158.93   8623.39   2395.44   2402.87  0.376071  -184.173    2.6681    2107.1   2303.53   2.91212  -50.9333     0.001   108.377   79.8248   77.3245   74.7118         0         0         0         0         0
     1700         0         0    789.04   308.838   -26.818   4472.09   4189.14   8661.23   2395.35   2402.71  0.375997  -185.771    2.6681   2107.02   2303.38   2.91236  -52.4109     0.001   108.339   79.7905   77.2906   74.6774         0         0         0         0         0
     1600         0         0    789.04   308.918  -28.5158   4482.48   4217.77   8700.26   2395.26   2402.56  0.375924   -187.35    2.6681   2106.93   2303.23   2.91259  -54.0482     0.001     108.3   79.7565   77.2569   74.6433         0         0         0         0         0
     1500         0         0    789.04   308.998  -30.2666   4493.31   4248.22   8741.53   2395.17    2402.4  0.375852  -188.919    2.6681   2106.84   2303.07   2.91282  -55.7294     0.001   108.261   79.7228   77.2233   74.6094         0         0         0         0         0
     1400         0         0    789.04   309.079  -32.0555   4503.62   4280.35   8783.97   2395.08   2402.25   0.37578   -190.48    2.6681   2106.76   2302.92   2.91305  -57.4412     0.001   108.221   79.6893   77.1899   74.5758         0         0         0         0         0
     1300         0         0    789.04   309.159   -33.867    4517.7   4311.78   8829.48      2395    2402.1  0.375708  -192.035    2.6681   2106.67   2302.78   2.91328  -59.1715     0.001   108.182   79.6561   77.1568   74.5425         0         0         0         0         0
     1200         0         0    789.04   309.239  -35.4148   4543.55    4342.5   8886.06   2394.91   2401.95  0.375638  -193.584    2.6681   2106.59   2302.63   2.91351  -60.7196     0.001   108.142   79.6232   77.1237   74.5093         0         0         0         0         0
     1100         0         0    789.04   309.319  -36.2053   4566.33   4372.61   8938.94   2394.82    2401.8  0.375568  -195.091    2.6681    2106.5   2302.48   2.91374  -61.6235     0.001   108.103   79.5905   77.0909   74.4763         0         0         0         0         0
     1000         0         0    789.04   309.398  -36.6751      4587   4402.24   8989.25   2394.74   2401.65  0.375498  -196.529    2.6681   2106.42   2302.33   2.91397  -62.2423     0.001   108.063   79.5581   77.0583   74.4436         0         0         0         0         0
      900         0         0    789.04   309.478  -36.8026   4608.11   4432.07   9040.18   2394.65    2401.5  0.375429  -197.887    2.6681   2106.33   2302.18    2.9142  -62.5677     0.001   108.024   79.5259   77.0258    74.411         0         0         0         0         0
      800         0         0    789.04   309.557  -36.6735    4630.5   4458.31   9088.81   2394.57   2401.35   0.37536  -199.154    2.6681   2106.25   2302.04   2.91442  -62.6584     0.001   107.985    79.494   76.9935   74.3786         0         0         0         0         0
      700         0         0    789.04   309.636  -36.2402   4650.72   4483.88    9134.6   2394.49    2401.2  0.375291  -200.325    2.6681   2106.17   2301.89   2.91465  -62.4926     0.001   107.946   79.4624   76.9615   74.3464         0         0         0         0         0
      600         0         0    789.04   309.714  -35.3444   4680.86   4512.42   9193.28    2394.4   2401.06  0.375224  -201.385    2.6681   2106.09   2301.75   2.91488  -61.9196     0.001   107.907    79.431   76.9296   74.3144         0         0         0         0         0
      500         0         0    789.04   309.792  -34.1747   4711.55   4541.57   9253.11   2394.32   2400.91  0.375156  -202.322    2.6681   2106.01   2301.61    2.9151  -61.0948     0.001   107.868   79.3999   76.8979   74.2826         0         0         0         0         0
      400         0         0    789.04    309.87  -32.7063   4754.71   4568.71   9323.41   2394.24   2400.76  0.375089  -203.132    2.6681   2105.92   2301.46   2.91532  -60.0041     0.001    107.83    79.369   76.8664   74.2509         0         0         0         0         0
      300         0         0    789.04   309.948  -30.9936   4787.23   4600.93   9388.16   2394.16   2400.62  0.375023  -203.809    2.6681   2105.84   2301.32   2.91554  -58.6844     0.001   107.791   79.3384   76.8352   74.2195         0         0         0         0         0
      200         0         0    789.04   310.025  -28.8175   4826.65   4633.66   9460.31   2394.07   2400.48  0.374957   -204.35    2.6681   2105.76   2301.18   2.91576  -56.9908     0.001   107.753   79.3081   76.8041   74.1882         0         0         0         0         0
      100         0         0    789.04   310.101  -25.7427   4851.32   4662.31   9513.63   2393.99   2400.33  0.374891  -204.721    2.6681   2105.68   2301.04   2.91598  -54.5139     0.001   107.715    79.278   76.7732   74.1572         0         0         0         0         0
        0         0         0    789.04   310.178  -22.1925   4863.09   4691.03   9554.12   2393.91   2400.19  0.374826  -204.897    2.6681    2105.6    2300.9    2.9162  -51.6025     0.001   107.677   79.2482   76.7425   74.1263         0         0         0         0         0