    20000         0         1         0   187.948   365.085   67.9449    5.7719   73.7168   2341.68   2425.58    0.6884   15.9048   2.49734   2048.25   2344.34   2.72726   282.674     0.001   107.636   92.0964   89.5112   88.8986         0         0         0         0         0
    19900         0         1         0   187.948   364.222   129.283   12.7138   141.996   2341.68   2425.58  0.688551   15.7588   2.49734   2048.25   2344.34   2.72741   281.904     0.001   107.636   92.0964   89.5112   88.8986         0         0         0         0         0
    19800         0         1         0   187.948   363.638   195.625   20.8257   216.451   2341.68   2425.58  0.688701   15.6176   2.49734   2048.25   2344.34   2.72756   281.339     0.001   107.636   92.0964   89.5112   88.8986         0         0         0         0         0
    19700         0         1         0   187.948   363.429   254.876   26.4776   281.354   2341.68   2425.58  0.688851   15.4963   2.49734   2048.25   2344.34    2.7277    281.07     0.001   107.636   92.0964   89.5112   88.8986         0         0         0         0         0
    19600         0         1         0   187.948   363.507   295.549   29.9495   325.498   2341.68   2425.58  0.689002   15.4101   2.49734   2048.25   2344.34   2.72785   281.045     0.001   107.636   92.0964   89.5112   88.8986         0         0         0         0         0
    19500         0         1         0   187.948   361.776   347.853   30.9514   378.804   2341.68   2425.58  0.689152   15.3344   2.49734   2048.25   2344.34     2.728   279.849     0.001   107.636   92.0964   89.5112   88.8986         0         0         0         0         0
    19400         0         1         0   187.948   358.969   409.424   34.5233   443.947   2341.68   2425.58  0.689302   15.1783   2.49734   2048.25   2344.34   2.72815   277.734     0.001   107.636   92.0964   89.5112   88.8986         0         0         0         0         0
    19300         0         1         0   187.948   356.401   469.322   38.1252   507.447   2341.68   2425.58  0.689452   14.9169   2.49734   2048.25   2344.34    2.7283   275.681     0.001   107.636   92.0964   89.5112   88.8986         0         0         0         0         0
    19200         0         1         0   187.948   353.856   520.666   41.7571   562.423   2341.68   2425.58  0.689602   14.5704   2.49734   2048.25   2344.34   2.72845   273.656     0.001   107.636   92.0964   89.5112   88.8986         0         0         0         0         0
    19100         0         1         0   187.948   353.032   570.434    44.899   615.333   2341.68   2425.58  0.689752   14.1716   2.49734   2048.25   2344.34   2.72859   272.757     0.001   107.636   92.0964   89.5112   88.8986         0         0         0         0         0
    19000         0         1         0   187.948   353.243   619.491   48.8509   668.342   2341.68   2425.58  0.689901   13.8067   2.49734   2048.25   2344.34   2.72874   272.733     0.001   107.636   92.0964   89.5112   88.8986         0         0         0         0         0
    18900         0         1         0   187.948   351.625   667.466   53.6128   721.079   2341.68   2425.58  0.690051   13.4738   2.49734   2048.25   2344.34   2.72889   271.574     0.001   107.636   92.0964   89.5112   88.8986         0         0         0         0         0
    18800         0         1         0   187.948   348.984   726.723   55.6346   782.357   2341.68   2425.58  0.690201   13.0782   2.49734   2048.25   2344.34   2.72904   269.522     0.001   107.636   92.0964   89.5112   88.8986         0         0         0         0         0
    18700    0.0227         1    0.0227   187.949   347.173    797.53   58.9553   856.485   2341.68   2425.58   0.69035   12.6065   2.49734   2048.58   2344.72   2.72897   267.744     0.001   107.636   92.0964   89.5112   88.8986         0         0         0         0         0
    18600    0.0003         1    2.2703   188.062   345.089   882.251   64.7935   947.044    2341.7    2425.6   0.69043   12.0827   2.49734    2054.8   2352.16   2.72802   265.106     0.001   107.636   92.0965   89.5125   88.8987         0         0         0         0         0
    18500     0.015         1     2.315    188.02    344.16   974.031    64.893   1038.92   2341.75   2425.65  0.690527   11.5459   2.49734   2048.97   2345.11   2.72922   265.206     0.001   107.637   92.0971    89.514   88.8994         0         0         0         0         0
    18400    0.0201         1    3.8201   188.078   342.471   1032.91   65.3012   1098.21    2341.8   2425.69  0.690622   10.9931   2.49734   2053.17   2350.14   2.72853   263.023     0.001   107.638   92.0978   89.5151   88.9002         0         0         0         0         0
    18300    0.0109         1    5.8209   188.141   339.115   1079.52   65.4223   1144.95   2341.87   2425.76  0.690676   10.3853   2.49734   2054.75   2351.98   2.72841   260.321     0.001    107.64   92.0988   89.5171   88.9012         0         0         0         0         0
    18200         0         1       6.9    188.14   335.066   1154.76   65.5426    1220.3   2341.95   2425.85  0.690744   9.65474   2.49734   2052.21    2348.9   2.72915   257.679     0.001   107.643   92.1003   89.5192   88.9027         0         0         0         0         0
    18100         0         1       6.9   188.095   331.844   1253.67   66.1446   1319.82   2342.01   2425.91  0.690867   8.80158   2.49734   2049.11    2345.2   2.72996   255.481     0.001   107.645   92.1018     89.52   88.9042         0         0         0         0         0
    18000         0         1       6.9   188.074   328.675   1347.86   66.1653   1414.02   2342.05   2425.95  0.691021   7.86495   2.49734   2048.99   2345.08   2.73017   252.832     0.001   107.647   92.1032   89.5201   88.9054         0         0         0         0         0
    17900         0         1       6.9   188.061   327.872   1434.53   67.5738    1502.1   2342.08   2425.98  0.691183   6.89172   2.49734   2048.93   2345.02   2.73034   251.755     0.001   107.649   92.1044   89.5203   88.9063         0         0         0         0         0
    17800    0.0034         1    6.9034   188.053   328.525   1519.14   69.8509   1588.99   2342.09   2425.99  0.691349   5.99837   2.49734   2048.93   2345.03   2.73048   251.881     0.001    107.65   92.1054   89.5204   88.9069         0         0         0         0         0
    17700    0.0154         1    7.2554   188.064   326.623   1603.31   71.5071   1674.82    2342.1   2426.01  0.691505    5.1795   2.49734   2050.05   2346.36   2.73034   250.187     0.001    107.65   92.1062   89.5209   88.9075         0         0         0         0         0
    17600    0.0269         1    8.8069    188.13   323.071   1676.92   77.1026   1754.02   2342.13   2426.03  0.691616    4.2947   2.49734   2053.71   2350.72   2.72968   246.687     0.001   107.651   92.1069   89.5223   88.9081         0         0         0         0         0
    17500    0.0284         1   11.4984   188.228   322.688   1734.95     82.26   1817.21    2342.2    2426.1  0.691663   3.35157   2.49734   2057.29   2354.94   2.72909   245.306     0.001   107.652    92.108   89.5251   88.9091         0         0         0         0         0
    17400    0.0285         1   14.3385   191.048   354.864    1755.6   82.9944   1838.59   2336.65   2426.48  0.731465   1.68145   2.44051   2108.62   2413.49   2.64165   291.468     0.001    107.83   92.2201   89.5432   88.8747         0         0         0         0         0
    17300    0.0301         1   17.1901   191.975   364.541    1775.7   83.7425   1859.44   2332.73   2427.81  0.764067   1.48125   2.39082   2120.24    2426.4   2.62153   299.911     0.001   107.889   92.3564     89.71    89.038         0         0         0         0         0
    17200    0.0417         1   20.2117   192.524   370.282   1788.34    88.304   1876.65   2329.74   2429.45  0.792367   1.68515   2.34741   2127.09   2434.01   2.61161   304.592     0.001   107.826   92.5088   89.9707   89.3469         0         0         0         0         0
    17100     0.058         1    24.398   193.112   373.472   1794.67   93.8221   1888.49    2327.4   2431.19  0.817136   2.04193    2.3095   2138.94   2447.62   2.60309   306.485     0.001   107.686   92.6958   90.3157   89.7614         0         0         0         0         0
    17000    0.0756         1   30.2156   193.861   374.854   1796.78   102.061   1898.84    2325.6      2433  0.838773    2.4179   2.27638   2154.31   2465.32   2.59494   306.606     0.001   107.512   92.9463   90.7393   90.2553         0         0         0         0         0
    16900     0.054         1    37.754   194.784   370.166   1803.14   110.903   1914.05   2324.28   2434.86  0.857614   2.66107   2.24743   2170.58   2483.92   2.58753    302.47     0.001   107.338   93.2835   91.2313   90.8106         0         0         0         0         0
    16800    0.0325         1   43.1325   195.664    362.61   1809.86   120.429   1930.29   2323.36   2436.76  0.874049    2.5314    2.2221   2163.36      2474   2.58303   298.037     0.001   107.185   93.6809   91.7805    91.414         0         0         0         0         0
    16700    0.0366         1   46.3866   196.559   354.207   1814.39    131.76   1946.15   2322.71   2438.58  0.888401   1.96061   2.19994   2152.19   2459.24   2.57914   292.413     0.001   107.071   94.1384   92.3689   92.0288         0         0         0         0         0
    16600    0.0496         1   50.0596   197.616   344.132   1821.28   147.294   1968.58   2322.23   2440.26  0.900844  0.944517   2.18051   2155.11    2461.4   2.57413   283.779     0.001   107.002   94.6471   92.9732   92.6022         0         0         0         0         0
    16500    0.0634         1   55.0334   198.832   344.701   1823.74   156.815   1980.56   2321.92   2441.82  0.911541 -0.338743   2.16347   2165.44   2472.35   2.56878   282.215     0.001   106.981   95.1895   93.5978   93.2165         0         0         0         0         0
    16400    0.0887         1   61.3987   200.171   352.485   1835.54   170.611   2006.15    2321.8   2443.33  0.920686  -1.27652    2.1485   2177.91   2485.73    2.5635   287.251     0.001   107.005   95.7261   94.2444   93.8574         0         0         0         0         0
    16300    0.0988         1   70.2788   201.665   356.507   1856.34   181.462   2037.81    2321.9   2444.84  0.928442  -1.72406   2.13534   2197.88   2508.02   2.55786   289.636     0.001    107.07   96.3116   94.9038    94.514         0         0         0         0         0
    16200     0.098         1    80.158   203.197   359.032   1881.46   197.711   2079.17   2322.23   2446.41  0.934996  -1.92505   2.12376   2210.17   2520.96   2.55329   291.466     0.001   107.171   96.9329    95.576   95.1793         0         0         0         0         0
    16100    0.0971         1   89.9571   204.717   349.753   1902.07   216.731    2118.8   2322.75   2448.01  0.940533  -2.14305   2.11354   2214.84   2524.67   2.54959    285.27     0.001   107.306   97.5801   96.2511   95.7713         0         0         0         0         0
    16000    0.0953         1   99.6653   206.244    332.28   1911.59    234.19   2145.78   2323.41   2449.59  0.945183   -3.0086   2.10453      2218   2526.56   2.54612     271.5     0.001   107.472   98.2396   96.9124   96.3592         0         0         0         0         0
    15900    0.0953         1   109.195   207.779   323.276   1915.55   250.264   2165.82   2324.15   2451.12  0.949052  -4.58324   2.09656   2220.08   2527.15   2.54281   263.203     0.001   107.665   98.8901   97.5677   96.9636         0         0         0         0         0
    15800    0.0965         1   118.726   209.333   319.474   1922.29   263.291   2185.58   2324.97   2452.61   0.95223  -6.30943    2.0895   2222.83   2528.54   2.53944   259.783     0.001   107.881    99.507   98.2097   97.5725         0         0         0         0         0
    15700    0.0964         1   128.376   210.908   316.903   1929.49   275.892   2205.38   2325.83   2454.04  0.954791  -7.97792   2.08323   2226.24   2530.71   2.53604   257.554     0.001   108.116   100.141   98.8387   98.1769         0         0         0         0         0
    15600    0.0945         1   138.014   212.492   315.432   1937.96    286.16   2224.12   2326.73   2455.43  0.956807  -9.53909   2.07766   2228.84   2531.91   2.53271   256.313     0.001   108.367   100.788   99.4583   98.7721         0         0         0         0         0
    15500    0.0929         1   147.463   214.073   313.255   1946.28   295.617    2241.9   2327.66   2456.75  0.958344  -10.9757   2.07269   2230.14   2531.57   2.52947    254.79     0.001   108.628   101.438   100.063   99.2749         0         0         0         0         0
    15400    0.0949         1   156.755   215.655   310.682   1959.32   303.967   2263.29   2328.58   2457.99  0.959453  -12.3481   2.06825   2231.35   2531.14   2.52616   252.822     0.001   108.891    102.08   100.638     99.76         0         0         0         0         0
    15300     0.123         1   166.273   217.256   309.681   1980.32   314.028   2294.35   2329.51   2459.16  0.960179  -13.6514   2.06427   2235.05   2533.66   2.52241   251.603     0.001   109.156   102.687   101.194   100.252         0         0         0         0         0
    15200    0.1471         1   178.597       219   308.986   2001.42   323.102   2324.52   2330.47    2460.3  0.960519  -14.8321   2.06068   2255.08   2555.71   2.51705   249.436     0.001   109.419   103.256   101.734   100.742         0         0         0         0         0
    15100    0.1927         1   193.353   220.816   314.582   2030.65   331.059   2361.71   2331.53    2461.5  0.960498  -15.7767   2.05744   2276.16   2578.92   2.51144   252.089     0.001   109.678   103.828   102.263   101.224         0         0         0         0         0
    15000    0.2304         1    212.66   222.795   323.841   2072.44   337.566   2410.01   2332.75   2462.83  0.960134  -16.1918   2.05449   2311.18   2618.73   2.50451     257.2     0.001    109.93   104.394   102.786   101.699         0         0         0         0         0
    14900    0.2131         1   235.683   224.843   330.399    2123.3   341.369   2464.67    2334.2   2464.37  0.959466  -16.0449    2.0518   2343.74   2655.54   2.49805   261.596     0.001   110.174   104.948   103.312   102.167         0         0         0         0         0
    14800     0.176         1   256.956   226.673   337.052   2185.29   343.975   2529.27   2335.87   2466.12  0.958644  -15.5035   2.04932   2342.75   2652.22    2.4946   268.856     0.001   110.411   105.489   103.836   102.617         0         0         0         0         0
    14700    0.1345         1   274.514   228.222   328.767   2241.05   344.747    2585.8   2337.59    2467.9   0.95778   -14.868   2.04703    2323.6   2627.41   2.49312   266.113     0.001   110.643   106.018   104.321   102.982         0         0         0         0         0
    14600    0.1113         1   287.941   220.188   261.063   2257.08   360.399   2617.48   2345.62   2470.21  0.912062  -16.1868   2.10852   2183.25   2468.21   2.65313   192.927     0.001   126.138   103.079   101.946   102.719         0         0         0         0         0
    14500    0.0884         1   299.048   217.578   235.291   2257.82   382.169   2639.99   2351.37   2470.53  0.874635  -21.5949   2.16764   2163.88   2447.95   2.67915   169.259     0.001   135.211   99.3796   99.5172   101.728         0         0         0         0         0
    14400    0.0882         1   307.888   217.494    220.17   2263.25   406.029   2669.28   2356.17      2470  0.838239  -27.8243   2.22428   2150.63   2432.15   2.68951   156.264     0.001    140.26    97.276   98.4538   100.439         0         0         0         0         0
    14300    0.0954         1   316.715   218.402   206.606   2270.93   426.777    2697.7   2360.42   2468.98  0.802039  -33.7696   2.27761   2146.02   2425.59   2.69706   144.866     0.001   143.093    96.435   98.1871    99.266         0         0         0         0         0
    14200    0.0983         1   326.258   219.656   194.639   2285.14   445.674   2730.82   2364.26    2467.7  0.766672  -39.1591   2.32682   2144.77   2422.69    2.7037   134.734     0.001   144.602   96.3683   98.2282   98.4529         0         0         0         0         0
    14100    0.1013         1   336.091   220.979   188.282   2299.74   463.028   2762.76   2367.75   2466.31  0.732955  -43.8596   2.37142    2143.1   2419.23   2.70999   128.987     0.001   145.285   96.7028   98.3888   97.8659         0         0         0         0         0
    14000    0.1076         1   346.228   222.291   185.374   2323.46   477.722   2801.18   2370.87   2464.85  0.701464  -47.7314   2.41127   2141.99   2416.45   2.71568   126.226     0.001   145.446   97.1949    98.536   97.3851         0         0         0         0         0
    13900    0.1099         1    356.99   223.587    180.14   2352.64   494.705   2847.34   2373.63   2463.36  0.672511  -50.8864   2.44648   2142.12   2415.21    2.7207   122.057     0.001   145.274   97.7015   98.6175   96.9702         0         0         0         0         0
    13800     0.112         1   367.982   224.838    173.94    2373.4   508.382   2881.78   2376.03   2461.85  0.646207  -53.6204   2.47735    2141.4   2412.99   2.72551   117.118     0.001   144.895   98.1457   98.6111   96.5857         0         0         0         0         0
    13700    0.1144         1   379.184   226.053   169.342   2410.38   523.679   2934.05    2378.1   2460.32  0.622522  -56.0649   2.50423   2140.78   2410.96      2.73   113.251     0.001   144.383   98.4917   98.5319   96.2075         0         0         0         0         0
    13600    0.0988         1   390.609   227.239   165.636   2440.41   537.645   2978.05   2379.85   2458.79  0.601325    -58.24   2.52752   2140.14   2408.95   2.73436   110.284     0.001   143.787   98.6949   98.3777   95.8223         0         0         0         0         0
    13500    0.0777         1   400.468   228.319   169.173   2470.48   545.157   3015.63   2381.29   2457.22  0.582475  -60.0687   2.54763   2134.27   2400.83   2.73964   113.164     0.001   143.136    98.739   98.1529   95.4294         0         0         0         0         0
    13400    0.0593         1   408.219   229.309   177.115   2498.46   554.887   3053.34   2382.42   2455.62  0.565811  -61.2667   2.56494   2126.64   2390.71   2.74518   120.075     0.001   142.438    98.698   97.8888   95.1577         0         0         0         0         0
    13300    0.0679         1   414.158   230.249   174.466   2526.73   561.499   3088.22   2383.26   2453.98  0.551129  -61.9838   2.57981   2119.99   2381.82   2.75026   119.618     0.001   141.707   98.6051   97.6096   94.8786         0         0         0         0         0
    13200    0.1009         1   420.981   233.985   195.713   2537.36   567.429   3104.79   2376.43   2452.27  0.595654  -62.6372   2.51853   2186.05   2456.48   2.63859   151.494     0.001   134.369   98.5985   97.1777   94.5855         0         0         0         0         0
    13100    0.1283         1   431.098   236.567   201.257   2543.05   568.131   3111.19   2371.11   2451.66  0.633801  -62.2414   2.46235   2221.66   2496.24   2.60647   155.335     0.001   128.601   98.6623   96.9085   94.4254         0         0         0         0         0
    13000    0.1481         1   443.948   238.784   205.801   2558.13   568.429   3126.56   2366.88   2451.63  0.667383  -61.5118   2.41206   2249.74   2527.41   2.58871   158.668     0.001   124.098    98.926   96.9091   94.4138         0         0         0         0         0
    12900    0.1632         1   458.773   240.663   210.708   2559.44   570.384   3129.82   2363.54   2452.01  0.696905  -60.6465   2.36761   2271.76   2551.71   2.57564   162.384     0.001    120.57   99.3171    97.089   94.5499         0         0         0         0         0
    12800     0.162         1   475.092   242.191   215.737   2565.03   571.693   3136.72   2360.97   2452.72  0.722852  -59.7065   2.32854   2289.31   2571.06   2.56562   166.481     0.001   117.829    99.785    97.366   94.8086         0         0         0         0         0
    12700     0.151         1   491.281   243.531   216.994   2565.76   572.622   3138.38   2359.03   2453.69  0.745754   -58.799   2.29425   2295.67   2577.26   2.55748   168.455     0.001   115.687   100.281   97.7055   95.1575         0         0         0         0         0
    12600    0.1437         1   506.374   244.884   215.638   2585.92   572.888   3158.81    2357.6   2454.82  0.765898  -58.1511   2.26412   2293.83   2573.68   2.54965   168.339     0.001   113.998   100.816   98.1097   95.5207         0         0         0         0         0
    12500    0.1364         1   520.736   246.248   214.937   2604.11   573.628   3177.74   2356.54      2456  0.783557  -57.8214   2.23761   2292.23    2570.4     2.542   168.283     0.001   112.699   101.375   98.5178   95.8935         0         0         0         0         0
    12400    0.1298         1    534.37   247.618   214.532   2624.81   575.146   3199.96   2355.76   2457.19  0.799017  -57.7242   2.21421   2290.06   2566.44   2.53468   168.531     0.001   111.712   101.924   98.9114   96.3163         0         0         0         0         0
    12300    0.1223         1   547.342   248.998   212.863   2634.88   577.358   3212.24   2355.21   2458.35  0.812542  -57.8422   2.19352   2287.79   2562.38   2.52763   167.743     0.001   110.968   102.429   99.3108   96.7632         0         0         0         0         0
    12200    0.1144         1   559.564   250.385   210.285   2639.02   578.441   3217.46   2354.82   2459.47  0.824362  -58.2112   2.17518   2284.64   2557.28   2.52088   166.117     0.001   110.411     102.9   99.7399   97.2254         0         0         0         0         0
    12100     0.104         1   570.994   251.778   209.399   2652.12   579.105   3231.22   2354.57   2460.54  0.834675  -58.7926   2.15889   2280.83   2551.41   2.51437   165.713     0.001   110.004   103.366   100.185   97.6983         0         0         0         0         0
    12000    0.0963         1   581.386   253.166   209.689   2674.28   582.174   3256.45   2354.42   2461.54  0.843658  -59.4499    2.1444    2275.2   2543.39   2.50816   166.498     0.001   109.716   103.834   100.631   98.1757         0         0         0         0         0
    11900     0.089         1   591.009   254.568    211.01    2701.7   582.187   3283.89   2354.34   2462.47  0.851452  -60.1073   2.13148   2270.73   2536.78   2.50193   168.022     0.001   109.525   104.304   101.066   98.6491         0         0         0         0         0
    11800    0.0821         1   599.902   255.984   213.107    2735.7   583.131   3318.83   2354.32   2463.32  0.858178  -60.6983   2.11996   2266.55    2530.5   2.49574   170.239     0.001   109.413   104.775   101.487   99.0677         0         0         0         0         0
    11700    0.0787         1   608.109   257.418    223.01   2782.96   583.968   3366.93   2354.32   2464.07  0.863935  -61.0527   2.10967   2262.62   2524.51   2.48954   178.516     0.001   109.365   105.246   101.878   99.4187         0         0         0         0         0
    11600    0.0755         1   615.976   244.954   198.271   2812.12   596.377    3408.5   2360.47   2464.95  0.821183  -61.4905   2.16458   2174.78   2432.39   2.67058   140.344     0.001   121.217   102.236   99.5213   99.2341         0         0         0         0         0
    11500     0.071         1   623.521   240.555   180.846   2833.53   621.589   3455.12   2364.78   2464.52  0.787896  -64.2105   2.21768    2162.6   2422.21   2.69661   125.193     0.001   128.321   98.4439   97.0988   98.2934         0         0         0         0         0
    11400    0.0664         1   630.616   239.823   157.049   2843.62   649.718   3493.34   2368.46   2463.66  0.755649  -68.1321   2.26874   2155.41    2414.4   2.70431   105.696     0.001   132.343   96.1733   95.9383   97.1021         0         0         0         0         0
    11300    0.0616         1   637.252   240.469   146.064   2847.58   674.726   3522.31   2371.83   2462.56  0.723345  -72.5612   2.31693   2150.08   2407.46   2.71049   95.5439     0.001   134.644   95.1914   95.5428   95.9829         0         0         0         0         0
    11200    0.0568         1   643.407   241.578   142.277   2847.95   697.999   3545.94   2374.93   2461.26  0.691572  -76.5502   2.36143   2145.57   2401.05   2.71655   92.0955     0.001   135.888   95.1328      95.5    95.135         0         0         0         0         0
    11100    0.0523         1   649.082   242.801   134.775   2868.37   720.098   3588.46   2377.74   2459.87  0.661134  -79.9364   2.40176   2141.57   2395.14    2.7223   86.5496     0.001   136.452   95.3872   95.5904    94.587         0         0         0         0         0
    11000     0.048         1   654.308   244.029   125.455   2897.51   740.868   3638.38   2380.25   2458.41  0.632617  -83.0267   2.43776   2137.99   2389.74   2.72763    79.285     0.001   136.572   95.6403   95.6949   94.1396         0         0         0         0         0
    10900    0.0438         1   659.104   245.236   120.222   2917.16   763.233   3680.39   2382.43   2456.87  0.606357  -85.8917   2.46954   2134.71   2384.73   2.73258   74.8412     0.001   136.401   95.9357   95.7481   93.7578         0         0         0         0         0
    10800    0.0402         1    663.48   246.411   117.312   2924.93   782.372    3707.3   2384.28   2455.28  0.582486  -88.4038   2.49736   2131.63   2380.01   2.73721   72.4596     0.001    136.04   96.2163   95.7306    93.408         0         0         0         0         0
    10700    0.0362         1   667.496   247.554   113.407   2934.18   801.043   3735.22   2385.81   2453.64  0.560992  -90.6054   2.52155   2128.86   2375.67   2.74156    69.488     0.001   135.558   96.4359   95.6413   93.0665         0         0         0         0         0
    10600    0.0328         1   671.113   248.664   109.056   2947.54   819.279   3766.82   2387.03   2451.95  0.541774  -92.6396   2.54248   2126.07   2371.38   2.74573   66.0784     0.001   134.999    96.575    95.487   92.7179         0         0         0         0         0
    10500     0.029         1   674.389   249.747   106.477   2961.02   837.031   3798.05   2387.96   2450.21  0.524675  -94.5488   2.56052   2123.54   2367.41    2.7497   63.8989     0.001   134.393   96.6296   95.3161   92.3602         0         0         0         0         0
    10400    0.0259         1   677.286   250.798   104.954   2974.96   852.433    3827.4   2388.64   2448.44  0.509515  -96.2869   2.57602   2120.97   2363.43   2.75355   62.6621     0.001   133.761   96.6051   95.1291   92.0031         0         0         0         0         0
    10300    0.0224         1   679.872   251.821   104.006   2982.15   865.513   3847.66    2389.1   2446.66  0.496112  -97.8554   2.58932   2118.66    2359.8   2.75722   61.8899     0.001   133.116   96.5108   94.9363   91.7584         0         0         0         0         0
    10200    0.0193         1   682.109    252.81   102.968   2990.06   878.403   3868.46   2389.38   2444.92  0.484293  -99.2688   2.60071   2116.31   2356.15   2.76079   61.1556     0.001   132.468   96.3569   94.7215   91.5507         0         0         0         0         0
    10100    0.0162         1   684.036    253.77   100.851   3014.02   888.333   3902.35   2389.51    2443.2  0.473873  -100.602   2.61045   2114.12   2352.74   2.76422   59.5328     0.001   131.825   96.1526   94.4639   91.2907         0         0         0         0         0
    10000    0.0129         1   685.653   254.704   98.4005   3031.32   897.629   3928.95   2389.49   2441.49  0.464678  -101.917   2.61877   2111.97    2349.4   2.76756   57.6255     0.001   131.199    95.905   94.1669    90.989         0         0         0         0         0
     9900      0.01         1    686.94   255.613   95.7883   3037.67   906.317   3943.99   2389.35   2439.78   0.45655  -103.239   2.62587    2109.8   2346.06   2.77082   55.5713     0.001    130.59   95.6213   93.8366   90.6535         0         0         0         0         0
     9800    0.0069         1   687.937   256.501    93.042      3045   913.559   3958.56   2389.09   2438.06  0.449349  -104.582   2.63194   2107.76   2342.89     2.774   53.3852     0.001   129.995   95.3479   93.4794   90.2908         0         0         0         0         0
     9700    0.0038         1   688.624   257.366   90.1993   3045.06   919.381   3964.44   2388.72   2436.33  0.442952  -105.955   2.63712   2105.67    2339.7   2.77714   51.1119     0.001   129.414   95.1538   93.1026   89.9065         0         0         0         0         0
     9600    0.0007         1   689.001   258.201   87.2805   3045.76    923.81   3969.57   2388.26   2434.59  0.437252  -107.364   2.64155   2103.58   2336.54   2.78022   48.7611     0.001   128.848     94.98   92.7135   89.5062         0         0         0         0         0
     9500         0         1    689.07   259.009    84.297   3049.27   926.876   3976.15   2387.72   2432.83  0.432159  -108.811   2.64532   2101.53   2333.45   2.78321   46.3266     0.001   128.297   94.7557   92.3161   89.0947         0         0         0         0         0
     9400         0         1    689.07   259.807   82.0485   3069.49    932.27   4001.76   2387.11   2431.07  0.427586  -110.285   2.64855   2100.21   2331.23   2.78597     44.33     0.001   127.761    94.481    91.922   88.6765         0         0         0         0         0
     9300         0         1    689.07   260.594   80.2298   3088.81   935.475   4024.29   2386.45   2429.33  0.423466  -111.746   2.65131   2099.14   2329.32   2.78861   42.6938     0.001   127.239   94.1715   91.6187   88.3798         0         0         0         0         0
     9200         0         1    689.07   261.363   78.6432      3107   937.813   4044.82   2385.78   2427.64  0.419759  -113.177   2.65367   2098.14   2327.51   2.79116   41.2516     0.001   126.733   93.8422   91.3666   88.1405         0         0         0         0         0
     9100         0         1    689.07   262.109   77.2144   3117.05   937.922   4054.97   2385.11   2426.01  0.416411  -114.573    2.6557   2097.19   2325.78   2.79362   39.9424     0.001   126.244   93.5023   91.0844   87.8783         0         0         0         0         0
     9000         0         1    689.07   262.838   75.9118   3124.88   941.461   4066.34   2384.42   2424.43  0.413372  -115.933   2.65743   2096.28   2324.12     2.796   38.7411     0.001   125.769   93.1552   90.7791   87.5947         0         0         0         0         0
     8900         0         1    689.07   263.555   74.7311   3143.32   944.365   4087.68   2383.72   2422.89  0.410598  -117.255   2.65891    2095.4   2322.51   2.79832    37.643     0.001   125.308   92.8027   90.4584   87.2932         0         0         0         0         0
     8800         0         1    689.07    264.26   73.6464   3150.15     948.1   4098.25   2383.02   2421.36  0.408049  -118.539   2.66018   2094.54   2320.92   2.80059   36.6304     0.001   124.857   92.4465   90.1267   86.9775         0         0         0         0         0
     8700         0         1    689.07   264.958   72.6413   3150.91   952.658   4103.56    2382.3   2419.86  0.405693  -119.783   2.66128    2093.7   2319.37   2.80283    35.689     0.001   124.411   92.0878   89.7868   86.6507         0         0         0         0         0
     8600         0         1    689.07   265.648    71.707   3156.95   957.756    4114.7   2381.58   2418.37  0.403502  -120.989   2.66222   2092.86   2317.83   2.80503   34.8121     0.001   123.965   91.7982   89.4408   86.3154         0         0         0         0         0
     8500         0         1    689.07   266.328   70.8366   3157.01   963.384    4120.4   2380.84   2416.89  0.401454  -122.156   2.66302   2092.02   2316.31    2.8072   33.9934     0.001   123.523   91.5976   89.0931    85.974         0         0         0         0         0
     8400         0         1    689.07   266.992   70.4728   3160.51   969.076   4129.59    2380.1   2415.42  0.399531  -123.275   2.66372    2091.2   2314.81   2.80933    33.558     0.001   123.088   91.3982   88.7471   85.6292         0         0         0         0         0
     8300    0.0003         1    689.07   267.643    70.438   3168.34   978.419   4146.76   2379.36   2413.96  0.397718  -124.324   2.66431   2090.39   2313.35   2.81141   33.4185     0.001   122.667   91.1558   88.4426    85.308         0         0         0         0         0
     8200    0.0032         1   689.103    268.28   70.6162   3171.66   987.824   4159.49   2378.62   2412.54  0.396017  -125.294   2.66483   2089.73   2312.08   2.81339   33.4413     0.001    122.27   90.8874   88.2136   85.1096         0         0         0         0         0
     8100         0         1    689.42   268.909   70.9272   3178.07   997.284   4175.36   2377.91   2411.18  0.394423  -126.181   2.66527   2089.81   2311.67   2.81517   33.5536     0.001   121.895   90.6069    88.012   84.9268         0         0         0         0         0
     8000         0         1    689.42   269.498   71.5111   3179.73   1007.06   4186.79   2377.23   2409.89  0.392933  -126.981   2.66565   2088.19   2309.32   2.81725   34.0542     0.001   121.537    90.322   87.7884   84.7272         0         0         0         0         0
     7900         0         1    689.42   270.074   72.2617   3187.19   1017.13   4204.32   2376.56   2408.63  0.391533  -127.691   2.66598   2087.49   2308.05   2.81908   34.6107     0.001   121.192   90.0355   87.5503   84.5122         0         0         0         0         0
     7800         0         1    689.42   270.638   73.1778    3192.3   1028.07   4220.37    2375.9    2407.4  0.390208  -128.308   2.66627   2086.81   2306.82   2.82085   35.3209     0.001   120.858   89.7488   87.3028   84.2845         0         0         0         0         0
     7700         0         1    689.42   271.193   74.2463   3195.12   1038.86   4233.98   2375.26    2406.2  0.388945  -128.832   2.66651   2086.15   2305.62   2.82258   36.1703     0.001   120.534   89.4629   87.0489   84.0468         0         0         0         0         0
     7600         0         1    689.42   271.738    75.478   3200.02    1050.5   4250.52   2374.62   2405.02  0.387737  -129.261   2.66673    2085.5   2304.44   2.82428   37.1701     0.001   120.219   89.1785   86.7906   83.8015         0         0         0         0         0
     7500         0         1    689.42   272.277    76.843   3210.24   1062.95   4273.19   2373.99   2403.86  0.386577  -129.595   2.66691   2084.86   2303.28   2.82595   38.2962     0.001   119.911   88.8962   86.5293   83.5505         0         0         0         0         0
     7400         0         1    689.42    272.81   77.2514    3223.7   1076.21   4299.91   2373.36   2402.71  0.385457  -129.852   2.66707   2084.23   2302.13   2.82759   38.7398     0.001   119.609   88.6229   86.2662   83.2954         0         0         0         0         0
     7300         0         1    689.42   273.335   77.1113   3238.53   1088.27    4326.8   2372.73   2401.57  0.384373  -130.091   2.66721    2083.6   2300.99   2.82922   38.6934     0.001   119.312   88.4265   86.0028   83.0376         0         0         0         0         0
     7200         0         1    689.42   273.848    76.696   3257.03   1099.12   4356.16   2372.11   2400.43  0.383321  -130.333   2.66733   2082.97   2299.87   2.83082   38.4132     0.001   119.023   88.2761   85.7424   82.7785         0         0         0         0         0
     7100         0         1    689.42   274.346   76.0965   3276.24   1111.17    4387.4   2371.49   2399.31  0.382301  -130.588   2.66743   2082.35   2298.77   2.83238   37.9737     0.001   118.741   88.1424   85.4863     82.52         0         0         0         0         0
     7000         0         1    689.42   274.829   75.3618   3287.77    1128.4   4416.17   2370.88    2398.2  0.381311  -130.859   2.66752   2081.74    2297.7   2.83389    37.415     0.001   118.467   87.9896   85.2577   82.2666         0         0         0         0         0
     6900         0         1    689.42   275.298   74.5352    3299.3   1145.59   4444.89   2370.28   2397.11  0.380356  -131.149   2.66759   2081.15   2296.65   2.83536    36.772     0.001   118.202   87.8134   85.0748   82.0891         0         0         0         0         0
     6800         0         1    689.42   275.752   73.6368      3309   1158.45   4467.45    2369.7   2396.08  0.379448  -131.459   2.66766   2080.59   2295.66   2.83678   36.0624     0.001   117.945   87.6245   84.9265   81.9746         0         0         0         0         0
     6700         0         1    689.42   276.189   72.6915   3318.24   1172.54   4490.78   2369.15    2395.1  0.378589  -131.787   2.66772   2080.07   2294.72   2.83813   35.3048     0.001   117.697   87.4302   84.7951   81.8584         0         0         0         0         0
     6600         0         1    689.42   276.611    71.728   3328.16   1189.75   4517.91   2368.63   2394.17  0.377772  -132.134   2.66777   2079.57   2293.82   2.83943   34.5252     0.001   117.459   87.2344   84.6555   81.7315         0         0         0         0         0
     6500         0         1    689.42   277.019   70.7352   3335.18   1205.67   4540.84   2368.12   2393.28  0.376992    -132.5   2.66781   2079.09   2292.96   2.84068   33.7151     0.001   117.229   87.0388   84.5026   81.5945         0         0         0         0         0
     6400         0         1    689.42   277.417   70.0319    3341.6   1221.88   4563.48   2367.64   2392.42  0.376245  -132.877   2.66785   2078.63   2292.13   2.84189   33.1126     0.001   117.007   86.8439   84.3418   81.4483         0         0         0         0         0
     6300         0         1    689.42   277.808    69.498   3348.78   1236.74   4585.52   2367.16   2391.58  0.375524  -133.251   2.66788   2078.18   2291.31   2.84308   32.6605     0.001    116.79   86.6502   84.1757   81.2948         0         0         0         0         0
     6200         0         1    689.42   278.192   69.0619   3363.91   1251.13   4615.04    2366.7   2390.76  0.374825  -133.614   2.66791   2077.74   2290.51   2.84424   32.2889     0.001    116.58    86.458    84.006   81.1355         0         0         0         0         0
     6100         0         1    689.42    278.57   68.7128   3379.84   1265.05   4644.89   2366.25   2389.96  0.374147  -133.964   2.66794    2077.3   2289.72   2.84538    31.991     0.001   116.374   86.2675   83.8339   80.9718         0         0         0         0         0
     6000         0         1    689.42   278.944   68.4212   3384.83    1278.5   4663.33    2365.8   2389.17  0.373485  -134.299   2.66796   2076.87   2288.95   2.84651   31.7429     0.001   116.166   86.0787   83.6601   80.8048         0         0         0         0         0
     5900         0         1    689.42   279.314   68.1745    3391.7   1294.11   4685.82   2365.36   2388.38  0.372838  -134.618   2.66798   2076.44   2288.17   2.84762   31.5342     0.001   115.954   85.8912   83.4848   80.6354         0         0         0         0         0
     5800         0         1    689.42   279.683   67.9635   3404.77   1308.29   4713.07   2364.93   2387.61  0.372202  -134.921   2.66799   2076.01   2287.41   2.84872   31.3576     0.001   115.742   85.7046   83.3082   80.4641         0         0         0         0         0
     5700         0         1    689.42   280.051   67.7825   3408.04   1322.45   4730.48   2364.49   2386.84  0.371577  -135.209   2.66801   2075.59   2286.65   2.84981   31.2082     0.001   115.529   85.5185   83.1304   80.2912         0         0         0         0         0
     5600         0         1    689.42   280.419   67.6279   3409.55   1336.72   4746.27   2364.06   2386.07   0.37096  -135.481   2.66802   2075.16   2285.89    2.8509   31.0832     0.001   115.317    85.346   82.9519   80.1172         0         0         0         0         0
     5500         0         1    689.42   280.785   67.4969   3420.96    1351.1   4772.06   2363.63   2385.31   0.37035  -135.737   2.66803   2074.74   2285.13   2.85199   30.9801     0.001   115.105   85.2164   82.7735   79.9424         0         0         0         0         0
     5400         0         1    689.42   281.145   66.6463    3431.7   1365.82   4797.52   2363.21   2384.55  0.369746  -135.993   2.66804   2074.32   2284.38   2.85306   30.3427     0.001   114.895   85.1071   82.5969   79.7674         0         0         0         0         0
     5300         0         1    689.42   281.498   65.3564   3434.86   1380.87   4815.73   2362.79    2383.8   0.36915  -136.287   2.66805   2073.91   2283.64   2.85412   29.3068     0.001   114.689   85.0057   82.4225   79.5929         0         0         0         0         0
     5200         0         1    689.42   281.846   63.8312   3450.32   1392.91   4843.24   2362.37   2383.05  0.368562  -136.635   2.66805   2073.49   2282.91   2.85516   28.0609     0.001   114.485   84.9069   82.2517   79.4194         0         0         0         0         0
     5100         0         1    689.42   282.186   62.1563   3452.75    1405.9   4858.65   2361.95   2382.31  0.367982   -137.04   2.66806   2073.09   2282.19   2.85618   26.6782     0.001   114.294   84.8085   82.1026   79.2505         0         0         0         0         0
     5000         0         1    689.42   282.517   60.3479   3456.64   1419.82   4876.45   2361.54   2381.58  0.367414  -137.505   2.66806   2072.69   2281.49   2.85717   25.1722     0.001   114.115   84.7105   81.9711   79.1186         0         0         0         0         0
     4900         0         1    689.42   282.837   58.4583      3462   1432.65   4894.65   2361.14   2380.88  0.366867  -138.029   2.66807   2072.31   2280.82   2.85814   23.5835     0.001   113.946   84.6047   81.8598   79.0321         0         0         0         0         0
     4800         0         1    689.42   283.143   56.4907   3463.21   1445.05   4908.25   2360.76   2380.21  0.366346  -138.611   2.66807   2071.95   2280.18   2.85906   21.9187     0.001   113.784   84.4891   81.7643   78.9679         0         0         0         0         0
     4700         0         1    689.42   283.438   54.4625   3467.87   1456.99   4924.85   2360.41   2379.59  0.365852   -139.25   2.66808   2071.61   2279.57   2.85995   20.1895     0.001    113.63   84.3689    81.678   78.9055         0         0         0         0         0
     4600         0         1    689.42    283.72   52.4047    3472.1   1470.91      4943   2360.07      2379  0.365381  -139.944   2.66808   2071.29      2279    2.8608   18.4245     0.001   113.482   84.2471   81.5932   78.8327         0         0         0         0         0
     4500         0         1    689.42   283.992   50.2963   3478.17    1485.8   4963.97   2359.75   2378.43  0.364932  -140.691   2.66808   2070.98   2278.45   2.86161   16.6071     0.001   113.341   84.1253   81.5067   78.7532         0         0         0         0         0
     4400         0         1    689.42   284.255   48.5206   3484.93   1498.95   4983.88   2359.43   2377.89    0.3645  -141.484   2.66808   2070.69   2277.93    2.8624   15.0248     0.001   113.205   84.0044   81.4183   78.6691         0         0         0         0         0
     4300         0         1    689.42    284.51   46.9312   3489.37   1511.96   5001.33   2359.13   2377.36  0.364085  -142.302   2.66808   2070.41   2277.42   2.86316   13.6061     0.001   113.074   83.8851    81.328   78.5818         0         0         0         0         0
     4200         0         1    689.42   284.759   45.4361   3498.34   1524.52   5022.86   2358.84   2376.85  0.363684  -143.136   2.66809   2070.13   2276.92    2.8639   12.2623     0.001   112.947   83.7674   81.2363    78.492         0         0         0         0         0
     4100         0         1    689.42   285.001   44.0165    3511.4   1537.82   5049.22   2358.55   2376.35  0.363296  -143.982   2.66809   2069.86   2276.44   2.86463   10.9796     0.001   112.824   83.6517   81.1434   78.4004         0         0         0         0         0
     4000         0         1    689.42   285.239   42.6408   3524.94   1549.76    5074.7   2358.27   2375.86   0.36292  -144.837   2.66809    2069.6   2275.96   2.86534   9.73214     0.001   112.705    83.538   81.0479   78.3074         0         0         0         0         0
     3900         0         1    689.42   285.472    41.294   3541.33   1560.33   5101.67      2358   2375.38  0.362554  -145.701   2.66809   2069.34   2275.49   2.86603   8.50749     0.001   112.589   83.4261   80.9494   78.2125         0         0         0         0         0
     3800         0         1    689.42   285.701   39.9657   3556.31   1572.58   5128.89   2357.73   2374.91  0.362197  -146.573   2.66809   2069.08   2275.03   2.86672   7.29732     0.001   112.475   83.3158   80.8496   78.1161         0         0         0         0         0
     3700         0         1    689.42   285.927   38.0639    3575.5   1585.19   5160.69   2357.47   2374.45  0.361848  -147.456   2.66809   2068.83   2274.58    2.8674   5.69564     0.001   112.363   83.2072    80.749   78.0183         0         0         0         0         0
     3600         0         1    689.42    286.15   34.5753   3592.32   1598.14   5190.46   2357.21   2373.99  0.361506  -148.422   2.66809   2068.57   2274.12   2.86807   2.75641     0.001   112.253      83.1   80.6481   77.9197         0         0         0         0         0
     3500         0         1    689.42    286.37   30.4119   3608.39   1609.51    5217.9   2356.95   2373.53  0.361169  -149.529   2.66809   2068.32   2273.68   2.86873 -0.777923     0.001   112.145   82.9942   80.5472   77.8204         0         0         0         0         0
     3400         0         1    689.42   286.588    26.012   3620.55   1622.09   5242.64   2356.69   2373.08  0.360839   -150.79   2.66809   2068.07   2273.24   2.86938  -4.56104     0.001   112.038   82.8898   80.4465   77.7209         0         0         0         0         0
     3300         0         1    689.42   286.803   21.3776   3623.43   1634.55   5257.98   2356.44   2372.63  0.360513  -152.201   2.66809   2067.82    2272.8   2.87003  -8.55785     0.001   111.933   82.7867   80.3461   77.6213         0         0         0         0         0
     3200         0         1    689.42   287.016   17.0869   3627.63   1646.86    5274.5   2356.19   2372.19  0.360192  -153.758   2.66809   2067.58   2272.36   2.87067  -12.3804     0.001   111.829   82.6848   80.2461   77.5218         0         0         0         0         0
     3100         0         1    689.42   287.228   14.1621   3630.34   1659.44   5289.79   2355.94   2371.75  0.359875  -155.388    2.6681   2067.33   2271.93    2.8713  -15.0751     0.001   111.726   82.5841   80.1466   77.4226         0         0         0         0         0
     3000         0         1    689.42   287.437   11.7137   3636.17   1672.28   5308.45   2355.69   2371.31  0.359563  -157.032    2.6681   2067.09   2271.51   2.87193   -17.366     0.001   111.625   82.4845   80.0477   77.3237         0         0         0         0         0
     2900         0         1    689.42   287.645   9.59668   3642.52   1684.42   5326.94   2355.44   2370.87  0.359254  -158.671    2.6681   2066.85   2271.08   2.87255  -19.3779     0.001   111.525    82.386   79.9495   77.2253         0         0         0         0         0
     2800         0         1    689.42    287.85   7.71126   3649.32   1696.97   5346.29    2355.2   2370.44  0.358948  -160.292    2.6681   2066.61   2270.66   2.87317  -21.1904     0.001   111.425   82.2887   79.8519   77.1274         0         0         0         0         0
     2700         0         1    689.42   288.054   5.81789   3649.45   1706.13   5355.57   2354.96   2370.01  0.358646  -161.891    2.6681   2066.37   2270.24   2.87378  -22.9776     0.001   111.327   82.2061   79.7551   77.0301         0         0         0         0         0
     2600         0         1    689.42   288.255   3.57377    3658.7   1720.48   5379.19   2354.71   2369.59  0.358347  -163.487    2.6681   2066.14   2269.83   2.87439  -25.0558     0.001    111.23   82.1383   79.6597   76.9335         0         0         0         0         0
     2500         0         1    689.42   288.451   1.22562   3661.85   1731.03   5392.89   2354.48   2369.16  0.358053  -165.095    2.6681    2065.9   2269.43   2.87498  -27.2247     0.001   111.135   82.0775    79.566    76.838         0         0         0         0         0
     2400         0         1    689.42   288.643  -1.15085      3667   1742.08   5409.07   2354.24   2368.75  0.357762   -166.72    2.6681   2065.67   2269.03   2.87557  -29.4236     0.001   111.042   82.0199   79.4742   76.7436         0         0         0         0         0
     2300         0         1    689.42   288.831  -3.55295   3670.18   1753.76   5423.93      2354   2368.33  0.357477  -168.363    2.6681   2065.45   2268.63   2.87614  -31.6455     0.001   110.951   81.9636   79.3841   76.6506         0         0         0         0         0
     2200         0         1    689.42   289.014  -5.81823    3673.5   1766.07   5439.57   2353.77   2367.93  0.357196  -170.022    2.6681   2065.23   2268.25    2.8767  -33.7801     0.001   110.861   81.9077   79.2956   76.5591         0         0         0         0         0
     2100         0         1    689.42   289.194  -7.66316   3677.35   1778.47   5455.82   2353.55   2367.52  0.356921  -171.678    2.6681   2065.01   2267.87   2.87725  -35.5625     0.001   110.774   81.8517   79.2096   76.4691         0         0         0         0         0
     2000         0         1    689.42    289.37  -9.33843   3681.12   1790.93   5472.05   2353.32   2367.13  0.356651  -173.314    2.6681   2064.79    2267.5   2.87779  -37.1974     0.001   110.689   81.7953   79.1305   76.3817         0         0         0         0         0
     1900         0         1    689.42   289.541  -10.8859   3684.11   1802.94   5487.05    2353.1   2366.74  0.356387  -174.924    2.6681   2064.58   2267.14   2.87832  -38.7208     0.001   110.606   81.7387    79.056   76.2976         0         0         0         0         0
     1800         0         1    689.42   289.709   -12.335   3688.14   1814.99   5503.13   2352.88   2366.36   0.35613  -176.506    2.6681   2064.38   2266.79   2.87884  -40.1564     0.001   110.525   81.6819   78.9854   76.2271         0         0         0         0         0
     1700         0         1    689.42   289.873  -13.8016   3693.54   1826.23   5519.77   2352.67   2365.99  0.355884  -178.056    2.6681   2064.18   2266.44   2.87935  -41.5868     0.001   110.445   81.6249   78.9224   76.1777         0         0         0         0         0
     1600         0         1    689.42   290.032  -15.4656   3696.19   1835.98   5532.17   2352.47   2365.65   0.35565  -179.587    2.6681   2063.99   2266.12   2.87984   -43.179     0.001   110.368   81.5681   78.8671   76.1395         0         0         0         0         0
     1500         0         1    689.42   290.185  -17.1838   3698.45   1847.62   5546.07   2352.29   2365.32  0.355429  -181.108    2.6681   2063.81    2265.8   2.88031  -44.8165     0.001   110.294   81.5116   78.8175   76.1078         0         0         0         0         0
     1400         0         1    689.42   290.333  -18.9412   3701.25      1861   5562.25   2352.11   2365.01  0.355221  -182.621    2.6681   2063.64   2265.51   2.88076  -46.4857     0.001   110.221   81.4557   78.7722   76.0801         0         0         0         0         0
     1300         0         1    689.42   290.475  -20.7219   3702.19   1873.74   5575.93   2351.94   2364.73  0.355026  -184.128    2.6681   2063.48   2265.23    2.8812  -48.1744     0.001   110.152   81.4004     78.73   76.0552         0         0         0         0         0
     1200         0         1    689.42   290.611  -22.2296   3714.86   1885.84   5600.69   2351.78   2364.45  0.354843  -185.629    2.6681   2063.33   2264.96   2.88163  -49.6774     0.001   110.085   81.3456   78.6901   76.0323         0         0         0         0         0
     1100         0         1    689.42   290.743  -22.9629   3724.39   1897.37   5621.76   2351.63    2364.2  0.354671  -187.088    2.6681   2063.19   2264.71   2.88203  -50.5264     0.001    110.02   81.2916   78.6521   76.0104         0         0         0         0         0
     1000         0         1    689.42   290.869  -23.3663   3731.76   1908.47   5640.23   2351.49   2363.95  0.354509  -188.478    2.6681   2063.06   2264.46   2.88242  -51.0843     0.001   109.958   81.2381   78.6147    75.984         0         0         0         0         0
      900         0         1    689.42   290.991  -23.4168   3739.48   1919.81   5659.29   2351.35   2363.72  0.354356  -189.786    2.6681   2062.93   2264.23    2.8828  -51.3422     0.001   109.898   81.1854   78.5763    75.953         0         0         0         0         0
      800         0         1    689.42   291.109  -23.2034    3748.4    1927.6      5676   2351.22   2363.49   0.35421  -191.003    2.6681   2062.81   2264.01   2.88317    -51.36     0.001   109.841   81.1331   78.5367   75.9188         0         0         0         0         0
      700         0         1    689.42   291.224  -22.6762   3755.05   1934.76   5689.81    2351.1   2363.27  0.354071  -192.122    2.6681   2062.68   2263.79   2.88353  -51.1155     0.001   109.785   81.0814    78.496   75.8822         0         0         0         0         0
      600         0         1    689.42   291.336  -21.6753   3771.53   1944.92   5716.45   2350.97   2363.06  0.353937  -193.129    2.6681   2062.57   2263.58   2.88389  -50.4562     0.001   109.731   81.0314   78.4543   75.8437         0         0         0         0         0
      500         0         1    689.42   291.445  -20.3932   3788.43   1955.72   5744.15   2350.85   2362.85  0.353807  -194.012    2.6681   2062.45   2263.37   2.88423  -49.5397     0.001   109.678   80.9856    78.412   75.8039         0         0         0         0         0
      400         0         1    689.42   291.552  -18.8043   3817.69   1964.55   5782.23   2350.73   2362.64  0.353682  -194.765    2.6681   2062.33   2263.16   2.88457  -48.3516     0.001   109.627   80.9438   78.3695   75.7631         0         0         0         0         0
      300         0         1    689.42   291.656  -16.9652   3836.18   1978.48   5814.66   2350.61   2362.43   0.35356  -195.384    2.6681   2062.22   2262.96   2.88491  -46.9298     0.001   109.577   80.9041    78.327   75.7216         0         0         0         0         0
      200         0         1    689.42   291.758  -14.6488   3861.43   1992.94   5854.38    2350.5   2362.23  0.353442  -195.865    2.6681   2062.11   2262.76   2.88524  -45.1262     0.001   109.529   80.8637   78.2848   75.6799         0         0         0         0         0
      100         0         1    689.42   291.858  -11.4137   3871.77   2003.34   5875.12   2350.38   2362.03  0.353327  -196.174    2.6681      2062   2262.56   2.88556   -42.526     0.001   109.481   80.8206   78.2427    75.638         0         0         0         0         0
        0         0         1    689.42   291.956  -7.69108   3874.51   2013.84   5888.35   2350.27   2361.83  0.353216  -196.285    2.6681   2061.89   2262.37   2.88588  -39.4823     0.001   109.434   80.7757   78.2005    75.596         0         0         0         0         0