    20000         0         1         0   187.948   365.085   67.9449    5.7719   73.7168   2341.68   2425.58    0.6884   15.9048   2.49734   2048.25   2344.34   2.72726   282.674     0.001   107.636   92.0964   89.5112   88.8986         0         0         0         0         0
    19900         0         1         0   187.948   364.222   129.283   12.7138   141.996   2341.68   2425.58  0.688551   15.7588   2.49734   2048.25   2344.34   2.72741   281.904     0.001   107.636   92.0964   89.5112   88.8986         0         0         0         0         0
    19800         0         1         0   187.948   363.638   195.625   20.8257   216.451   2341.68   2425.58  0.688701   15.6176   2.49734   2048.25   2344.34   2.72756   281.339     0.001   107.636   92.0964   89.5112   88.8986         0         0         0         0         0
    19700         0         1         0   187.948   363.429   254.876   26.4776   281.354   2341.68   2425.58  0.688851   15.4963   2.49734   2048.25   2344.34    2.7277    281.07     0.001   107.636   92.0964   89.5112   88.8986         0         0         0         0         0
    19600         0         1         0   187.948   363.507   295.549   29.9495   325.498   2341.68   2425.58  0.689002   15.4101   2.49734   2048.25   2344.34   2.72785   281.045     0.001   107.636   92.0964   89.5112   88.8986         0         0         0         0         0
    19500         0         1         0   187.948   361.776   347.853   30.9514   378.804   2341.68   2425.58  0.689152   15.3344   2.49734   2048.25   2344.34     2.728   279.849     0.001   107.636   92.0964   89.5112   88.8986         0         0         0         0         0
    19400         0         1         0   187.948   358.969   409.424   34.5233   443.947   2341.68   2425.58  0.689302   15.1783   2.49734   2048.25   2344.34   2.72815   277.734     0.001   107.636   92.0964   89.5112   88.8986         0         0         0         0         0
    19300         0         1         0   187.948   356.401   469.322   38.1252   507.447   2341.68   2425.58  0.689452   14.9169   2.49734   2048.25   2344.34    2.7283   275.681     0.001   107.636   92.0964   89.5112   88.8986         0         0         0         0         0
    19200         0         1         0   187.948   353.856   520.666   41.7571   562.423   2341.68   2425.58  0.689602   14.5704   2.49734   2048.25   2344.34   2.72845   273.656     0.001   107.636   92.0964   89.5112   88.8986         0         0         0         0         0
    19100         0         1         0   187.948   353.032   570.434    44.899   615.333   2341.68   2425.58  0.689752   14.1716   2.49734   2048.25   2344.34   2.72859   272.757     0.001   107.636   92.0964   89.5112   88.8986         0         0         0         0         0
    19000         0         1         0   187.948   353.243   619.491   48.8509   668.342   2341.68   2425.58  0.689901   13.8067   2.49734   2048.25   2344.34   2.72874   272.733     0.001   107.636   92.0964   89.5112   88.8986         0         0         0         0         0
    18900         0         1         0   187.948   351.625   667.466   53.6128   721.079   2341.68   2425.58  0.690051   13.4738   2.49734   2048.25   2344.34   2.72889   271.574     0.001   107.636   92.0964   89.5112   88.8986         0         0         0         0         0
    18800    0.0012         1    0.0012   187.948   348.983   726.723   55.6346   782.358   2341.68   2425.58  0.690201   13.0782   2.49734   2048.27   2344.36   2.72903   269.511     0.001   107.636   92.0964   89.5112   88.8986         0         0         0         0         0
    18700    0.0324         1    0.1524   187.956   347.133    797.57   58.9487   856.519   2341.68   2425.58  0.690347   12.6053   2.49734   2049.06   2345.29   2.72881    267.57     0.001   107.636   92.0964   89.5113   88.8986         0         0         0         0         0
    18600    0.0047         1    3.3647   188.114   344.773   882.608   64.7343   947.342   2341.72   2425.61  0.690393   12.0705   2.49734   2057.69   2355.59   2.72741    264.36     0.001   107.636   92.0966   89.5132   88.8988         0         0         0         0         0
    18500    0.0117         1    3.8417   188.075   343.892   974.656   64.7793   1039.44   2341.79   2425.69  0.690455   11.5198   2.49734   2050.39   2346.77   2.72895   264.815     0.001   107.638   92.0975   89.5156   88.8998         0         0         0         0         0
    18400    0.0228         1    5.0228     188.1   342.406    1033.6   65.2096   1098.81   2341.85   2425.75  0.690546   10.9623   2.49734   2052.48   2349.27   2.72866   263.103     0.001    107.64   92.0985   89.5168    88.901         0         0         0         0         0
    18300    0.0104         1    7.2904   188.176   338.932    1080.4   65.3656   1145.76   2341.93   2425.83  0.690598   10.3507   2.49734   2055.64   2353.02   2.72826    260.05     0.001   107.642   92.0999   89.5188   88.9024         0         0         0         0         0
    18200         0         1      8.32   188.166   334.957   1155.74   65.5117   1221.25   2342.03   2425.92  0.690666   9.61711   2.49734   2052.23    2348.9   2.72916   257.614     0.001   107.645   92.1017    89.521   88.9041         0         0         0         0         0
    18100         0         1      8.32   188.119    331.74   1254.76   66.1371    1320.9    2342.1      2426  0.690792   8.76285   2.49734   2049.25   2345.34   2.72996   255.395     0.001   107.648   92.1035   89.5219   88.9058         0         0         0         0         0
    18000         0         1      8.32   188.096   328.581   1349.04   66.1794   1415.22   2342.14   2426.04  0.690949   7.82566   2.49734   2049.12   2345.21   2.73017   252.753     0.001    107.65   92.1051    89.522   88.9072         0         0         0         0         0
    17900    0.0001         1    8.3201   188.082   327.786   1435.79   67.5677   1503.36   2342.16   2426.07  0.691115    6.8523   2.49734   2049.05   2345.15   2.73034    251.68     0.001   107.652   92.1064   89.5222   88.9081         0         0         0         0         0
    17800    0.0103         1    8.3403   188.073   328.439   1520.49   69.8248   1590.32   2342.18   2426.08  0.691284   5.95899   2.49734   2049.18    2345.3   2.73042   251.744     0.001   107.653   92.1075   89.5224   88.9088         0         0         0         0         0
    17700    0.0276         1    9.3876   188.117   326.332   1604.95   71.4273   1676.38    2342.2    2426.1  0.691423   5.13337   2.49734   2052.33   2349.05   2.72983   249.525     0.001   107.653   92.1084   89.5233   88.9095         0         0         0         0         0
    17600    0.0383         1   12.1583    188.23   322.539   1679.09   76.9222   1756.02   2342.26   2426.16  0.691484   4.23035   2.49734   2057.63   2355.34   2.72884   245.597     0.001   107.655   92.1096   89.5259   88.9104         0         0         0         0         0
    17500    0.0108         1   15.9608   188.354   322.059   1737.75   81.9528   1819.71   2342.37   2426.27  0.691469   3.26241   2.49734   2060.75      2359   2.72854   244.424     0.001   107.657   92.1113   89.5303   88.9122         0         0         0         0         0
    17400      0.01         1     17.04   191.053   355.052   1758.21   82.6821   1840.89   2336.83   2426.66  0.731299   1.59496   2.44051    2098.7   2401.44   2.64287   292.863     0.001   107.836   92.2244   89.5479   88.8786         0         0         0         0         0
    17300     0.033         1    18.063   191.902   365.067   1777.79   83.5032   1861.29   2332.86   2427.94  0.763972   1.42251   2.39082    2107.6   2411.12   2.62286   301.464     0.001   107.897   92.3622   89.7095   89.0413         0         0         0         0         0
    17200    0.0583         1   21.3883   192.506    370.33   1790.39   88.0818   1878.47   2329.81    2429.5   0.79229   1.64209   2.34741   2126.66   2433.48    2.6115    304.31     0.001   107.836    92.516   89.9654    89.348         0         0         0         0         0
    17100    0.0603         1   27.2203   193.192   372.957   1796.19   93.5198   1889.71   2327.44   2431.22  0.817013   1.98641    2.3095   2148.51   2459.17   2.60207   305.016     0.001   107.697   92.7034    90.311   89.7602         0         0         0         0         0
    17000    0.0681         1   33.2581   193.927   374.568   1798.02   101.693   1899.71   2325.66   2433.05  0.838623   2.34857   2.27638   2157.16   2468.71   2.59473   306.285     0.001   107.523   92.9527   90.7389   90.2535         0         0         0         0         0
    16900    0.0712         1   40.0712   194.797   370.203   1804.35   110.522   1914.87   2324.36   2434.94  0.857484   2.59461   2.24743   2167.06    2479.6   2.58781   302.799     0.001   107.348   93.2894   91.2327   90.8094         0         0         0         0         0
    16800    0.0949         1   47.2149   195.775   361.919   1811.76   119.936    1931.7   2323.46   2436.85  0.873903    2.4516    2.2221   2174.36   2487.16   2.58152   295.878     0.001   107.195   93.6866   91.7831   91.4134         0         0         0         0         0
    16700    0.1457         1   56.7557   196.967   351.723   1818.77   130.859   1949.63   2322.92   2438.79  0.888113   1.80077   2.19994   2193.93   2509.34    2.5743   285.676     0.001   107.079   94.1423   92.3809   92.0301         0         0         0         0         0
    16600    0.2024         1   71.3824   198.461   339.251   1830.55   145.549   1976.09   2322.75   2440.78  0.900277  0.607943   2.18051   2232.22   2553.88   2.56572    271.99     0.001   107.005   94.6459   93.0098   92.6102         0         0         0         0         0
    16500    0.2598         1   91.6798   200.208   337.017   1840.69   153.694   1994.38   2323.02   2442.96  0.910593 -0.959668   2.16347   2278.05   2607.28   2.55696   265.227     0.001   106.974   95.1798   93.6761   93.2401         0         0         0         0         0
    16400    0.3391         1   117.739    202.16   341.588   1841.59   165.502   2007.09   2323.81   2445.43   0.91928  -2.29573    2.1485   2327.06   2664.26   2.54824   264.665     0.001   106.983   95.7082   94.3789   93.9079         0         0         0         0         0
    16300    0.4209         1   151.731   204.398   341.761   1847.65    173.62   2021.27   2325.15   2448.27  0.926503   -3.2696   2.13534   2390.98   2739.06   2.53856   260.339     0.001   107.028   96.2757   95.1095   94.6044         0         0         0         0         0
    16200    0.4959         1   193.896   206.871   339.453   1853.18   186.194   2039.37   2327.12   2451.59  0.932417  -4.15363   2.12376   2459.99    2819.8   2.52889   253.708     0.001   107.104   96.8759    95.872   95.3201         0         0         0         0         0
    16100    0.5732         1   243.563   209.503   324.804   1857.52   200.429   2057.94   2329.75   2455.44  0.937194  -5.23482   2.11354   2527.12   2898.03   2.51964   238.696     0.001   107.209   97.4987   96.6561   95.9675         0         0         0         0         0
    16000    0.6396         1    300.95   212.294   301.599   1878.68   211.838   2090.52   2333.03   2459.83  0.940979  -7.15149   2.10453    2596.2   2978.48   2.51048   216.083     0.001    107.34   98.1313    97.452    96.653         0         0         0         0         0
    15900    0.7026         1   364.973    215.17   286.679   1911.31   220.521   2131.83   2336.97   2464.79  0.943915  -9.95994   2.09656   2659.79    3052.1   2.50187   199.299     0.001   107.492   98.7737   98.2573   97.3736         0         0         0         0         0
    15800    0.7673         1   435.297   218.121   276.847    1947.2    224.76   2171.96   2341.51   2470.28   0.94612  -13.0934    2.0895   2720.99   3122.68   2.49344   187.621     0.001   107.666   99.3569   99.0687   98.1178         0         0         0         0         0
    15700    0.8135         1   512.073   221.163   268.077   1988.82   227.107   2215.93   2346.62   2476.27  0.947678  -16.3337   2.08323   2782.85   3193.96   2.48502   177.187     0.001   107.857   99.9502     99.89   98.8744         0         0         0         0         0
    15600    0.8178         1   593.428    224.19   260.732   2035.05   228.537   2263.59   2352.23   2482.71  0.948681  -19.6089   2.07766   2833.31   3251.34   2.47752   169.113     0.001   108.064   100.561   100.704   99.5476         0         0         0         0         0
    15500    0.8219         1   675.212   227.007   253.895    2086.1   232.013   2318.11   2358.24   2489.47  0.949266  -22.8421   2.07269    2856.6   3275.68   2.47177   163.659     0.001   108.289   101.184   101.492   100.245         0         0         0         0         0
    15400    0.8449         1   757.425   229.711    247.17   2136.57   237.719   2374.29   2364.47    2496.4  0.949505  -26.0423   2.06825   2874.63   3293.74   2.46609   158.109     0.001   108.531   101.817   102.252   100.957         0         0         0         0         0
    15300     0.827         1   841.897   232.446   241.933   2183.31   242.848   2426.16   2370.83   2503.39   0.94939  -29.1972   2.06427   2901.35   3322.45   2.45985   152.977     0.001   108.786   102.451   102.991   101.672         0         0         0         0         0
    15200    0.7908         1   924.561   234.975   239.044   2232.16    249.75   2481.91   2377.26   2510.38  0.948987  -32.1911   2.06068   2903.84   3321.85   2.45519   151.802     0.001   109.051   103.025   103.718    102.38         0         0         0         0         0
    15100    0.7802         1   1003.63    237.28   243.429   2274.08   258.257   2532.34   2383.61   2517.23  0.948375  -34.8381   2.05744   2890.72   3302.51   2.45132   156.668     0.001   109.328    103.61   104.412   103.003         0         0         0         0         0
    15000     0.785         1   1081.65   239.573   252.116   2304.02   268.527   2572.54   2389.78   2523.81  0.947532  -36.8186   2.05449    2889.2    3297.4   2.44649   164.282     0.001   109.616   104.213   105.053   103.596         0         0         0         0         0
    14900    0.7971         1   1160.17   241.921   258.162   2325.39   281.802    2607.2   2395.76   2530.13  0.946428  -38.1095    2.0518      2898   3304.84   2.44079   169.763     0.001   109.913   104.826   105.666   104.186         0         0         0         0         0
    14800    0.7933         1   1239.87    244.33   262.653    2337.8   296.853   2634.65   2401.61   2536.24  0.945064  -38.9517   2.04932   2912.53   3319.22   2.43464   173.554     0.001   110.217   105.441   106.262   104.765         0         0         0         0         0
    14700     0.758         1   1319.17   246.628    252.19   2358.62   314.487    2673.1   2407.36   2542.21  0.943494  -39.7037   2.04703   2918.06   3322.84   2.42955   167.495     0.001   110.525    106.05   106.846   105.332         0         0         0         0         0
    14600     0.577         1   1394.79   237.602   190.956   2412.69   316.249   2728.94   2421.63   2551.26  0.896806  -42.2203   2.10852   2493.31   2820.41   2.58984   109.378     0.001   126.933   103.204   104.393   105.238         0         0         0         0         0
    14500    0.3574         1   1452.27   234.075    170.88   2476.36   321.521   2797.89   2430.16   2554.27  0.857517  -48.2499   2.16764   2409.68   2724.12   2.62679   97.0406     0.001   137.176   99.6805   101.786   104.152         0         0         0         0         0
    14400    0.1651         1   1487.82   232.921   162.828   2539.13   329.955   2869.09   2435.69   2554.09  0.819307  -54.7055   2.22428    2327.3   2626.68   2.64934    97.605     0.001   142.872   97.8207   100.618   102.742         0         0         0         0         0
    14300    0.1372         1    1504.3   232.615   157.005   2596.41    336.49    2932.9   2439.42   2552.06   0.78175  -60.5331   2.27761   2258.75   2544.94   2.66796   99.1872     0.001   145.952   97.2891   100.244   101.604         0         0         0         0         0
    14200     0.152         1   1518.03   233.209   149.535   2655.73   341.833   2997.56   2442.05   2549.06   0.74532   -65.627   2.32682   2240.67   2522.67   2.67696   93.7937     0.001    147.47   97.5073   100.226   100.655         0         0         0         0         0
    14100    0.1323         1   1533.21   234.306   145.622   2712.98   345.861   3058.84   2444.14   2545.77  0.710581  -70.0249   2.37142   2237.93   2518.24   2.68277    89.783     0.001   148.112   98.0791   100.297   99.8726         0         0         0         0         0
    14000    0.2379         1   1546.55   235.445   144.989    2777.1     347.4    3124.5   2445.95   2542.52  0.678159  -73.6302   2.41127   2229.32   2506.69   2.68875   88.9576     0.001   148.223    98.757   100.345   99.2159         0         0         0         0         0
    13900    0.2203         1   1570.32   237.155   138.864   2847.55   350.815   3198.36   2447.65   2539.55  0.648174  -76.6566   2.44648   2256.42   2537.24   2.68819   80.9425     0.001   148.013   99.2101    100.34   98.7429         0         0         0         0         0
    13800    0.1694         1    1592.3   238.606   133.409   2908.84   350.906   3259.74   2449.39   2537.03  0.620873  -79.3742   2.47735   2249.66    2527.7   2.69387   77.6041     0.001    147.64   99.5468   100.301   98.3978         0         0         0         0         0
    13700    0.1199         1   1609.19   239.773   130.379   2984.78   352.483   3337.26      2451   2534.76  0.596438  -81.8153   2.50423   2232.79   2506.42   2.70155   77.0616     0.001   147.092   99.8147   100.197   98.0276         0         0         0         0         0
    13600    0.0947         1   1621.15   240.781   128.512   3051.94   352.907   3404.84   2452.35   2532.58  0.574775  -83.9498   2.52752   2216.08   2485.53     2.709   77.3084     0.001   146.408   99.9902   100.012   97.6304         0         0         0         0         0
    13500     0.077         1   1630.61   241.787   132.912   3118.27   358.864   3477.13   2453.39    2530.4  0.555626  -85.7161   2.54763   2206.27   2472.87    2.7149   81.1641     0.001   145.643   100.064   99.7491   97.2029         0         0         0         0         0
    13400    0.0625         1   1638.29   242.801   141.143   3182.22   362.625   3544.84   2454.15   2528.22  0.538717  -86.8646   2.56494   2198.84   2463.04   2.72017   88.1619     0.001   144.843   100.038   99.4181   96.7436         0         0         0         0         0
    13300    0.1083         1   1644.59   243.819   138.839   3246.11   369.584    3615.7   2454.66   2526.04  0.523798  -87.5557   2.57981   2193.35    2455.5   2.72466   87.5175     0.001   144.025   99.9182   99.0313   96.2535         0         0         0         0         0
    13200    0.2156         1   1655.53   247.825   158.815   3293.65   377.494   3671.14   2447.57   2523.91  0.568454  -88.2158   2.51853   2284.71   2559.81   2.60925   115.498     0.001   136.583   99.9681   98.6242    95.889         0         0         0         0         0
    13100    0.2932         1   1677.16   250.997   161.928   3338.67   392.626    3731.3   2442.24   2523.14  0.606593  -87.9666   2.46235    2371.9   2660.31   2.57116   114.042     0.001   130.704   100.053   98.3951   95.6913         0         0         0         0         0
    13000     0.349         1   1706.54   253.899   163.969   3395.58    408.04   3803.62   2438.35   2523.35  0.640072  -87.5151   2.41206   2442.41    2741.3    2.5489   113.086     0.001   126.092   100.346   98.4256   95.6636         0         0         0         0         0
    12900    0.4405         1   1741.53   256.483   166.364   3441.23   425.815   3867.04   2435.75   2524.42  0.669471  -87.0363   2.36761   2498.62   2805.58   2.53204   112.809     0.001   122.469   100.783   98.6337   95.7991         0         0         0         0         0
    12800    0.3725         1   1785.51   258.946   167.663    3483.7   443.879   3927.58   2434.32   2526.26  0.695228   -86.616   2.32854   2572.44   2891.18    2.5169   111.188     0.001   119.619   101.274   98.9162   96.0642         0         0         0         0         0
    12700    0.4164         1   1822.81   260.683   168.493   3532.94    461.96    3994.9   2433.86   2528.75  0.718046  -86.2591   2.29425   2552.99   2866.06   2.51038   114.983     0.001   117.384    101.77   99.2487    96.421         0         0         0         0         0
    12600    0.4688         1    1864.5   262.721   164.583   3604.15   479.531   4083.68   2434.06   2531.56  0.738118  -86.1896   2.26412   2586.01   2903.28   2.49848   110.149     0.001   115.642   102.268   99.6679    96.849         0         0         0         0         0
    12500    0.5212         1   1911.43   264.973     160.7   3676.58   497.516   4174.09   2434.87   2534.69  0.755595  -86.5277   2.23761   2631.46   2955.13   2.48573   104.705     0.001   114.262   102.747   100.156   97.3383         0         0         0         0         0
    12400    0.5525         1   1963.58   267.374   156.713    3755.1    518.79   4273.89   2436.29   2538.19  0.770773  -87.2053   2.21421   2679.19   3009.56   2.47311   99.3982     0.001   113.189   103.221   100.691    97.877         0         0         0         0         0
    12300    0.5717         1   2018.85    269.79   151.748   3826.28   541.794   4368.07   2438.29   2542.06  0.783966  -88.1937   2.19352   2714.83   3049.55   2.46176    94.224     0.001    112.37   103.701   101.258   98.4533         0         0         0         0         0
    12200    0.5834         1   2076.03   272.178   146.143   3886.28    564.67   4450.95    2440.8   2546.26  0.795447   -89.504   2.17518   2741.19   3078.47   2.45135   88.9164     0.001    111.75    104.18   101.821   99.0278         0         0         0         0         0
    12100     0.489         1   2134.28   274.526     142.4   3940.18   586.754   4526.93   2443.69   2550.67  0.805418  -91.0797   2.15889   2759.56   3097.96   2.44214   85.8018     0.001    111.29   104.656   102.336   99.5276         0         0         0         0         0
    12000    0.3941         1   2183.08    276.33   142.487   3985.22   612.986    4598.2   2446.78   2555.11  0.814178   -92.685    2.1444   2710.51   3037.54   2.43846   89.8361     0.001   110.961    105.13   102.818   100.047         0         0         0         0         0
    11900    0.3204         1   2222.42   277.794   144.743   4024.06   636.226   4660.29   2449.73   2559.24  0.821914  -94.1532   2.13148   2647.87    2961.5   2.43612   95.6118     0.001   110.743   105.612   103.282   100.567         0         0         0         0         0
    11800    0.2565         1    2254.4   279.124   148.119   4055.05    660.31   4715.36    2452.3   2562.81  0.828668  -95.4007   2.11996   2592.81   2894.82   2.43347   101.603     0.001   110.621   106.103   103.731   101.079         0         0         0         0         0
    11700    0.2094         1      2280   280.384   159.241   4071.56   684.112   4755.67   2454.41   2565.74  0.834483  -96.2672   2.10967    2542.9    2834.5    2.4306   113.212     0.001   110.582   106.567   104.161   101.573         0         0         0         0         0
    11600    0.1942         1   2300.92   266.822   138.841   4101.83    693.57    4795.4   2463.29   2569.51  0.791867  -97.0193   2.16458    2339.2    2606.4   2.61637   83.3427     0.001   122.881   103.565   101.704   101.482         0         0         0         0         0
    11500    0.1784         1   2320.33   261.845   123.871    4137.4   697.492   4834.89   2468.43    2569.8  0.757895  -99.7553   2.21768   2313.72   2580.91   2.64734   70.7935     0.001    130.43   99.7882   99.1609   100.443         0         0         0         0         0
    11400    0.1625         1   2338.15   260.889    102.35      4182   704.555   4886.56   2472.01   2568.57  0.724717   -103.58   2.26874   2297.91   2563.12    2.6574   53.5582     0.001   134.702   97.5972   98.0146   99.0959         0         0         0         0         0
    11300     0.147         1   2354.39   261.483    92.876   4231.23    708.55   4939.78    2474.9   2566.69  0.691462  -107.874   2.31693   2286.12   2548.65   2.66469   45.0772     0.001   137.151   96.7009   97.6424   98.0437         0         0         0         0         0
    11200    0.1324         1   2369.07   262.622   90.1888   4283.68   710.777   4994.46   2477.43   2564.57  0.658821   -111.74   2.36143   2276.56   2536.33   2.67129    42.902     0.001   138.464    96.575   97.6232   97.1925         0         0         0         0         0
    11100    0.1188         1    2382.3   263.923   83.7516   4355.12   711.754   5066.88    2479.7   2562.38  0.627607  -115.029   2.40176   2268.46   2525.61   2.67736   38.5017     0.001   139.048   96.8517   97.7039   96.5124         0         0         0         0         0
    11000    0.1059         1   2394.17   265.247   75.3972   4434.33   712.201   5146.53   2481.73   2560.19  0.598417  -118.041   2.43776   2261.38   2516.09   2.68293   32.2741     0.001   139.162   97.2889   97.7716   95.9599         0         0         0         0         0
    10900    0.0936         1   2404.74   266.547   70.8752   4503.32   713.254   5216.58   2483.51   2558.04  0.571592  -120.845   2.46954   2254.96   2507.38   2.68807   28.6807     0.001   138.972   97.7441   97.7822   95.4884         0         0         0         0         0
    10800     0.082         1   2414.09   267.811   68.5387   4559.87   715.515   5275.38   2485.05   2555.95  0.547267  -123.311   2.49736   2249.02   2499.29   2.69286   27.0224     0.001   138.587   98.1414     97.74   95.1863         0         0         0         0         0
    10700     0.071         1   2422.28   269.035   65.1981   4617.32   718.324   5335.65   2486.35   2553.93  0.525438  -125.475   2.52155   2243.51   2491.76   2.69736   24.7404     0.001   138.077   98.4465   97.6687   94.9424         0         0         0         0         0
    10600    0.0597         1   2429.37   270.218   61.3653   4678.38   721.642   5400.02   2487.42   2551.98  0.505987  -127.475   2.54248   2238.33   2484.66   2.70161   21.9592     0.001   137.491   98.6356   97.5445   94.6614         0         0         0         0         0
    10500     0.047         1   2435.33    271.36   59.2292   4739.11   725.502   5464.61   2488.26   2550.06  0.488743   -129.35   2.56052   2233.16   2477.63   2.70572   20.3978     0.001   136.858   98.6777   97.3585   94.3476         0         0         0         0         0
    10400    0.0375         1   2440.02   272.462   58.1291   4799.87   731.765   5531.64   2488.87   2548.16  0.473512   -131.05   2.57602   2227.69   2470.28   2.70979    19.776     0.001   136.196   98.6359   97.1128    94.002         0         0         0         0         0
    10300    0.0295         1   2443.76   273.543   57.5262   4853.54   740.408   5593.95   2489.26   2546.25  0.460087  -132.578   2.58932   2223.19   2464.11   2.71358   19.4812     0.001   135.517   98.5433   96.8146   93.6263         0         0         0         0         0
    10200    0.0219         1    2446.7   274.605   56.7824   4907.63   749.313   5656.95   2489.46   2544.32  0.448259  -133.951   2.60071    2219.2   2458.55   2.71719   19.1254     0.001   134.832   98.4148   96.4727    93.223         0         0         0         0         0
    10100    0.0145         1   2448.88   275.645   54.9728   4977.47   761.258   5738.73   2489.47   2542.38  0.437841  -135.241   2.61045   2215.37   2453.22   2.72071   17.8873     0.001   134.147   98.2338   96.0948   92.7955         0         0         0         0         0
    10000    0.0071         1   2450.33   276.664   52.8309   5040.34   773.922   5814.27   2489.32   2540.42  0.428656  -136.508   2.61877   2211.62      2448   2.72418   16.3573     0.001   133.466   97.9896    95.687   92.3473         0         0         0         0         0
     9900    0.0007         1   2451.03   277.663   50.5264   5091.95   787.285   5879.24   2489.03   2538.43  0.420549  -137.776   2.62587    2207.9   2442.84    2.7276    14.671     0.001   132.789   97.6938   95.2862   91.9047         0         0         0         0         0
     9800         0         1    2451.1   278.644   48.0805   5144.24   802.185   5946.43   2488.61   2536.45  0.413393  -139.057   2.63194   2204.56   2438.15   2.73089   12.7956     0.001   132.119   97.3588   94.9839   91.6146         0         0         0         0         0
     9700         0         1    2451.1    279.62   45.4144   5189.09   818.617    6007.7   2488.12   2534.52  0.407068  -140.364   2.63712   2202.97   2435.52   2.73373   10.5693     0.001   131.466   96.9976   94.6888   91.3205         0         0         0         0         0
     9600         0         1    2451.1   280.584   42.6183   5233.05    836.57   6069.62   2487.56   2532.62  0.401453  -141.706   2.64155   2201.71   2433.29   2.73641   8.20328     0.001   130.841   96.6175   94.3474   90.9948         0         0         0         0         0
     9500         0         1    2451.1   281.535   39.7255   5281.13   856.029   6137.16   2486.95   2530.76  0.396447  -143.089   2.64532   2200.53   2431.16   2.73901   5.74412     0.001   130.238   96.2225   93.9764    90.641         0         0         0         0         0
     9400         0         1    2451.1   282.473   37.5635   5345.84   873.302   6219.14   2486.29   2528.92  0.391965    -144.5   2.64855    2199.4   2429.11   2.74155   3.80482     0.001   129.654   95.8156   93.5844   90.2639         0         0         0         0         0
     9300         0         1    2451.1     283.4   35.8292   5409.56   892.903   6302.46   2485.59   2527.09  0.387932  -145.899   2.65131   2198.29    2427.1   2.74403    2.2463     0.001   129.084   95.4108   93.1769   89.8684         0         0         0         0         0
     9200         0         1    2451.1   284.315   34.3147   5472.08   913.518    6385.6   2484.85   2525.28  0.384283  -147.271   2.65367   2197.21   2425.13   2.74648  0.874369     0.001   128.528   95.1335   92.7594   89.4587         0         0         0         0         0
     9100         0         1    2451.1   285.208   32.9493   5526.39   936.726   6463.12   2484.07   2523.47  0.380967   -148.61    2.6557   2196.14    2423.2   2.74888 -0.370566     0.001   127.987   94.9035   92.3389   89.0394         0         0         0         0         0
     9000         0         1    2451.1   286.079   31.7037   5578.43   963.505   6541.93   2483.27   2521.67  0.377939  -149.914   2.65743   2195.09   2421.31   2.75123  -1.51262     0.001    127.46   94.6218    91.928   88.6206         0         0         0         0         0
     8900         0         1    2451.1   286.932    30.574   5641.02   989.787   6630.81   2482.45    2519.9  0.375172   -151.18   2.65891   2194.07   2419.47    2.7535  -2.55614     0.001   126.949   94.3021   91.6213   88.3401         0         0         0         0         0
     8800         0         1    2451.1   287.759   29.5379   5691.97   1017.02   6708.99   2481.65    2518.2  0.372649  -152.407   2.66018   2193.09   2417.71    2.7557  -3.51761     0.001   126.453    93.962   91.3652   88.0933         0         0         0         0         0
     8700         0         1    2451.1   288.562   28.5797   5735.27   1045.18   6780.46   2480.85   2516.56   0.37034  -153.595   2.66128   2192.16   2416.03   2.75782  -4.41072     0.001   125.973   93.6119   91.0779   87.8279         0         0         0         0         0
     8600         0         1    2451.1   289.346   27.6907   5773.25   1073.98   6847.23   2480.06   2514.96  0.368214  -154.744   2.66222   2191.27    2414.4   2.75987  -5.24206     0.001   125.507   93.2555   90.7694   87.5438         0         0         0         0         0
     8500         0         1    2451.1   290.116   26.8624   5817.28   1103.39   6920.68   2479.27    2513.4  0.366244  -155.854   2.66302   2190.39   2412.81   2.76187   -6.0182     0.001   125.055   92.8951   90.4472   87.2439         0         0         0         0         0
     8400         0         1    2451.1   290.875   26.5174   5857.74   1132.97   6990.71   2478.49   2511.87  0.364408  -156.918   2.66372   2189.53   2411.25   2.76382  -6.42468     0.001   124.611   92.5323   90.1155   86.9313         0         0         0         0         0
     8300    0.0003         1    2451.1   291.626   26.4878   5909.51    1166.3    7075.8   2477.71   2510.36  0.362685  -157.914   2.66431   2188.69   2409.72   2.76575  -6.54519     0.001   124.168   92.1681   89.7768   86.6087         0         0         0         0         0
     8200    0.0036         1   2451.13   292.374   26.6578   5956.79   1199.79   7156.58   2476.92   2508.86  0.361059  -158.834   2.66483   2187.98   2408.35    2.7676  -6.51279     0.001   123.727   91.8469   89.4326   86.2783         0         0         0         0         0
     8100         0         1   2451.49   293.126   26.9439   6007.19   1233.47   7240.66   2476.14   2507.37   0.35951  -159.676   2.66527   2188.09   2407.92   2.76929  -6.40323     0.001   123.291   91.6297   89.0868   85.9423         0         0         0         0         0
     8000         0         1   2451.49   293.841   27.4995   6049.54   1267.59   7317.13   2475.36    2505.9  0.358039  -160.435   2.66565   2186.24   2405.25   2.77135  -5.90755     0.001   122.863   91.4342   88.7431   85.6031         0         0         0         0         0
     7900         0         1   2451.49   294.545   28.2086   6101.05   1302.13   7403.18   2474.58   2504.44  0.356638  -161.107   2.66598   2185.39   2403.77   2.77318  -5.36532     0.001   122.455   91.1976   88.4424   85.2927         0         0         0         0         0
     7800         0         1   2451.49   295.232    29.076   6150.27   1337.66   7487.93   2473.81   2503.01  0.355311   -161.69   2.66627   2184.59   2402.34   2.77495  -4.67577     0.001   122.069   90.9343   88.2176   85.1015         0         0         0         0         0
     7700         0         1   2451.49   295.896   30.0907   6197.24   1373.16    7570.4   2473.07   2501.65  0.354064  -162.182   2.66651   2183.83   2400.98   2.77665  -3.85273     0.001   121.701   90.6586   88.0207   84.9214         0         0         0         0         0
     7600         0         1   2451.49   296.538   31.2634   6246.36    1409.6   7655.96   2472.35   2500.35  0.352887  -162.581   2.66673   2183.11   2399.69   2.77828  -2.88496     0.001   121.348   90.3781   87.8023   84.7261         0         0         0         0         0
     7500         0         1   2451.49   297.163   32.5652   6300.85   1446.94   7747.79   2471.65   2499.08  0.351771  -162.887   2.66691   2182.42   2398.44   2.77986  -1.79598     0.001    121.01   90.0958   87.5692    84.516         0         0         0         0         0
     7400         0         1   2451.49   297.773   32.9534   6358.61   1485.16   7843.77   2470.97   2497.86  0.350707  -163.121   2.66707   2181.75   2397.23   2.78139  -1.36753     0.001   120.683   89.8132   87.3268   84.2938         0         0         0         0         0
     7300         0         1   2451.49   298.373   32.8123   6417.74   1522.26   7939.99   2470.31   2496.65  0.349686  -163.336   2.66721   2181.09   2396.04   2.78289  -1.41524     0.001   120.365   89.5315   87.0782    84.062         0         0         0         0         0
     7200         0         1   2451.49   298.963    32.411   6480.53   1558.22   8038.75   2469.65   2495.47  0.348704  -163.555   2.66733   2180.43   2394.86   2.78437  -1.68559     0.001   120.055   89.2513   86.8253   83.8227         0         0         0         0         0
     7100         0         1   2451.49   299.545   31.8359      6544   1595.46   8139.46      2469   2494.31  0.347755  -163.785   2.66743   2179.79   2393.71   2.78582  -2.10673     0.001   119.752   88.9733   86.5695    83.578         0         0         0         0         0
     7000         0         1   2451.49   300.121   31.1331   6599.76   1637.98   8237.74   2468.36   2493.16  0.346834  -164.033   2.66752   2179.15   2392.56   2.78725  -2.64044     0.001   119.455   88.6977    86.312   83.3292         0         0         0         0         0
     6900         0         1   2451.49    300.69   30.3432   6655.47   1680.57   8336.05   2467.72   2492.02  0.345938  -164.299   2.66759   2178.51   2391.43   2.78866  -3.25358     0.001   119.164     88.48   86.0538   83.0777         0         0         0         0         0
     6800    0.0002         1   2451.49   301.248   29.4856   6709.33   1718.92   8428.26   2467.08   2490.88  0.345064  -164.585   2.66766   2177.89   2390.32   2.79005  -3.93059     0.001   118.878   88.3218   85.7977   82.8247         0         0         0         0         0
     6700     0.016         1   2451.53   301.792   28.5761   6762.69   1758.61    8521.3   2466.46   2489.76  0.344211  -164.891   2.66772   2177.55   2389.55   2.79127  -4.75829     0.001     118.6   88.1863   85.5459    82.572         0         0         0         0         0
     6600    0.0489         1   2453.16    302.39   27.3166   6817.02    1801.6   8618.63   2465.85   2488.67  0.343352  -165.229   2.66777   2182.14   2394.45    2.7912  -6.36316     0.001   118.333   88.0481   85.3114   82.3217         0         0         0         0         0
     6500    0.0697         1   2458.07   303.093   25.5619   6869.21    1843.6   8712.81   2465.31   2487.66  0.342443  -165.621   2.66781   2191.96   2405.32   2.78983  -8.72515     0.001   118.091    87.884   85.1246   82.1253         0         0         0         0         0
     6400    0.0602         1   2465.03   303.806   24.1386   6921.52    1886.2   8807.72   2464.89   2486.79  0.341507  -166.066   2.66785   2198.18   2412.04   2.78929   -10.374     0.001   117.877   87.7061   84.9774   82.0058         0         0         0         0         0
     6300    0.0487         1   2471.04   304.398   23.4368   6974.76   1927.65   8902.41   2464.57   2486.06  0.340619   -166.52   2.66788   2195.43   2408.45   2.79079  -10.6805     0.001   117.671   87.5241   84.8538   81.9008         0         0         0         0         0
     6200    0.0373         1    2475.9   304.906   23.0161   7035.94   1968.76   9004.69   2464.29   2485.38  0.339809  -166.957   2.66791   2191.75   2403.84    2.7926  -10.7044     0.001   117.458   87.3426   84.7342    81.786         0         0         0         0         0
     6100    0.0249         1   2479.61   305.359   22.7932   7097.79   2009.47   9107.25   2464.01   2484.72  0.339069  -167.364   2.66794   2187.89   2399.07   2.79448  -10.5568     0.001   117.241   87.1625    84.601   81.6638         0         0         0         0         0
     6000     0.016         1    2482.1   305.767   22.7315   7148.47   2049.73   9198.21   2463.71   2484.05  0.338392  -167.736   2.66796   2183.65   2393.89   2.79643  -10.2683     0.001   117.022   86.9831   84.4559    81.533         0         0         0         0         0
     5900    0.0074         1   2483.69   306.155   22.7141    7200.8   2092.19   9292.99   2463.38   2483.36  0.337767  -168.074   2.66798   2180.35   2389.81   2.79817  -10.0237     0.001   116.802   86.8036   84.3028   81.3942         0         0         0         0         0
     5800    0.0005         1   2484.42   306.525     22.76   7259.07   2133.21   9392.29   2463.02   2482.66  0.337182  -168.378   2.66799   2177.13   2385.84   2.79988  -9.74017     0.001   116.584   86.6237   84.1437   81.2483         0         0         0         0         0
     5700         0         1   2484.47   306.885   22.8277    7307.3    2174.2   9481.49   2462.64   2481.93  0.336631  -168.653   2.66801   2174.48   2382.53   2.80144  -9.51388     0.001   116.368   86.4433   83.9801   81.0966         0         0         0         0         0
     5600         0         1   2484.47    307.26   22.8024   7353.63   2215.31   9568.94   2462.23   2481.18  0.336098  -168.904   2.66802   2173.73   2381.41   2.80254  -9.51693     0.001   116.149   86.2625   83.8132   80.9399         0         0         0         0         0
     5500         0         1   2484.47   307.645   22.7597   7409.78   2256.55   9666.34   2461.82   2480.43  0.335575  -169.138   2.66803   2173.21   2380.56   2.80355  -9.54484     0.001   115.931   86.0811   83.6437   80.7793         0         0         0         0         0
     5400         0         1   2484.47   308.034   22.0073   7465.16   2298.16   9763.32   2461.41   2479.69  0.335058   -169.37   2.66804   2172.74   2379.75   2.80454  -10.1076     0.001   115.714   85.8992   83.4723   80.6157         0         0         0         0         0
     5300         0         1   2484.47   308.426   20.8154   7512.86   2340.14      9853      2461   2478.94  0.334549  -169.639   2.66805   2172.29   2378.97   2.80552  -11.0696     0.001   115.499   85.7168   83.2993   80.4497         0         0         0         0         0
     5200         0         1   2484.47   308.819   19.3902   7572.77   2379.16   9951.92   2460.59    2478.2  0.334044  -169.961   2.66805   2171.85    2378.2   2.80649  -12.2403     0.001   115.285   85.5343   83.1251   80.2817         0         0         0         0         0
     5100         0         1   2484.47   309.214   17.8166   7619.53   2419.17   10038.7   2460.18   2477.47  0.333545  -170.339   2.66806   2171.42   2377.44   2.80745  -13.5462     0.001   115.072    85.361     82.95   80.1123         0         0         0         0         0
     5000         0         1   2484.47   309.608   16.1111   7659.88   2460.18   10120.1   2459.77   2476.73  0.333049  -170.775   2.66806      2171   2376.69   2.80841  -14.9734     0.001   114.861    85.229   82.7751   79.9418         0         0         0         0         0
     4900         0         1   2484.47   309.998   14.3248   7698.65   2500.18   10198.8   2459.37      2476  0.332557  -171.269   2.66807   2170.57   2375.95   2.80936  -16.4817     0.001   114.653   85.1183   82.6016    79.771         0         0         0         0         0
     4800         0         1   2484.47   310.381   12.4613   7741.47   2539.81   10281.3   2458.96   2475.27  0.332069   -171.82   2.66807   2170.16   2375.21   2.81029  -18.0643     0.001   114.449   85.0162   82.4303   79.6005         0         0         0         0         0
     4700         0         1   2484.47   310.758   10.5376   7790.06   2579.06   10369.1   2458.55   2474.54  0.331585  -172.427   2.66808   2169.74   2374.49   2.81122  -19.7099     0.001   114.257   84.9173   82.2621   79.4309         0         0         0         0         0
     4600         0         1   2484.47   311.126   8.58411   7829.64   2620.39     10450   2458.15   2473.81  0.331107  -173.088   2.66808   2169.33   2373.77   2.81212  -21.3903     0.001   114.077   84.8196   82.1142   79.2653         0         0         0         0         0
     4500         0         1   2484.47   311.484   6.58153   7867.29   2662.77   10530.1   2457.74    2473.1  0.330638    -173.8   2.66808   2168.94   2373.08     2.813  -23.1213     0.001   113.905    84.723   81.9835   79.1306         0         0         0         0         0
     4400         0         1   2484.47   311.829   4.89594   7904.16    2703.5   10607.7   2457.36   2472.41  0.330187  -174.555   2.66808   2168.55   2372.41   2.81385  -24.6255     0.001    113.74   84.6249   81.8722   79.0426         0         0         0         0         0
     4300         0         1   2484.47    312.16   3.39042   7943.26   2744.16   10687.4   2456.99   2471.75  0.329758  -175.332   2.66808   2168.19   2371.77   2.81467   -25.971     0.001   113.583    84.517    81.777   78.9777         0         0         0         0         0
     4200         0         1   2484.47   312.478   1.97385   7977.75   2784.44   10762.2   2456.63   2471.14  0.329352  -176.125   2.66809   2167.85   2371.17   2.81546  -27.2454     0.001   113.432   84.4031   81.6919    78.919         0         0         0         0         0
     4100         0         1   2484.47   312.783  0.628621   8008.07   2825.52   10833.6    2456.3   2470.55  0.328968  -176.928   2.66809   2167.52    2370.6   2.81621  -28.4621     0.001   113.287   84.2867   81.6092   78.8499         0         0         0         0         0
     4000         0         1   2484.47   313.078 -0.675465   8037.85    2865.3   10903.1   2455.98   2469.99  0.328602   -177.74   2.66809   2167.22   2370.06   2.81693  -29.6459     0.001   113.149   84.1696   81.5252   78.7737         0         0         0         0         0
     3900         0         1   2484.47   313.362  -1.95257    8064.7   2903.76   10968.5   2455.67   2469.46  0.328252  -178.559   2.66809   2166.92   2369.54   2.81763  -30.8086     0.001   113.015   84.0529   81.4392   78.6927         0         0         0         0         0
     3800         0         1   2484.47   313.638   -3.2122   8092.91   2943.95   11036.9   2455.37   2468.94  0.327915  -179.385   2.66809   2166.64   2369.03    2.8183  -31.9579     0.001   112.887   83.9373   81.3514   78.6083         0         0         0         0         0
     3700         0         1   2484.47   313.907  -5.01491   8116.79   2984.53   11101.3   2455.08   2468.43  0.327592  -180.222   2.66809   2166.36   2368.54   2.81896  -33.4834     0.001   112.763   83.8232    81.262   78.5214         0         0         0         0         0
     3600         0         1   2484.47    314.17  -8.34423   8142.89    3025.5   11168.4   2454.79   2467.94  0.327279   -181.14   2.66809   2166.09   2368.05   2.81961  -36.3059     0.001   112.642   83.7108   81.1714   78.4325         0         0         0         0         0
     3500         0         1   2484.47   314.427   -12.315   8169.54   3064.93   11234.5   2454.52   2467.45  0.326976  -182.193   2.66809   2165.82   2367.58   2.82024   -39.699     0.001   112.525   83.6001   81.0798   78.3423         0         0         0         0         0
     3400         0         1   2484.47   314.679  -16.5061    8199.9   3105.61   11305.5   2454.24   2466.98  0.326682  -183.396   2.66809   2165.56   2367.12   2.82086  -43.3256     0.001    112.41   83.4912   80.9875    78.251         0         0         0         0         0
     3300         0         1   2484.47   314.926  -20.9146   8239.32   3146.19   11385.5   2453.97   2466.51  0.326395  -184.743   2.66809    2165.3   2366.66   2.82147  -47.1521     0.001   112.299    83.384   80.8944    78.159         0         0         0         0         0
     3200         0         1   2484.47   315.169   -24.997    8277.2   3186.66   11463.9   2453.71   2466.05  0.326116  -186.229   2.66809   2165.05   2366.21   2.82208  -50.8087     0.001   112.189   83.2785   80.7992   78.0661         0         0         0         0         0
     3100         0         1   2484.47   315.409  -27.7623   8316.41   3227.41   11543.8   2453.45    2465.6  0.325843  -187.785    2.6681    2164.8   2365.77   2.82267  -53.3684     0.001   112.082   83.1746    80.703   77.9723         0         0         0         0         0
     3000         0         1   2484.47   315.646  -30.0746   8352.37   3268.46   11620.8   2453.19   2465.15  0.325576  -189.356    2.6681   2164.54   2365.33   2.82326  -55.5402     0.001   111.976    83.072   80.6064   77.8777         0         0         0         0         0
     2900         0         1   2484.47    315.88  -32.0762    8387.7   3308.84   11696.5   2452.94    2464.7  0.325314  -190.919    2.6681    2164.3   2364.89   2.82384  -57.4479     0.001   111.872   82.9708   80.5098   77.7827         0         0         0         0         0
     2800         0         1   2484.47   316.112  -33.8615   8422.47   3349.65   11772.1   2452.68   2464.26  0.325055  -192.466    2.6681   2164.05   2364.46   2.82441  -59.1677     0.001   111.769   82.8709   80.4133   77.6874         0         0         0         0         0
     2700         0         1   2484.47   316.341  -35.6572   8464.08   3387.09   11851.2   2452.43   2463.82  0.324801  -193.991    2.6681    2163.8   2364.03   2.82499  -60.8665     0.001   111.668   82.7722   80.3172   77.5921         0         0         0         0         0
     2600         0         1   2484.47   316.568  -37.7948   8514.71   3429.76   11944.5   2452.19   2463.39  0.324551  -195.514    2.6681   2163.56    2363.6   2.82555  -62.8512     0.001   111.568   82.6746   80.2214   77.4969         0         0         0         0         0
     2500         0         1   2484.47   316.793  -40.0338   8552.82   3468.66   12021.5   2451.94   2462.96  0.324304  -197.048    2.6681   2163.32   2363.18   2.82611  -64.9248     0.001   111.469   82.5781   80.1262    77.402         0         0         0         0         0
     2400         0         1   2484.47   317.016  -42.3005   8588.83   3508.07   12096.9   2451.69   2462.53   0.32406    -198.6    2.6681   2163.08   2362.76   2.82667  -67.0276     0.001   111.372   82.4827   80.0315   77.3074         0         0         0         0         0
     2300         0         1   2484.47   317.237  -44.5918   8626.68   3548.16   12174.8   2451.45    2462.1   0.32382  -200.169    2.6681   2162.84   2362.35   2.82722  -69.1522     0.001   111.275   82.3883   79.9374   77.2133         0         0         0         0         0
     2200         0         1   2484.47   317.456  -46.7542   8670.95   3588.91   12259.9   2451.21   2461.68  0.323582  -201.754    2.6681    2162.6   2361.94   2.82776  -71.1932     0.001   111.179   82.2948   79.8439   77.1197         0         0         0         0         0
     2100         0         1   2484.47   317.673  -48.5125   8707.94   3629.79   12337.7   2450.97   2461.26  0.323347  -203.335    2.6681   2162.37   2361.53   2.82831  -72.8929     0.001   111.084   82.2144   79.7512   77.0267         0         0         0         0         0
     2000         0         1   2484.47   317.887  -50.1098   8744.95   3670.77   12415.7   2450.73   2460.84  0.323115  -204.898    2.6681   2162.13   2361.13   2.82884  -74.4512     0.001   110.991   82.1491   79.6598   76.9343         0         0         0         0         0
     1900         0         1   2484.47   318.096  -51.5869   8782.66   3711.34     12494    2450.5   2460.43  0.322886  -206.437    2.6681    2161.9   2360.73   2.82937  -75.9039     0.001   110.899   82.0908     79.57   76.8429         0         0         0         0         0
     1800         0         1   2484.47   318.301  -52.9714   8819.26   3751.97   12571.2   2450.26   2460.02  0.322661  -207.947    2.6681   2161.67   2360.34   2.82989  -77.2733     0.001   110.809   82.0357   79.4819   76.7526         0         0         0         0         0
     1700         0         1   2484.47   318.501  -54.3731   8854.44   3791.85   12646.3   2450.03   2459.62   0.32244  -209.428    2.6681   2161.45   2359.95    2.8304  -78.6388     0.001   110.721   81.9821   79.3955   76.6636         0         0         0         0         0
     1600         0         1   2484.47   318.697  -55.9662   8892.29   3830.25   12722.5    2449.8   2459.22  0.322222  -210.891    2.6681   2161.23   2359.57   2.83091  -80.1626     0.001   110.635   81.9287   79.3108    76.576         0         0         0         0         0
     1500         0         1   2484.47   318.889  -57.6115   8930.46    3870.6   12801.1   2449.57   2458.82   0.32201  -212.344    2.6681   2161.01    2359.2    2.8314  -81.7303     0.001    110.55   81.8753   79.2277   76.4899         0         0         0         0         0
     1400         0         1   2484.47   319.077   -59.294   8968.01   3912.72   12880.7   2449.35   2458.44  0.321802  -213.791    2.6681    2160.8   2358.84   2.83188  -83.3283     0.001   110.468   81.8214   79.1505   76.4058         0         0         0         0         0
     1300         0         1   2484.47    319.26  -60.9984   9009.22   3954.25   12963.5   2449.13   2458.05  0.321599  -215.233    2.6681   2160.59   2358.49   2.83236  -84.9449     0.001   110.387   81.7673   79.0781   76.3248         0         0         0         0         0
     1200         0         1   2484.47    319.44  -62.4445    9062.1   3995.18   13057.3   2448.92   2457.68  0.321401  -216.668    2.6681   2160.38   2358.14   2.83282   -86.383     0.001   110.309   81.7128   79.0087   76.2504         0         0         0         0         0
     1100         0         1   2484.47   319.616  -63.1457   9111.82   4035.58   13147.4   2448.71   2457.32  0.321211  -218.064    2.6681   2160.19    2357.8   2.83328  -87.1869     0.001   110.232   81.6582   78.9453   76.1973         0         0         0         0         0
     1000         0         1   2484.47   319.786  -63.5332   9159.35    4075.6     13235   2448.51   2456.97  0.321032  -219.392    2.6681      2160   2357.48   2.83372  -87.7119     0.001   110.157   81.6035   78.8895   76.1573         0         0         0         0         0
      900         0         1   2484.47   319.952  -63.5866   9207.24    4115.9   13323.1   2448.32   2456.65  0.320865  -220.641    2.6681   2159.82   2357.17   2.83415  -87.9504     0.001   110.084   81.5491   78.8399   76.1248         0         0         0         0         0
      800         0         1   2484.47   320.111  -63.3895   9256.35    4152.7     13409   2448.14   2456.34  0.320708  -221.802    2.6681   2159.64   2356.87   2.83457  -87.9599     0.001   110.014    81.495   78.7947   76.0968         0         0         0         0         0
      700         0         1   2484.47   320.265  -62.8958   9303.22   4188.89   13492.1   2447.97   2456.05  0.320563  -222.869    2.6681   2159.48   2356.59   2.83497  -87.7194     0.001   109.946   81.4418   78.7528   76.0718         0         0         0         0         0
      600         0         1   2484.47   320.413  -61.9489   9359.97   4228.13   13588.1   2447.81   2455.78  0.320429  -223.827    2.6681   2159.33   2356.32   2.83536  -87.0798     0.001    109.88   81.3937   78.7128   76.0488         0         0         0         0         0
      500         0         1   2484.47   320.555  -60.7348   9417.21   4268.05   13685.3   2447.66   2455.52  0.320304  -224.666    2.6681   2159.19   2356.07   2.83573  -86.1947     0.001   109.817   81.3549   78.6747   76.0273         0         0         0         0         0
      400         0         1   2484.47    320.69  -59.2291    9486.9   4306.01   13792.9   2447.51   2455.28   0.32019   -225.38    2.6681   2159.05   2355.83   2.83609  -85.0501     0.001   109.757   81.3263   78.6386   76.0061         0         0         0         0         0
      300         0         1   2484.47   320.818  -57.4846   9545.91    4349.1     13895   2447.38   2455.05  0.320084  -225.965    2.6681   2158.92    2355.6   2.83644  -83.6821     0.001   109.699   81.3073   78.6034   75.9802         0         0         0         0         0
      200         0         1   2484.47   320.938  -55.2873    9611.8   4392.75   14004.5   2447.25   2454.83  0.319986  -226.417    2.6681    2158.8   2355.38   2.83677  -81.9486     0.001   109.645   81.2927   78.5682   75.9505         0         0         0         0         0
      100         0         1   2484.47   321.052  -52.2077   9662.94   4432.34   14095.3   2447.12   2454.61  0.319895  -226.704    2.6681   2158.68   2355.18   2.83709  -79.4456     0.001   109.594   81.2708   78.5327   75.9184         0         0         0         0         0
        0         0         1   2484.47   321.161  -48.6636   9701.17   4472.05   14173.2      2447   2454.41  0.319811    -226.8    2.6681   2158.57   2354.98    2.8374  -76.5179     0.001   109.545   81.2431   78.4969   75.8847         0         0         0         0         0