    20000         0         1         0   187.948   365.085   365.085   187.948   553.033   2341.68   2425.58    0.6884   15.9048   2.49734   2048.25   2344.34   2.72726   282.674     0.001   107.636   92.0964   89.5112   88.8986         0         0         0         0         0
    19900         0         1         0   187.948   364.222   729.307   375.896    1105.2   2341.68   2425.58  0.688551   15.7588   2.49734   2048.25   2344.34   2.72741   281.904     0.001   107.636   92.0964   89.5112   88.8986         0         0         0         0         0
    19800         0         1         0   187.948   363.638   1092.95   563.844   1656.79   2341.68   2425.58  0.688701   15.6176   2.49734   2048.25   2344.34   2.72756   281.339     0.001   107.636   92.0964   89.5112   88.8986         0         0         0         0         0
    19700         0         1         0   187.948   363.429   1456.37   751.792   2208.17   2341.68   2425.58  0.688851   15.4963   2.49734   2048.25   2344.34    2.7277    281.07     0.001   107.636   92.0964   89.5112   88.8986         0         0         0         0         0
    19600         0         1         0   187.948   363.507   1819.88   939.741   2759.62   2341.68   2425.58  0.689002   15.4101   2.49734   2048.25   2344.34   2.72785   281.045     0.001   107.636   92.0964   89.5112   88.8986         0         0         0         0         0
    19500         0         1         0   187.948   361.776   2181.66   1127.69   3309.35   2341.68   2425.58  0.689152   15.3344   2.49734   2048.25   2344.34     2.728   279.849     0.001   107.636   92.0964   89.5112   88.8986         0         0         0         0         0
    19400         0         1         0   187.948   358.969   2540.63   1315.64   3856.26   2341.68   2425.58  0.689302   15.1783   2.49734   2048.25   2344.34   2.72815   277.734     0.001   107.636   92.0964   89.5112   88.8986         0         0         0         0         0
    19300         0         1         0   187.948   356.401   2897.03   1503.58   4400.61   2341.68   2425.58  0.689452   14.9169   2.49734   2048.25   2344.34    2.7283   275.681     0.001   107.636   92.0964   89.5112   88.8986         0         0         0         0         0
    19200         0         1         0   187.948   353.856   3250.88   1691.53   4942.42   2341.68   2425.58  0.689602   14.5704   2.49734   2048.25   2344.34   2.72845   273.656     0.001   107.636   92.0964   89.5112   88.8986         0         0         0         0         0
    19100         0         1         0   187.948   353.032   3603.92   1879.48    5483.4   2341.68   2425.58  0.689752   14.1716   2.49734   2048.25   2344.34   2.72859   272.757     0.001   107.636   92.0964   89.5112   88.8986         0         0         0         0         0
    19000         0         1         0   187.948   353.243   3957.16   2067.43   6024.59   2341.68   2425.58  0.689901   13.8067   2.49734   2048.25   2344.34   2.72874   272.733     0.001   107.636   92.0964   89.5112   88.8986         0         0         0         0         0
    18900         0         1         0   187.948   351.625   4308.78   2255.38   6564.16   2341.68   2425.58  0.690051   13.4738   2.49734   2048.25   2344.34   2.72889   271.574     0.001   107.636   92.0964   89.5112   88.8986         0         0         0         0         0
    18800         0         1         0   187.948   348.984   4657.77   2443.33   7101.09   2341.68   2425.58  0.690201   13.0782   2.49734   2048.25   2344.34   2.72904   269.522     0.001   107.636   92.0964   89.5112   88.8986         0         0         0         0         0
    18700    0.0241         1    0.0241   187.949   347.173   5004.94   2631.27   7636.21   2341.68   2425.58   0.69035   12.6065   2.49734    2048.6   2344.74   2.72896   267.731     0.001   107.636   92.0964   89.5112   88.8986         0         0         0         0         0
    18600    0.0002         1    2.4102   188.069   345.046   5349.99   2819.34   8169.33   2341.71    2425.6  0.690425   12.0813   2.49734   2055.21   2352.64   2.72794   265.007     0.001   107.636   92.0965   89.5126   88.8987         0         0         0         0         0
    18500    0.0156         1    2.4456   188.024   344.146   5694.13   3007.37    8701.5   2341.75   2425.65   0.69052   11.5433   2.49734   2048.98   2345.11   2.72921   265.194     0.001   107.637   92.0971   89.5142   88.8994         0         0         0         0         0
    18400    0.0207         1    4.0107   188.084   342.439   6036.57   3195.45   9232.02    2341.8    2425.7  0.690612   10.9895   2.49734   2053.37   2350.37   2.72849   262.964     0.001   107.639   92.0978   89.5153   88.9002         0         0         0         0         0
    18300    0.0112         1    6.0712   188.149   339.078   6375.65    3383.6   9759.25   2341.87   2425.77  0.690663   10.3802   2.49734   2054.95   2352.22   2.72837    260.26     0.001    107.64    92.099   89.5174   88.9014         0         0         0         0         0
    18200         0         1      7.18   188.147   335.033   6710.68   3571.75   10282.4   2341.96   2425.86   0.69073   9.64838   2.49734   2052.32   2349.04   2.72913   257.639     0.001   107.643   92.1005   89.5195   88.9029         0         0         0         0         0
    18100         0         1      7.18   188.101    331.82    7042.5   3759.85   10802.3   2342.03   2425.93  0.690852   8.79449   2.49734   2049.15   2345.23   2.72996   255.461     0.001   107.646   92.1021   89.5204   88.9045         0         0         0         0         0
    18000         0         1      7.18   188.079   328.654   7371.15   3947.93   11319.1   2342.07   2425.97  0.691006    7.8575   2.49734   2049.02   2345.11   2.73016   252.814     0.001   107.648   92.1035   89.5205   88.9057         0         0         0         0         0
    17900         0         1      7.18   188.066   327.853   7699.01   4135.99     11835   2342.09   2425.99  0.691169   6.88409   2.49734   2048.95   2345.05   2.73034   251.738     0.001   107.649   92.1048   89.5206   88.9066         0         0         0         0         0
    17800    0.0038         1    7.1838   188.057   328.507   8027.51   4324.05   12351.6   2342.11   2426.01  0.691335   5.99066   2.49734   2048.96   2345.06   2.73048   251.862     0.001    107.65   92.1058   89.5208   88.9073         0         0         0         0         0
    17700    0.0162         1    7.5762    188.07   326.594   8354.11   4512.12   12866.2   2342.12   2426.02  0.691491   5.17138   2.49734    2050.2   2346.54   2.73031   250.137     0.001   107.651   92.1066   89.5213   88.9078         0         0         0         0         0
    17600    0.0278         1    9.2078   188.138   323.026   8677.13   4700.26   13377.4   2342.15   2426.05    0.6916   4.28545   2.49734   2053.99   2351.04   2.72962   246.606     0.001   107.652   92.1074   89.5228   88.9085         0         0         0         0         0
    17500    0.0291         1   11.9891   188.239   322.632   8999.77    4888.5   13888.3   2342.22   2426.12  0.691642    3.3406   2.49734   2057.61    2355.3   2.72903   245.214     0.001   107.653   92.1085   89.5257   88.9096         0         0         0         0         0
    17400    0.0293         1   14.8993   191.061     354.8   9354.57   5079.56   14434.1   2336.68   2426.51  0.731442   1.66868   2.44051   2109.15   2414.12   2.64158   291.363     0.001    107.83   92.2207    89.544   88.8753         0         0         0         0         0
    17300    0.0302         1   17.8302    191.99   364.467   9719.03   5271.55   14990.6   2332.76   2427.84  0.764043   1.46646   2.39082   2120.87   2427.15   2.62147   299.798     0.001   107.889    92.357    89.711   89.0386         0         0         0         0         0
    17200    0.0386         1   20.8586   192.536   370.227   10089.3   5464.08   15553.3   2329.77   2429.48  0.792343   1.66896   2.34741   2127.29   2434.23   2.61162   304.565     0.001   107.827   92.5094    89.972   89.3477         0         0         0         0         0
    17100     0.054         1    24.734   193.106   373.532   10462.8   5657.19     16120   2327.43   2431.23   0.81712   2.02834    2.3095    2137.1   2445.41   2.60332    306.76     0.001   107.687   92.6965   90.3167   89.7623         0         0         0         0         0
    17000    0.0761         1   30.1561   193.839   374.995   10837.8   5851.03   16688.8   2325.62   2433.02  0.838772   2.41109   2.27638    2151.6   2462.06   2.59521   306.963     0.001   107.514   92.9472   90.7393   90.2562         0         0         0         0         0
    16900    0.0536         1   37.7436   194.774   370.206     11208    6045.8   17253.8   2324.29   2434.87  0.857616   2.65842   2.24743   2170.34   2483.64   2.58755   302.478     0.001   107.339   93.2847   91.2303    90.811         0         0         0         0         0
    16800    0.0371         1   43.0871   195.656   362.659   11570.7   6241.46   17812.1   2323.36   2436.76  0.874049   2.53074    2.2221   2163.03   2473.59   2.58303   298.062     0.001   107.187   93.6823   91.7793   91.4139         0         0         0         0         0
    16700    0.0418         1   46.8018   196.577   354.083   11924.7   6438.04   18362.8   2322.71   2438.58   0.88839   1.95664   2.19994   2154.92   2462.52   2.57882   291.991     0.001   107.072   94.1396   92.3681   92.0284         0         0         0         0         0
    16600    0.0551         1   50.9951   197.654   343.917   12268.7   6635.69   18904.3   2322.24   2440.27  0.900816  0.931681   2.18051   2158.81   2465.84   2.57374   283.243     0.001   107.003   94.6479   92.9739   92.6018         0         0         0         0         0
    16500    0.0685         1   56.5185   198.886   344.409   12613.1   6834.58   19447.6   2321.96   2441.85  0.911497 -0.363223   2.16347   2169.64   2477.37   2.56835   281.599     0.001   106.982   95.1897   93.6006   93.2168         0         0         0         0         0
    16400    0.0958         1   63.3958   200.235   352.143   12965.2   7034.81     20000   2321.87    2443.4   0.92063  -1.31392    2.1485   2182.12   2490.75   2.56306   286.599     0.001   107.005   95.7259   94.2492   93.8588         0         0         0         0         0
    16300     0.106         1    72.986   201.748   356.052   13321.3   7236.56   20557.8   2322.01   2444.96  0.928373  -1.77704   2.13534   2203.42   2514.63    2.5573   288.773     0.001   107.069   96.3109   94.9107   94.5169         0         0         0         0         0
    16200    0.1045         1   83.5845   203.295   358.504   13679.8   7439.85   21119.6   2322.39   2446.58  0.934914  -1.99597   2.12376    2216.1   2528.01    2.5527   290.542     0.001    107.17   96.9316   95.5851   95.1839         0         0         0         0         0
    16100    0.1023         1   94.0323   204.825   349.191     14029   7644.68   21673.6   2322.96   2448.23   0.94044  -2.23209   2.11354    2220.5    2531.4   2.54903   284.373     0.001   107.304   97.5784   96.2624   95.7771         0         0         0         0         0
    16000    0.0983         1   104.258   206.354   331.724   14360.7   7851.03   22211.7   2323.67   2449.86  0.945084  -3.11411   2.10453   2222.89   2532.35   2.54565   270.704     0.001   107.469   98.2377   96.9256   96.3674         0         0         0         0         0
    15900       0.1         1    114.09   207.882   322.773   14683.4   8058.91   22742.4   2324.46   2451.45  0.948955  -4.70155   2.09656   2223.57   2531.25   2.54245    262.56     0.001   107.662   98.8889    97.582    96.974         0         0         0         0         0
    15800    0.1027         1   124.093   209.443   318.927   15002.4   8268.36   23270.7   2325.31   2452.98  0.952131  -6.43961    2.0895   2227.14   2533.61   2.53899   258.998     0.001   107.878   99.5059   98.2246   97.5846         0         0         0         0         0
    15700    0.0998         1    134.36   211.031   316.291   15318.7   8479.39   23798.1   2326.21   2454.45  0.954685  -8.12184   2.08323   2231.55   2536.97    2.5355   256.657     0.001   108.113    100.14   98.8545   98.1906         0         0         0         0         0
    15600    0.0966         1   144.337   212.611   314.875   15633.5      8692   24325.5   2327.15   2455.88  0.956698  -9.69496   2.07766   2232.63   2536.35   2.53232   255.623     0.001   108.364   100.787   99.4753    98.787         0         0         0         0         0
    15500    0.0954         1   153.995   214.185   312.744   15946.3   8906.18   24852.5   2328.11   2457.23  0.958236  -11.1399   2.07269   2232.91   2534.78   2.52917   254.207     0.001   108.626   101.437    100.08   99.2887         0         0         0         0         0
    15400     0.097         1   163.537   215.765   310.177   16256.5   9121.95   25378.4   2329.06   2458.49  0.959345   -12.519   2.06825   2234.16   2534.38   2.52585   252.227     0.001    108.89   102.081   100.655   99.7755         0         0         0         0         0
    15300    0.1206         1   173.261   217.364   309.197   16565.7   9339.31     25905      2330   2459.68  0.960071  -13.8279   2.06427    2237.5   2536.49   2.52215   251.084     0.001   109.156   102.689   101.211   100.269         0         0         0         0         0
    15200    0.1424         1   185.342   219.085   308.656   16874.3    9558.4   26432.7   2330.97   2460.83  0.960418  -15.0086   2.06068   2254.65    2555.1   2.51707     249.3     0.001    109.42   103.259    101.75   100.759         0         0         0         0         0
    15100    0.1877         1   199.628   220.875   314.389   17188.7   9779.27     26968   2332.02   2462.02  0.960411  -15.9465   2.05744   2273.74   2575.94   2.51164   252.193     0.001   109.679   103.832   102.278   101.242         0         0         0         0         0
    15000    0.2303         1    218.44   222.835   323.738   17512.4   10002.1   27514.5   2333.22   2463.33  0.960059  -16.3507   2.05449   2308.15   2615.03   2.50472   257.358     0.001   109.933   104.399   102.799   101.716         0         0         0         0         0
    14900    0.2164         1   241.456   224.894    330.21   17842.7     10227   28069.7   2334.64   2464.84  0.959393  -16.1959    2.0518   2343.48   2655.17   2.49799   261.407     0.001   110.178   104.955   103.324   102.183         0         0         0         0         0
    14800      0.18         1    263.06   226.746   336.749   18179.4   10453.7   28633.1   2336.29   2466.56  0.958559  -15.6536   2.04932   2344.98   2654.82   2.49431    268.39     0.001   110.416   105.497   103.847    102.63         0         0         0         0         0
    14700    0.1264         1   281.006    228.31   328.401   18507.8   10682.1   29189.9   2338.01   2468.34  0.957679   -15.022   2.04703   2326.58   2630.89   2.49283   265.652     0.001    110.65   106.026   104.332   102.994         0         0         0         0         0
    14600     0.095         1   293.615   220.224   261.023   18768.8   10902.3   29671.1   2346.03   2470.64  0.911969  -16.3345   2.10852   2181.18   2465.69   2.65358   193.315     0.001   126.146   103.087   101.956    102.73         0         0         0         0         0
    14500    0.0726         1   303.093   217.548   235.566   19004.4   11119.8   30124.2   2351.75   2470.92  0.874584  -21.7185   2.16764   2159.23   2442.41   2.68012   170.209     0.001   135.212   99.3873   99.5258   101.737         0         0         0         0         0
    14400    0.0807         1   310.361   217.429   220.578     19225   11337.3   30562.2   2356.49   2470.33  0.838242  -27.9153   2.22428      2146   2426.67   2.69044   157.235     0.001    140.25   97.2828   98.4592   100.448         0         0         0         0         0
    14300    0.0947         1   318.445   218.351   206.903   19431.9   11555.6   30987.5   2360.68   2469.25  0.802074  -33.8332   2.27761   2143.74   2422.91   2.69749   145.381     0.001   143.076   96.4407   98.1907   99.2738         0         0         0         0         0
    14200    0.1003         1    327.92   219.638   194.771   19626.6   11775.2   31401.9   2364.47   2467.92   0.76671  -39.2077   2.32682   2144.51    2422.4   2.70371   134.845     0.001   144.586   96.3721   98.2301   98.4579         0         0         0         0         0
    14100    0.1052         1   337.955   220.987   188.298   19814.9   11996.2   31811.2   2367.94    2466.5  0.732978  -43.9035   2.37142   2143.75   2419.99   2.70982   128.893     0.001   145.275   96.7047   98.3899     97.87         0         0         0         0         0
    14000    0.1203         1    348.49   222.323   185.285   20000.2   12218.6   32218.8   2371.05   2465.03  0.701466  -47.7776   2.41127   2143.39   2418.09   2.71532   125.915     0.001    145.44   97.1956   98.5371   97.3885         0         0         0         0         0
    13900     0.107         1   360.507   223.672   179.777     20180   12442.2   32622.2   2373.82   2463.55  0.672469  -50.9471   2.44648   2145.95   2419.69   2.71994   121.323     0.001   145.276   97.7016   98.6193   96.9731         0         0         0         0         0
    13800      0.11         1    371.21   224.882   173.851   20353.9   12667.1     33021   2376.24   2462.06  0.646148  -53.6895   2.47735   2140.88   2412.33   2.72562   117.158     0.001   144.904    98.146   98.6133   96.5886         0         0         0         0         0
    13700    0.1149         1   382.215   226.083   169.278   20523.1   12893.2   33416.3   2378.31   2460.54  0.622467   -56.134   2.50423   2140.43   2410.51   2.73008   113.259     0.001   144.387   98.4928   98.5344   96.2104         0         0         0         0         0
    13600    0.0997         1    393.69   227.273   165.534   20688.7   13120.5   33809.1   2380.05   2458.99  0.601269   -58.309   2.52752   2140.48   2409.32   2.73428   110.171     0.001    143.79   98.6966   98.3805   95.8253         0         0         0         0         0
    13500    0.0789         1   403.639   228.357   169.057   20857.7   13348.8   34206.5   2381.49   2457.43  0.582414  -60.1388   2.54763   2134.75   2401.35   2.73953   113.023     0.001    143.14   98.7409   98.1559    95.432         0         0         0         0         0
    13400    0.0605         1   411.511   229.352   176.984   21034.7   13578.2   34612.9   2382.62   2455.83  0.565743  -61.3384   2.56494   2127.21   2391.34   2.74504   119.911     0.001   142.442   98.6999   97.8916   95.1595         0         0         0         0         0
    13300    0.0722         1   417.572   230.294   174.326     21209   13808.5   35017.5   2383.47   2454.19  0.551054  -62.0574   2.57981   2120.61   2382.52   2.75009   119.424     0.001   141.712   98.6072   97.6125   94.8809         0         0         0         0         0
    13200    0.1068         1   424.827   234.049   195.468   21404.5   14042.5     35447   2376.64   2452.48  0.595569  -62.7159   2.51853   2189.09   2460.02   2.63817   151.043     0.001   134.373   98.6008   97.1812   94.5882         0         0         0         0         0
    13100    0.1348         1   435.535   236.652   200.919   21605.4   14279.2   35884.6   2371.33   2451.89  0.633704  -62.3298   2.46235   2226.17   2501.52    2.6059   154.729     0.001   128.605   98.6644   96.9134   94.4287         0         0         0         0         0
    13000    0.1546         1   449.035   238.887   205.389   21810.8   14518.1   36328.9   2367.13   2451.89  0.667275  -61.6131   2.41206      2255   2533.58   2.58807   157.973     0.001   124.101   98.9276   96.9159    94.418         0         0         0         0         0
    12900    0.1684         1   464.508    240.78   210.241     22021   14758.8   36779.9   2363.83   2452.31  0.696788  -60.7622   2.36761   2277.27   2558.16   2.57498    161.65     0.001   120.573    99.318    97.098   94.5555         0         0         0         0         0
    12800    0.1791         1   481.359   242.315   215.256   22236.3   15001.2   37237.5   2361.31   2453.07  0.722732  -59.8363   2.32854   2294.37   2576.95   2.56494   165.705     0.001   117.831   99.7855   97.3771   94.8158         0         0         0         0         0
    12700    0.1672         1   499.257   243.721   216.143   22452.4   15244.9   37697.3   2359.43    2454.1  0.745612  -58.9539   2.29425   2308.09   2591.85   2.55603    166.85     0.001   115.688   100.281   97.7194   95.1666         0         0         0         0         0
    12600    0.1587         1   515.969   245.114   214.648   22667.1     15490   38157.1   2358.08   2455.32  0.765727  -58.3401   2.26412   2307.14   2589.29   2.54811   166.661     0.001   113.998   100.815   98.1277   95.5296         0         0         0         0         0
    12500    0.1469         1   531.827   246.505   213.857     22881   15736.5   38617.4   2357.12   2456.61  0.783365  -58.0461   2.23761   2305.24   2585.62   2.54049   166.609     0.001   112.697   101.373   98.5385   95.9063         0         0         0         0         0
    12400    0.1334         1   546.503   247.878    213.49   23094.4   15984.4   39078.8   2356.45   2457.91  0.798818  -57.9808   2.21421    2300.4   2578.48   2.53345   167.128     0.001    111.71   101.921    98.935    96.333         0         0         0         0         0
    12300    0.1252         1   559.835   249.233   211.988   23306.4   16233.6     39540   2355.98   2459.17  0.812352  -58.1208   2.19352   2293.52   2568.96   2.52684   166.782     0.001   110.964   102.426   99.3374   96.7836         0         0         0         0         0
    12200     0.115         1   572.345   250.604   209.479   23515.9   16484.2   40000.1   2355.66   2460.36  0.824183  -58.5038   2.17518   2289.07   2562.32   2.52021   165.262     0.001   110.409   102.898   99.7682   97.2492         0         0         0         0         0
    12100    0.0913         1   583.821   251.978     208.7   23724.6   16736.2   40460.8   2355.46   2461.47  0.834508  -59.0933   2.15889   2283.25   2554.09   2.51396   165.144     0.001   110.002   103.365   100.214   97.7248         0         0         0         0         0
    12000    0.0843         1   592.944    253.29   209.425     23934   16989.5   40923.5   2355.31   2462.48  0.843518  -59.7416    2.1444   2268.85   2535.76   2.50862   166.856     0.001   109.716   103.836   100.657   98.2039         0         0         0         0         0
    11900    0.0776         1   601.368   254.645   210.921     24145   17244.1   41389.1    2355.2   2463.37  0.851343  -60.3775   2.13148      2263   2527.55   2.50253   168.504     0.001   109.528   104.309   101.088   98.6774         0         0         0         0         0
    11800    0.0776         1   609.128    256.03   213.146   24358.1   17500.2   41858.3    2355.1   2464.14  0.858088  -60.9428   2.11996   2258.58   2521.02   2.49634   170.761     0.001   109.418   104.783   101.503   99.0878         0         0         0         0         0
    11700     0.077         1   616.887   257.471   222.966   24581.1   17757.6   42338.7   2355.03    2464.8  0.863844  -61.2759   2.10967   2258.59   2519.69   2.48976   178.666     0.001   109.373   105.258   101.889   99.4375         0         0         0         0         0
    11600    0.0747         1   624.585   245.022   198.144   24779.2   18002.6   42781.9   2361.08   2465.58  0.821067  -61.7005   2.16458   2174.39   2431.86   2.67055   140.282     0.001   121.232   102.249   99.5314   99.2508         0         0         0         0         0
    11500    0.0715         1   632.051   240.633   180.682   24959.9   18243.3   43203.2   2365.33   2465.08  0.787757   -64.411   2.21768   2162.66    2422.2    2.6965   125.063     0.001   128.334    98.457   97.1083   98.3054         0         0         0         0         0
    11400    0.0669         1   639.197   239.912   156.841   25116.7   18483.2   43599.9   2368.99   2464.19  0.755492  -68.3266   2.26874   2155.93   2414.93   2.70411   105.486     0.001   132.355   96.1869   95.9482   97.1136         0         0         0         0         0
    11300    0.0629         1   645.883   240.563   145.837   25262.6   18723.8   43986.3   2372.34   2463.07  0.723175  -72.7521   2.31693   2150.67   2408.07   2.71028   95.3137     0.001   134.656   95.2008   95.5532   95.9941         0         0         0         0         0
    11200    0.0577         1   652.168   241.679   142.019   25404.6   18965.4     44370   2375.43   2461.77  0.691391  -76.7398   2.36143   2146.43   2401.98   2.71628   91.8162     0.001   135.901   95.1431    95.507   95.1429         0         0         0         0         0
    11100    0.0537         1   657.934   242.906   134.511   25539.1   19208.3   44747.4   2378.25   2460.38  0.660944  -80.1258   2.40176   2142.35   2395.97   2.72205   86.2759     0.001   136.465   95.3934   95.5979   94.5948         0         0         0         0         0
    11000    0.0491         1   663.299    244.14   125.174   25664.3   19452.5   45116.8   2380.76   2458.91   0.63242  -83.2168   2.43776   2138.93   2390.75   2.72734   78.9823     0.001   136.585    95.646   95.7034   94.1477         0         0         0         0         0
    10900    0.0449         1   668.205   245.349   119.938   25784.2   19697.8     45482   2382.95   2457.38  0.606154   -86.083   2.46954   2135.58   2385.65    2.7323   74.5463     0.001   136.414   95.9429   95.7571   93.7662         0         0         0         0         0
    10800    0.0411         1   672.691   246.526   117.023   25901.2   19944.4   45845.6    2384.8    2455.8  0.582277  -88.5964   2.49736   2132.51   2380.93   2.73694    72.162     0.001   136.054   96.2246   95.7401   93.4168         0         0         0         0         0
    10700    0.0371         1   676.797    247.67    113.12   26014.4     20192   46206.4   2386.33   2454.16   0.56078  -90.7992   2.52155   2129.68   2376.54    2.7413   69.1973     0.001   135.572   96.4451   95.6512   93.0756         0         0         0         0         0
    10600    0.0336         1   680.504   248.782   108.767   26123.1   20440.8   46563.9   2387.55   2452.47  0.541559  -92.8346   2.54248    2126.9   2372.25   2.74546   65.7871     0.001   135.014    96.585   95.4963   92.7274         0         0         0         0         0
    10500      0.03         1    683.86   249.866   106.189   26229.3   20690.7     46920   2388.49   2450.73  0.524458  -94.7448   2.56052   2124.34   2368.25   2.74943   63.6096     0.001   134.407     96.64   95.3235   92.3693         0         0         0         0         0
    10400    0.0264         1   686.856    250.92    104.66     26334   20941.6   47275.6   2389.17   2448.97  0.509295   -96.484   2.57602   2121.83   2364.34   2.75326   62.3651     0.001   133.775   96.6158   95.1359   92.0109         0         0         0         0         0
    10300    0.0232         1   689.493   251.942   103.721   26437.7   21193.5   47631.2   2389.64   2447.19  0.495889  -98.0535   2.58932   2119.38   2360.54   2.75697   61.6131     0.001    133.13   96.5216   94.9425   91.7626         0         0         0         0         0
    10200    0.0201         1    691.81   252.934   102.677   26540.4   21446.5   47986.8   2389.92   2445.45  0.484068  -99.4678   2.60071   2117.11   2356.99   2.76052   60.8647     0.001   132.482   96.3678   94.7286   91.5557         0         0         0         0         0
    10100    0.0168         1   693.817   253.895   100.557   26640.9   21700.4   48341.3   2390.05   2443.73  0.473646  -100.802   2.61045   2114.93   2353.58   2.76394   59.2416     0.001   131.839   96.1635   94.4717   91.2967         0         0         0         0         0
    10000    0.0137         1   695.494    254.83   98.1101     26739   21955.2   48694.2   2390.04   2442.02  0.464449  -102.118   2.61877   2112.73   2350.18   2.76728   57.3413     0.001   131.212    95.916   94.1753   90.9958         0         0         0         0         0
     9900    0.0107         1   696.861   255.741   95.4934   26834.5   22210.9   49045.5   2389.89   2440.31   0.45632  -103.441   2.62587   2110.62   2346.91   2.77053   55.2779     0.001   130.603   95.6324   93.8456    90.661         0         0         0         0         0
     9800    0.0076         1   697.928   256.631   92.7476   26927.3   22467.6   49394.8   2389.64    2438.6  0.449118  -104.785   2.63194   2108.55   2343.71   2.77372    53.095     0.001   130.008   95.3555   93.4887   90.2988         0         0         0         0         0
     9700    0.0046         1   698.685   257.497   89.9041   27017.2   22725.1   49742.2   2389.27   2436.87  0.442719  -106.159   2.63712   2106.46   2340.52   2.77685   50.8201     0.001   129.427   95.1593   93.1121    89.915         0         0         0         0         0
     9600    0.0015         1   699.141   258.335    86.982   27104.2   22983.4   50087.6   2388.82   2435.14  0.437019  -107.569   2.64155   2104.41    2337.4   2.77992   48.4637     0.001   128.861   94.9856   92.7232    89.515         0         0         0         0         0
     9500         0         1    699.29   259.145    83.997   27188.2   23242.5   50430.7   2388.28   2433.39  0.431924  -109.017   2.64532   2102.35    2334.3   2.78292   46.0331     0.001    128.31   94.7629   92.3258   89.1038         0         0         0         0         0
     9400         0         1    699.29    259.94   81.7652   27269.9   23502.5   50772.4   2387.67   2431.63  0.427351  -110.492   2.64855    2100.8   2331.81   2.78572   44.0737     0.001   127.773   94.4892   91.9306   88.6854         0         0         0         0         0
     9300         0         1    699.29   260.727   79.9512   27349.9   23763.2   51113.1   2387.02   2429.88  0.423232  -111.952   2.65131   2099.72   2329.89   2.78836   42.4413     0.001   127.251   94.1804   91.6251   88.3848         0         0         0         0         0
     9200         0         1    699.29   261.495   78.3677   27428.2   24024.7   51452.9   2386.35    2428.2  0.419526  -113.383   2.65367   2098.71   2328.07   2.79092   41.0019     0.001   126.744   93.8514   91.3731   88.1461         0         0         0         0         0
     9100         0         1    699.29   262.242   76.9412   27505.2   24286.9   51792.1   2385.67   2426.57  0.416179  -114.779    2.6557   2097.76   2326.34   2.79338   39.6945     0.001   126.254   93.5116   91.0915   87.8844         0         0         0         0         0
     9000         0         1    699.29   262.972   75.6403   27580.8   24549.9   52130.7   2384.98   2424.99  0.413141  -116.138   2.65743   2096.86   2324.68   2.79576   38.4947     0.001   125.779   93.1646   90.7867   87.6013         0         0         0         0         0
     8900         0         1    699.29   263.689   74.4608   27655.3   24813.6   52468.9   2384.29   2423.44  0.410367   -117.46   2.65891   2095.98   2323.07   2.79808   37.3977     0.001   125.317   92.8122   90.4663   87.3002         0         0         0         0         0
     8800         0         1    699.29   264.395   73.3771   27728.7     25078   52806.7   2383.58   2421.92  0.407818  -118.743   2.66018   2095.11   2321.48   2.80035   36.3859     0.001   124.867   92.4559   90.1347   86.9848         0         0         0         0         0
     8700         0         1    699.29   265.092   72.3728     27801   25343.1   53144.1   2382.87   2420.42  0.405463  -119.988   2.66128   2094.27   2319.93   2.80258   35.4452     0.001   124.421   92.0972    89.795   86.6583         0         0         0         0         0
     8600         0         1    699.29   265.784   71.4391   27872.5   25608.9   53481.4   2382.14   2418.93  0.403273  -121.193   2.66222   2093.43   2318.39   2.80478   34.5689     0.001   123.974   91.8041   89.4491   86.3232         0         0         0         0         0
     8500         0         1    699.29   266.464   70.5691     27943   25875.3   53818.4   2381.41   2417.45  0.401226  -122.359   2.66302   2092.59   2316.87   2.80695   33.7506     0.001   123.532   91.6022   89.1014   85.9819         0         0         0         0         0
     8400         0         1    699.29   267.128   70.2056   28013.3   26142.5   54155.7   2380.67   2415.97  0.399304  -123.478   2.66372   2091.77   2315.37   2.80908   33.3156     0.001   123.097   91.4039   88.7553   85.6373         0         0         0         0         0
     8300    0.0004         1    699.29    267.78    70.171   28083.4   26410.2   54493.7   2379.92   2414.51  0.397492  -124.527   2.66431   2090.96   2313.91   2.81116   33.1756     0.001   122.675   91.1623   88.4489   85.3139         0         0         0         0         0
     8200     0.004         1   699.334   268.419   70.3468   28153.8   26678.7   54832.4   2379.19   2413.09  0.395791  -125.497   2.66483   2090.34   2312.68   2.81313   33.1891     0.001   122.278   90.8943   88.2185   85.1137         0         0         0         0         0
     8100         0         1    699.73   269.052   70.6412   28224.4   26947.7   55172.1   2378.48   2411.74  0.394196  -126.385   2.66527   2090.61    2312.5   2.81486   33.2735     0.001   121.903   90.6141   88.0172   84.9313         0         0         0         0         0
     8000         0         1    699.73    269.64   71.2371   28295.6   27217.4     55513    2377.8   2410.44  0.392705  -127.185   2.66565   2088.77   2309.89     2.817   33.8063     0.001   121.546   90.3293   87.7941   84.7321         0         0         0         0         0
     7900         0         1    699.73   270.216    71.989   28367.6   27487.6   55855.2   2377.13   2409.19  0.391305  -127.895   2.66598   2088.06   2308.61   2.81883    34.364     0.001     121.2   90.0428   87.5564   84.5175         0         0         0         0         0
     7800         0         1    699.73    270.78   72.9057   28440.5   27758.4   56198.9   2376.48   2407.96   0.38998  -128.512   2.66627   2087.39   2307.38    2.8206   35.0749     0.001   120.865   89.7562   87.3091   84.2901         0         0         0         0         0
     7700         0         1    699.73   271.335   73.9747   28514.5   28029.7   56544.2   2375.83   2406.76  0.388718  -129.036   2.66651   2086.72   2306.18   2.82233   35.9247     0.001   120.542   89.4703   87.0554   84.0527         0         0         0         0         0
     7600         0         1    699.73   271.881   75.2064   28589.7   28301.6   56891.3   2375.19   2405.58  0.387511  -129.465   2.66673   2086.07      2305   2.82402   36.9248     0.001   120.226   89.1859   86.7972   83.8076         0         0         0         0         0
     7500         0         1    699.73    272.42   76.5714   28666.3     28574   57240.3   2374.56   2404.42  0.386351  -129.798   2.66691   2085.43   2303.83   2.82569   38.0509     0.001   119.918   88.9035    86.536   83.5568         0         0         0         0         0
     7400         0         1    699.73   272.953     76.98   28743.3   28846.9   57590.2   2373.93   2403.26  0.385231  -130.055   2.66707    2084.8   2302.68   2.82734   38.4945     0.001   119.615   88.6292   86.2729   83.3018         0         0         0         0         0
     7300         0         1    699.73   273.479     76.84   28820.1   29120.4   57940.5    2373.3   2402.12  0.384148  -130.294   2.66721   2084.17   2301.55   2.82896   38.4483     0.001   119.319   88.4309   86.0095   83.0441         0         0         0         0         0
     7200         0         1    699.73   273.992   76.4248   28896.5   29394.4     58291   2372.68   2400.99  0.383097  -130.536   2.66733   2083.54   2300.43   2.83056   38.1683     0.001   119.029   88.2798    85.749   82.7851         0         0         0         0         0
     7100         0         1    699.73   274.491   75.8255   28972.4   29668.9   58641.3   2372.06   2399.86  0.382077   -130.79   2.66743   2082.92   2299.33   2.83212   37.7289     0.001   118.747    88.146   85.4929   82.5266         0         0         0         0         0
     7000         0         1    699.73   274.975    75.091   29047.5   29943.9   58991.3   2371.45   2398.75  0.381087  -131.062   2.66752   2082.31   2298.25   2.83363   37.1704     0.001   118.473   87.9941   85.2629   82.2725         0         0         0         0         0
     6900         0         1    699.73   275.444   74.2647   29121.7   30219.3     59341   2370.85   2397.67  0.380132  -131.352   2.66759   2081.72   2297.21    2.8351   36.5276     0.001   118.207   87.8183    85.079   82.0926         0         0         0         0         0
     6800         0         1    699.73   275.899   73.3666   29195.1   30495.2   59690.3   2370.27   2396.63  0.379224  -131.661   2.66766   2081.16   2296.21   2.83652   35.8183     0.001    117.95   87.6297   84.9301   81.9774         0         0         0         0         0
     6700         0         1    699.73   276.337   72.4215   29267.5   30771.6   60039.1   2369.72   2395.65  0.378365  -131.989   2.66772   2080.63   2295.27   2.83787   35.0609     0.001   117.703   87.4355   84.7985   81.8615         0         0         0         0         0
     6600         0         1    699.73   276.759   71.4584     29339   31048.3   60387.3   2369.19   2394.72  0.377548  -132.336   2.66777   2080.14   2294.37   2.83917   34.2816     0.001   117.464   87.2397   84.6594    81.735         0         0         0         0         0
     6500         0         1    699.73   277.167   70.4659   29409.4   31325.5   60734.9   2368.69   2393.83  0.376768  -132.701   2.66781   2079.66   2293.51   2.84042   33.4718     0.001   117.234   87.0442   84.5068   81.5982         0         0         0         0         0
     6400         0         1    699.73   277.566   69.7629   29479.2   31603.1   61082.3    2368.2   2392.97  0.376021  -133.079   2.66785    2079.2   2292.68   2.84164   32.8696     0.001   117.011   86.8493   84.3461   81.4523         0         0         0         0         0
     6300         0         1    699.73   277.957   69.2293   29548.4     31881   61429.4   2367.73   2392.13    0.3753  -133.452   2.66788   2078.75   2291.86   2.84282   32.4176     0.001   116.795   86.6556   84.1802   81.2989         0         0         0         0         0
     6200         0         1    699.73   278.341   68.7933   29617.2   32159.4   61776.6   2367.27   2391.31  0.374602  -133.815   2.66791    2078.3   2291.06   2.84398   32.0462     0.001   116.584   86.4633   84.0107   81.1398         0         0         0         0         0
     6100         0         1    699.73    278.72   68.4445   29685.7   32438.1   62123.7   2366.82   2390.51  0.373923  -134.165   2.66794   2077.86   2290.27   2.84512   31.7485     0.001   116.378   86.2727   83.8386   80.9762         0         0         0         0         0
     6000         0         1    699.73   279.094    68.153   29753.8   32717.2     62471   2366.37   2389.72  0.373262    -134.5   2.66796   2077.43   2289.49   2.84625   31.5006     0.001    116.17   86.0839   83.6649   80.8094         0         0         0         0         0
     5900         0         1    699.73   279.465   67.9065   29821.7   32996.6   62818.4   2365.93   2388.93  0.372615  -134.819   2.66798      2077   2288.72   2.84736    31.292     0.001   115.959   85.8965   83.4897     80.64         0         0         0         0         0
     5800         0         1    699.73   279.834   67.6957   29889.4   33276.5   63165.9   2365.49   2388.16   0.37198  -135.122   2.66799   2076.58   2287.96   2.84846   31.1155     0.001   115.746   85.7098   83.3131   80.4688         0         0         0         0         0
     5700         0         1    699.73   280.202   67.5148   29956.9   33556.7   63513.6   2365.06   2387.39  0.371355  -135.409   2.66801   2076.15   2287.19   2.84955   30.9663     0.001   115.534   85.5237   83.1354    80.296         0         0         0         0         0
     5600         0         1    699.73    280.57   67.3603   30024.3   33837.2   63861.5   2364.63   2386.62  0.370738  -135.681   2.66802   2075.73   2286.43   2.85064   30.8414     0.001   115.321   85.3502   82.9568    80.122         0         0         0         0         0
     5500         0         1    699.73   280.936   67.2294   30091.5   34118.2   64209.7    2364.2   2385.86  0.370128  -135.937   2.66803   2075.31   2285.68   2.85172   30.7384     0.001    115.11   85.2198   82.7785   79.9472         0         0         0         0         0
     5400         0         1    699.73   281.296   66.3791   30157.9   34399.5   64557.4   2363.78    2385.1  0.369526  -136.193   2.66804   2074.89   2284.93    2.8528   30.1012     0.001     114.9     85.11   82.6018   79.7722         0         0         0         0         0
     5300         0         1    699.73    281.65   65.0896     30223   34681.1   64904.1   2363.35   2384.35   0.36893  -136.487   2.66805   2074.47   2284.19   2.85386   29.0655     0.001   114.693   85.0086   82.4274   79.5977         0         0         0         0         0
     5200         0         1    699.73   281.998   63.5649   30286.6   34963.1   65249.7   2362.93    2383.6  0.368342  -136.834   2.66805   2074.06   2283.46   2.85489     27.82     0.001    114.49   84.9097   82.2562   79.4243         0         0         0         0         0
     5100         0         1    699.73   282.339   61.8904   30348.4   35245.5   65593.9   2362.51   2382.86  0.367762  -137.239   2.66806   2073.65   2282.74   2.85591   26.4377     0.001   114.298   84.8113   82.1065   79.2551         0         0         0         0         0
     5000         0         1    699.73   282.671   60.0826   30408.5   35528.1   65936.7    2362.1   2382.12  0.367194  -137.704   2.66806   2073.26   2282.04   2.85691   24.9321     0.001   114.119   84.7133   81.9746   79.1215         0         0         0         0         0
     4900         0         1    699.73    282.99   58.1935   30466.7   35811.1   66277.8   2361.71   2381.42  0.366647  -138.228   2.66807   2072.87   2281.36   2.85788   23.3438     0.001   113.949   84.6079   81.8627   79.0342         0         0         0         0         0
     4800         0         1    699.73   283.298   56.2265   30522.9   36094.4   66617.4   2361.33   2380.76  0.366126   -138.81   2.66807   2072.51   2280.72    2.8588   21.6795     0.001   113.787   84.4926   81.7669   78.9696         0         0         0         0         0
     4700         0         1    699.73   283.592    54.199   30577.1     36378   66955.2   2360.97   2380.13  0.365632  -139.448   2.66808   2072.17   2280.12   2.85969   19.9508     0.001   113.633   84.3725   81.6805   78.9075         0         0         0         0         0
     4600         0         1    699.73   283.875   52.1417   30629.3   36661.9   67291.2   2360.63   2379.54  0.365161  -140.142   2.66808   2071.85   2279.54   2.86053   18.1863     0.001   113.485   84.2507   81.5956   78.8349         0         0         0         0         0
     4500         0         1    699.73   284.147    50.034   30679.3     36946   67625.4   2360.31   2378.98  0.364711   -140.89   2.66808   2071.55      2279   2.86135   16.3694     0.001   113.344   84.1289   81.5093   78.7556         0         0         0         0         0
     4400         0         1    699.73   284.411   48.2589   30727.6   37230.4     67958      2360   2378.43   0.36428  -141.682   2.66808   2071.25   2278.47   2.86213   14.7876     0.001   113.208   84.0081   81.4209   78.6716         0         0         0         0         0
     4300         0         1    699.73   284.666     46.67   30774.3   37515.1   68289.4   2359.69    2377.9  0.363864  -142.499   2.66808   2070.97   2277.96    2.8629   13.3693     0.001   113.077   83.8887   81.3307   78.5844         0         0         0         0         0
     4200         0         1    699.73   284.915   45.1754   30819.4     37800   68619.5    2359.4   2377.39  0.363464  -143.333   2.66809    2070.7   2277.46   2.86364   12.0259     0.001    112.95    83.771    81.239   78.4947         0         0         0         0         0
     4100         0         1    699.73   285.158   43.7563   30863.2   38085.2   68948.4   2359.12   2376.89  0.363076  -144.179   2.66809   2070.43   2276.98   2.86437   10.7436     0.001   112.827   83.6553   81.1462   78.4032         0         0         0         0         0
     4000         0         1    699.73   285.396    42.381   30905.6   38370.6   69276.1   2358.84    2376.4    0.3627  -145.034   2.66809   2070.16    2276.5   2.86508    9.4966     0.001   112.707   83.5415   81.0508   78.3102         0         0         0         0         0
     3900         0         1    699.73   285.629   41.0346   30946.6   38656.2   69602.8   2358.56   2375.93  0.362334  -145.898   2.66809    2069.9   2276.03   2.86577   8.27233     0.001   112.591   83.4295   80.9525   78.2154         0         0         0         0         0
     3800         0         1    699.73   285.858   39.7068   30986.3   38942.1   69928.4   2358.29   2375.45  0.361977  -146.769   2.66809   2069.64   2275.57   2.86646   7.06254     0.001   112.477   83.3193   80.8526    78.119         0         0         0         0         0
     3700         0         1    699.73   286.084   37.8055   31024.1   39228.1   70252.3   2358.03   2374.99  0.361628  -147.652   2.66809   2069.39   2275.12   2.86714   5.46132     0.001   112.365   83.2106   80.7521   78.0213         0         0         0         0         0
     3600         0         1    699.73   286.307    34.318   31058.4   39514.5   70572.9   2357.77   2374.53  0.361286  -148.618   2.66809   2069.13   2274.66    2.8678   2.52279     0.001   112.255   83.1034   80.6512   77.9227         0         0         0         0         0
     3500         0         1    699.73   286.528   30.1558   31088.6     39801   70889.6   2357.51   2374.07   0.36095  -149.724   2.66809   2068.88   2274.22   2.86846   -1.0107     0.001   112.147   82.9976   80.5504   77.8235         0         0         0         0         0
     3400         0         1    699.73   286.746    25.757   31114.3   40087.7   71202.1   2357.25   2373.62   0.36062  -150.985   2.66809   2068.63   2273.78   2.86912  -4.79287     0.001    112.04   82.8932   80.4497    77.724         0         0         0         0         0
     3300         0         1    699.73   286.961   21.1241   31135.5   40374.7   71510.2      2357   2373.17  0.360295  -152.396   2.66809   2068.38   2273.34   2.86976  -8.78866     0.001   111.935     82.79   80.3492   77.6244         0         0         0         0         0
     3200         0         1    699.73   287.175   16.8346   31152.3   40661.9   71814.2   2356.75   2372.73  0.359974  -153.952   2.66809   2068.14    2272.9    2.8704  -12.6102     0.001   111.831   82.6881   80.2493    77.525         0         0         0         0         0
     3100         0         1    699.73   287.386   13.9108   31166.2   40949.2   72115.5    2356.5   2372.29  0.359657  -155.581    2.6681   2067.89   2272.47   2.87104  -15.3041     0.001   111.728   82.5874   80.1498   77.4257         0         0         0         0         0
     3000         0         1    699.73   287.596   11.4633   31177.7   41236.8   72414.5   2356.25   2371.85  0.359345  -157.226    2.6681   2067.65   2272.04   2.87166  -17.5943     0.001   111.627   82.4878   80.0509   77.3269         0         0         0         0         0
     2900         0         1    699.73   287.803   9.34688     31187   41524.6   72711.7      2356   2371.41  0.359036  -158.864    2.6681   2067.41   2271.62   2.87229  -19.6055     0.001   111.527   82.3893   79.9527   77.2285         0         0         0         0         0
     2800         0         1    699.73   288.009   7.46209   31194.5   41812.7   73007.1   2355.76   2370.98  0.358731  -160.485    2.6681   2067.17    2271.2    2.8729  -21.4175     0.001   111.427   82.2919   79.8551   77.1306         0         0         0         0         0
     2700         0         1    699.73   288.213   5.56932   31200.1   42100.9   73300.9   2355.52   2370.55  0.358429  -162.083    2.6681   2066.93   2270.78   2.87352  -23.2041     0.001   111.329   82.2087   79.7583   77.0333         0         0         0         0         0
     2600         0         1    699.73   288.414   3.32583   31203.4   42389.3   73592.7   2355.28   2370.13  0.358131  -163.678    2.6681    2066.7   2270.37   2.87412  -25.2818     0.001   111.232   82.1405   79.6628   76.9367         0         0         0         0         0
     2500         0         1    699.73   288.611  0.978334   31204.4   42677.9   73882.3   2355.04    2369.7  0.357836  -165.286    2.6681   2066.47   2269.96   2.87472  -27.4501     0.001   111.137   82.0795   79.5691   76.8411         0         0         0         0         0
     2400         0         1    699.73   288.803  -1.39749   31205.8   42966.7   74172.5    2354.8   2369.29  0.357546  -166.911    2.6681   2066.23   2269.56    2.8753  -29.6484     0.001   111.044   82.0219   79.4772   76.7468         0         0         0         0         0
     2300         0         1    699.73   288.991  -3.79892   31209.6   43255.7   74465.2   2354.57   2368.87  0.357261  -168.553    2.6681   2066.01   2269.17   2.87588  -31.8698     0.001   110.952   81.9656   79.3871   76.6538         0         0         0         0         0
     2200         0         1    699.73   289.174  -6.06358   31215.6   43544.9   74760.5   2354.33   2368.47  0.356981  -170.212    2.6681   2065.79   2268.79   2.87644  -34.0037     0.001   110.863   81.9097   79.2986   76.5622         0         0         0         0         0
     2100         0         1    699.73   289.354  -7.90798   31223.5   43834.2   75057.7   2354.11   2368.06  0.356705  -171.867    2.6681   2065.57   2268.41   2.87699  -35.7857     0.001   110.776   81.8537   79.2124   76.4722         0         0         0         0         0
     2000         0         1    699.73    289.53  -9.58279   31233.1   44123.7   75356.9   2353.88   2367.67  0.356436  -173.503    2.6681   2065.35   2268.04   2.87753  -37.4201     0.001   110.691   81.7973   79.1332   76.3846         0         0         0         0         0
     1900         0         1    699.73   289.702  -11.1299   31244.2   44413.5   75657.7   2353.66   2367.28  0.356172  -175.113    2.6681   2065.14   2267.68   2.87806  -38.9431     0.001   110.607   81.7407   79.0586   76.3005         0         0         0         0         0
     1800         0         1    699.73    289.87  -12.5785   31256.8   44703.3   75960.1   2353.44    2366.9  0.355915  -176.694    2.6681   2064.94   2267.32   2.87858  -40.3782     0.001   110.526   81.6839   78.9877   76.2292         0         0         0         0         0
     1700         0         1    699.73   290.034  -14.0447   31270.9   44993.4   76264.2   2353.23   2366.53  0.355669  -178.244    2.6681   2064.74   2266.98   2.87908  -41.8082     0.001   110.447    81.627   78.9245   76.1793         0         0         0         0         0
     1600         0         1    699.73   290.193  -15.7083   31286.6   45283.5   76570.1   2353.03   2366.18  0.355435  -179.774    2.6681   2064.55   2266.65   2.87957  -43.4001     0.001    110.37   81.5702   78.8689   76.1407         0         0         0         0         0
     1500         0         1    699.73   290.347  -17.4261     31304   45573.9   76877.9   2352.84   2365.86  0.355214  -181.294    2.6681   2064.37   2266.34   2.88004  -45.0371     0.001   110.295   81.5137   78.8192   76.1088         0         0         0         0         0
     1400         0         1    699.73   290.495  -19.1831   31323.2   45864.4   77187.6   2352.67   2365.55  0.355006  -182.807    2.6681    2064.2   2266.04    2.8805  -46.7059     0.001   110.223   81.4578   78.7738   76.0811         0         0         0         0         0
     1300         0         1    699.73   290.637  -20.9633   31344.1     46155   77499.2    2352.5   2365.26   0.35481  -184.314    2.6681   2064.04   2265.76   2.88094  -48.3942     0.001   110.153   81.4024   78.7315   76.0561         0         0         0         0         0
     1200         0         1    699.73   290.774  -22.4706   31366.6   46445.8   77812.4   2352.34   2364.99  0.354627  -185.815    2.6681   2063.89   2265.49   2.88136  -49.8968     0.001   110.086   81.3477   78.6916   76.0331         0         0         0         0         0
     1100         0         1    699.73   290.905  -23.2037   31389.8   46736.7   78126.5   2352.19   2364.73  0.354455  -187.273    2.6681   2063.75   2265.24   2.88177  -50.7455     0.001   110.021   81.2936   78.6535   76.0113         0         0         0         0         0
     1000         0         1    699.73   291.032   -23.607   31413.4   47027.7   78441.2   2352.05   2364.49  0.354293  -188.663    2.6681   2063.61      2265   2.88216  -51.3032     0.001   109.959   81.2401   78.6161   75.9851         0         0         0         0         0
      900         0         1    699.73   291.154  -23.6576   31437.1   47318.9     78756   2351.91   2364.25   0.35414  -189.971    2.6681   2063.49   2264.76   2.88254  -51.5609     0.001   109.899   81.1873   78.5778   75.9543         0         0         0         0         0
      800         0         1    699.73   291.272  -23.4442   31460.5   47610.2   79070.7   2351.78   2364.03  0.353995  -191.187    2.6681   2063.36   2264.54   2.88291  -51.5787     0.001   109.842   81.1351   78.5382   75.9201         0         0         0         0         0
      700         0         1    699.73   291.387  -22.9172   31483.4   47901.6     79385   2351.65   2363.81  0.353855  -192.306    2.6681   2063.24   2264.32   2.88327  -51.3343     0.001   109.786   81.0833   78.4976   75.8836         0         0         0         0         0
      600         0         1    699.73   291.499  -21.9166   31505.4     48193   79698.4   2351.53   2363.59  0.353721  -193.312    2.6681   2063.12   2264.11   2.88362   -50.675     0.001   109.732   81.0335   78.4559   75.8452         0         0         0         0         0
      500         0         1    699.73   291.609  -20.6349     31526   48484.7   80010.7   2351.41   2363.38  0.353591  -194.195    2.6681   2063.01    2263.9   2.88397  -49.7587     0.001   109.679   80.9879   78.4136   75.8054         0         0         0         0         0
      400         0         1    699.73   291.716  -19.0465     31545   48776.4   80321.4   2351.29   2363.17  0.353466  -194.948    2.6681   2062.89   2263.69   2.88431  -48.5709     0.001   109.628   80.9465   78.3711   75.7647         0         0         0         0         0
      300         0         1    699.73    291.82  -17.2079   31562.2   49068.2   80630.4   2351.17   2362.97  0.353345  -195.567    2.6681   2062.78   2263.49   2.88465  -47.1494     0.001   109.578   80.9074   78.3287   75.7233         0         0         0         0         0
      200         0         1    699.73   291.922  -14.8922   31577.1   49360.1   80937.3   2351.05   2362.76  0.353227  -196.048    2.6681   2062.66   2263.29   2.88497  -45.3462     0.001   109.529   80.8677   78.2866   75.6815         0         0         0         0         0
      100         0         1    699.73   292.021   -11.658   31588.8   49652.1   81240.9   2350.94   2362.56  0.353113  -196.356    2.6681   2062.55    2263.1    2.8853  -42.7465     0.001   109.482   80.8253   78.2445   75.6397         0         0         0         0         0
        0         0         1    699.73   292.119  -7.93639   31596.7   49944.3     81541   2350.83   2362.36  0.353001  -196.467    2.6681   2062.44    2262.9   2.88562  -39.7035     0.001   109.435   80.7808   78.2025   75.5978         0         0         0         0         0