    20000         0         1         0   187.948   365.085   365.085   187.948   553.033   2341.68   2425.58    0.6884   15.9048   2.49734   2048.25   2344.34   2.72726   282.674     0.001   107.636   92.0964   89.5112   88.8986         0         0         0         0         0
    19900         0         1         0   187.948   364.222   729.307   375.896    1105.2   2341.68   2425.58  0.688551   15.7588   2.49734   2048.25   2344.34   2.72741   281.904     0.001   107.636   92.0964   89.5112   88.8986         0         0         0         0         0
    19800         0         1         0   187.948   363.638   1092.95   563.844   1656.79   2341.68   2425.58  0.688701   15.6176   2.49734   2048.25   2344.34   2.72756   281.339     0.001   107.636   92.0964   89.5112   88.8986         0         0         0         0         0
    19700         0         1         0   187.948   363.429   1456.37   751.792   2208.17   2341.68   2425.58  0.688851   15.4963   2.49734   2048.25   2344.34    2.7277    281.07     0.001   107.636   92.0964   89.5112   88.8986         0         0         0         0         0
    19600         0         1         0   187.948   363.507   1819.88   939.741   2759.62   2341.68   2425.58  0.689002   15.4101   2.49734   2048.25   2344.34   2.72785   281.045     0.001   107.636   92.0964   89.5112   88.8986         0         0         0         0         0
    19500         0         1         0   187.948   361.776   2181.66   1127.69   3309.35   2341.68   2425.58  0.689152   15.3344   2.49734   2048.25   2344.34     2.728   279.849     0.001   107.636   92.0964   89.5112   88.8986         0         0         0         0         0
    19400         0         1         0   187.948   358.969   2540.63   1315.64   3856.26   2341.68   2425.58  0.689302   15.1783   2.49734   2048.25   2344.34   2.72815   277.734     0.001   107.636   92.0964   89.5112   88.8986         0         0         0         0         0
    19300         0         1         0   187.948   356.401   2897.03   1503.58   4400.61   2341.68   2425.58  0.689452   14.9169   2.49734   2048.25   2344.34    2.7283   275.681     0.001   107.636   92.0964   89.5112   88.8986         0         0         0         0         0
    19200         0         1         0   187.948   353.856   3250.88   1691.53   4942.42   2341.68   2425.58  0.689602   14.5704   2.49734   2048.25   2344.34   2.72845   273.656     0.001   107.636   92.0964   89.5112   88.8986         0         0         0         0         0
    19100         0         1         0   187.948   353.032   3603.92   1879.48    5483.4   2341.68   2425.58  0.689752   14.1716   2.49734   2048.25   2344.34   2.72859   272.757     0.001   107.636   92.0964   89.5112   88.8986         0         0         0         0         0
    19000         0         1         0   187.948   353.243   3957.16   2067.43   6024.59   2341.68   2425.58  0.689901   13.8067   2.49734   2048.25   2344.34   2.72874   272.733     0.001   107.636   92.0964   89.5112   88.8986         0         0         0         0         0
    18900         0         1         0   187.948   351.625   4308.78   2255.38   6564.16   2341.68   2425.58  0.690051   13.4738   2.49734   2048.25   2344.34   2.72889   271.574     0.001   107.636   92.0964   89.5112   88.8986         0         0         0         0         0
    18800         0         1         0   187.948   348.984   4657.77   2443.33   7101.09   2341.68   2425.58  0.690201   13.0782   2.49734   2048.25   2344.34   2.72904   269.522     0.001   107.636   92.0964   89.5112   88.8986         0         0         0         0         0
    18700    0.0241         1    0.0241   187.948    347.18   5004.95   2631.27   7636.22   2341.69   2425.59  0.690346   12.6002   2.49734   2048.25   2344.34   2.72919   267.947     0.001   107.636   92.0964   89.5112   88.8986         0         0         0         0         0
    18600    0.0002         1    2.4102   187.956   345.738   5350.69   2819.23   8169.92   2342.95   2426.85  0.690135   11.5596   2.49734    2048.4   2344.52   2.72927   266.687     0.001   107.636   92.0963   89.5114   88.8996         0         0         0         0         0
    18500    0.0156         1    2.4456   187.965   344.368   5695.05   3007.19   8702.25   2342.72   2426.62  0.690387   11.1604   2.49734   2048.58   2344.72   2.72938   265.498     0.001   107.636   92.0963    89.512   88.9011         0         0         0         0         0
    18400    0.0207         1    4.0107   187.975   343.042    6038.1   3195.17   9233.26   2343.36   2427.28  0.690378   10.3692   2.49734    2048.7   2344.86   2.72949   264.338     0.001   107.636   92.0963   89.5129   88.9029         0         0         0         0         0
    18300    0.0112         1    6.0712    187.99   339.917   6378.01   3383.16   9761.17   2344.14   2428.07  0.690337    9.4831   2.49734   2048.93   2345.11   2.72957   261.968     0.001   107.636   92.0963   89.5141   88.9057         0         0         0         0         0
    18200         0         1      7.18   188.005   335.706   6713.72   3571.16   10284.9   2344.28   2428.23  0.690495   8.75573   2.49734   2049.14   2345.35   2.72968   258.664     0.001   107.635   92.0963   89.5159   88.9089         0         0         0         0         0
    18100         0         1      7.18   188.015   332.169   7045.89   3759.18   10805.1   2343.84   2427.79  0.690815   8.14023   2.49734    2049.2   2345.42   2.72984   255.708     0.001   107.635   92.0965   89.5178   88.9117         0         0         0         0         0
    18000         0         1      7.18    188.02   328.906   7374.79    3947.2     11322    2343.5   2427.46  0.691077   7.37267   2.49734   2049.16   2345.36   2.73001   252.991     0.001   107.636   92.0967   89.5195   88.9138         0         0         0         0         0
    17900         0         1      7.18   188.023    328.04   7702.83   4135.22   11838.1   2343.24    2427.2  0.691298   6.52225   2.49734   2049.11   2345.29   2.73019    251.87     0.001   107.636   92.0972    89.521   88.9154         0         0         0         0         0
    17800    0.0038         1    7.1838   188.024    328.65   8031.48   4323.25   12354.7   2343.03      2427  0.691491   5.71782   2.49734   2049.05   2345.22   2.73036   251.995     0.001   107.636   92.0978   89.5222   88.9165         0         0         0         0         0
    17700    0.0162         1    7.5762   188.025   326.816    8358.3   4511.27   12869.6   2343.08   2427.04  0.691607   4.87994   2.49734   2049.02   2345.18   2.73053   250.619     0.001   107.637   92.0985   89.5232   88.9174         0         0         0         0         0
    17600    0.0278         1    9.2078   188.031   323.611   8681.91    4699.3   13381.2   2343.77   2427.73  0.691541    3.7154   2.49734   2049.11   2345.28   2.73064   248.046     0.001   107.638   92.0993   89.5241   88.9187         0         0         0         0         0
    17500    0.0291         1   11.9891   188.046   323.657   9005.57   4887.35   13892.9   2344.93   2428.89  0.691361   2.32469   2.49734   2049.37   2345.58   2.73071   247.539     0.001   107.638      92.1   89.5253   88.9212         0         0         0         0         0
    17400    0.0293         1   14.8993    190.79   356.278   9361.85   5078.14     14440   2340.43   2430.35  0.730927  0.260415   2.44051   2089.25    2390.3   2.64378   294.655     0.001   107.815   92.2116   89.5397   88.8888         0         0         0         0         0
    17300    0.0302         1   17.8302    191.67   366.197   9728.04   5269.81   14997.8   2337.35   2432.52  0.763336 -0.242854   2.39082    2098.5    2400.4   2.62369   303.325     0.001   107.874   92.3482   89.6993   89.0535         0         0         0         0         0
    17200    0.0386         1   20.8586   192.177   372.176   10100.2   5461.98   15562.2   2335.06   2434.88  0.791455 -0.293641   2.34741    2103.3   2405.57   2.61391   308.408     0.001   107.813   92.5015    89.952   89.3626         0         0         0         0         0
    17100     0.054         1    24.734   192.678    375.92   10476.1   5654.66   16130.8   2333.74   2437.66   0.81594  -0.31562    2.3095   2107.12   2409.56    2.6062   311.622     0.001   107.676   92.6898   90.2882   89.7765         0         0         0         0         0
    17000    0.0761         1   30.1561   193.289   378.121   10854.3   5847.95   16702.2   2333.54    2441.1  0.837103 -0.562579   2.27638   2110.54   2412.93    2.5992   313.578     0.001   107.505   92.9391   90.7011   90.2696         0         0         0         0         0
    16900    0.0536         1   37.7436    194.04   374.396   11228.7   6041.99   17270.6   2334.63   2445.39  0.855209  -1.26429   2.24743   2113.77   2415.88   2.59271   311.104     0.001   107.334   93.2794   91.1785    90.824         0         0         0         0         0
    16800    0.0371         1   43.0871   194.921   366.611   11595.3   6236.91   17832.2   2334.43   2448.03  0.871493  -1.61748    2.2221   2116.85   2418.48   2.58676   304.948     0.001   107.186   93.6804   91.7127    91.425         0         0         0         0         0
    16700    0.0418         1   46.8018   195.911   357.601   11952.9   6432.82   18385.7   2333.53   2449.63  0.885981  -2.01802   2.19994   2119.74   2420.71   2.58138   297.529     0.001   107.074   94.1397   92.2925   92.0346         0         0         0         0         0
    16600    0.0551         1   50.9951   196.994   347.476   12300.3   6629.82   18930.2   2333.18   2451.46  0.898399  -3.02543   2.18051   2122.45    2422.6   2.57648   289.173     0.001   107.007   94.6481   92.8949    92.605         0         0         0         0         0
    16500    0.0685         1   56.5185   198.162   348.389   12648.7   6827.98   19476.7   2333.73    2453.9  0.908823    -4.599   2.16347   2125.01   2424.22   2.57195   288.772     0.001   106.985   95.1889   93.5197   93.2189         0         0         0         0         0
    16400    0.0958         1   63.3958   199.406   356.726   13005.5   7027.39   20032.8   2335.03   2456.86  0.917515  -6.05472    2.1485    2127.5   2425.66   2.56771   295.303     0.001   107.009    95.721    94.165   93.8618         0         0         0         0         0
    16300     0.106         1    72.986   200.722   361.793   13367.3   7228.11   20595.4   2337.71   2460.98  0.924425  -7.48771   2.13534   2129.97      2427   2.56367   300.115     0.001   107.073   96.3083   94.8183   94.5223         0         0         0         0         0
    16200    0.1045         1   83.5845   202.102   365.098   13732.4   7430.21   21162.6   2340.61   2465.16  0.930181   -8.6532   2.12376   2132.48   2428.31    2.5598   303.158     0.001   107.176    96.933   95.4789   95.1921         0         0         0         0         0
    16100    0.1023         1   94.0323   203.532   356.197   14088.5   7633.74   21722.3   2343.13   2468.79  0.935165  -9.57346   2.11354   2135.01    2429.6   2.55608   297.138     0.001   107.314   97.5846   96.1388   95.7853         0         0         0         0         0
    16000    0.0983         1   104.258   205.003   338.942   14427.5   7838.74   22266.2   2345.29   2471.91  0.939451  -10.9286   2.10453   2137.53   2430.85    2.5525   283.368     0.001   107.483   98.2479   96.7877   96.3756         0         0         0         0         0
    15900       0.1         1    114.09   206.504   330.062   14757.6   8045.25   22802.8   2347.07   2474.54  0.943132  -12.7926   2.09656   2140.02   2432.03   2.54903   275.014     0.001   107.678   98.8955   97.4349   96.9818         0         0         0         0         0
    15800    0.1027         1   124.093   208.031   326.372   15083.9   8253.28   23337.2   2348.86   2477.04  0.946135   -14.781    2.0895   2142.46   2433.14   2.54563    271.65     0.001   107.895   99.5144   98.0727   97.5929         0         0         0         0         0
    15700    0.0998         1    134.36    209.58   323.917   15407.8   8462.86   23870.7    2350.7   2479.49  0.948515  -16.7114   2.08323   2144.87   2434.18   2.54226   269.536     0.001    108.13   100.151   98.6994   98.2007         0         0         0         0         0
    15600    0.0966         1   144.337   211.145   322.513   15730.4   8674.01   24404.4   2352.27   2481.59  0.950465  -18.4122   2.07766   2147.23   2435.18    2.5389   268.289     0.001    108.38   100.799   99.3169   98.7994         0         0         0         0         0
    15500    0.0954         1   153.995   212.722   320.323   16050.7   8886.73   24937.4    2353.6   2483.36  0.952023  -19.8897   2.07269   2149.54   2436.13   2.53553   266.595     0.001   108.638   101.449   99.9195   99.3019         0         0         0         0         0
    15400     0.097         1   163.537   214.305    317.71   16368.4   9101.03   25469.4   2354.84   2484.94  0.953174   -21.272   2.06825   2151.81   2437.02   2.53213   264.479     0.001   108.899   102.091   100.495   99.7927         0         0         0         0         0
    15300    0.1206         1   173.261   215.895   316.767   16685.2   9316.93   26002.1   2356.15   2486.52  0.953901  -22.6248   2.06427   2154.03   2437.87   2.52869   263.606     0.001    109.16   102.689   101.055   100.291         0         0         0         0         0
    15200    0.1424         1   185.342   217.494   316.955   17002.1   9534.42   26536.5   2358.68   2489.27  0.953793  -24.3386   2.06068   2156.25   2438.71   2.52513   263.806     0.001    109.42    103.26   101.596   100.788         0         0         0         0         0
    15100    0.1877         1   199.628   219.107   323.647   17325.8   9753.53   27079.3   2362.15   2492.91  0.953049  -26.1388   2.05744   2158.51   2439.61   2.52144   269.003     0.001   109.677   103.835    102.12   101.278         0         0         0         0         0
    15000    0.2303         1    218.44    220.74    334.86   17660.6   9974.27   27634.9   2367.66   2498.56  0.951301  -28.1413   2.05449    2160.9   2440.66   2.51754    278.44     0.001    109.93   104.408    102.63   101.761         0         0         0         0         0
    14900    0.2164         1   241.456   222.397   343.468   18004.1   10196.7   28200.7    2374.7   2505.73  0.948848  -30.0601    2.0518    2163.5   2441.95   2.51341   286.362     0.001   110.179   104.974    103.13   102.237         0         0         0         0         0
    14800      0.18         1    263.06   224.071    350.66   18354.7   10420.7   28775.5   2380.04    2511.2  0.947038  -30.7825   2.04932   2166.32   2443.49   2.50913   292.897     0.001   110.425   105.529   103.622    102.68         0         0         0         0         0
    14700    0.1264         1   281.006   225.685   341.733   18696.5   10646.4   29342.9   2382.82   2514.09  0.946165  -30.3615   2.04703   2169.16   2445.13   2.50533   287.225     0.001   110.665   106.068   104.082   103.042         0         0         0         0         0
    14600     0.095         1   293.615   218.269   270.232   18966.7   10864.7   29831.4   2386.53   2511.97  0.902598  -30.3056   2.10852   2138.53    2416.8    2.6604   205.899     0.001   125.954   103.122   101.744   102.776         0         0         0         0         0
    14500    0.0726         1   303.093   216.036   242.681   19209.4   11080.7   30290.1   2388.13   2508.16  0.867512   -34.092   2.16764   2131.53   2410.92   2.68448   179.681     0.001   134.805   99.3864   99.3464   101.782         0         0         0         0         0
    14400    0.0807         1   310.361   216.216   226.073   19435.5   11296.9   30732.4   2389.02   2503.78  0.833368  -38.6836   2.22428   2127.16   2405.48   2.69366   164.612     0.001   139.746   97.2303   98.3292   100.508         0         0         0         0         0
    14300    0.0947         1   318.445   217.245   211.742   19647.2   11514.2   31161.4   2390.89   2500.45  0.798771  -43.5954   2.27761   2123.65   2400.13   2.70141   152.643     0.001   142.539   96.3342    98.073   99.3495         0         0         0         0         0
    14200    0.1003         1    327.92   218.533   199.428   19846.6   11732.7   31579.4    2393.7   2498.18  0.764468  -48.4978   2.32682   2120.77   2395.25   2.70862    142.51     0.001   144.036   96.2181   98.1199     98.53         0         0         0         0         0
    14100    0.1052         1   337.955    219.87   192.831   20039.5   11952.6   31992.1   2396.69   2496.33  0.731566   -52.938   2.37142    2118.4   2390.93   2.71522   136.683     0.001   144.718   96.5118   98.2861    97.958         0         0         0         0         0
    14000    0.1203         1    348.49   221.186   189.794   20229.3   12173.8     32403    2399.7   2494.78  0.700711  -56.7061   2.41127   2116.41   2387.12   2.72122    133.96     0.001   144.882   96.9718   98.4396   97.4895         0         0         0         0         0
    13900     0.107         1   360.507   222.466   184.555   20413.8   12396.2   32810.1   2403.14   2493.99  0.672123  -60.0719   2.44648    2114.8   2383.81   2.72667   130.006     0.001   144.715   97.4538   98.5268   97.0855         0         0         0         0         0
    13800      0.11         1    371.21   223.706   178.338   20592.1   12619.9   33212.1   2405.37   2492.33  0.646388  -62.6833   2.47735   2113.41   2380.83   2.73171   125.121     0.001   144.337   97.8796   98.5324   96.7116         0         0         0         0         0
    13700    0.1149         1   382.215   224.907   173.755   20765.9   12844.9   33610.8   2407.46   2490.85  0.623159   -65.085   2.50423   2112.11      2378   2.73643   121.331     0.001   143.825   98.2118   98.4559   96.3431         0         0         0         0         0
    13600    0.0997         1    393.69   226.077   170.077     20936   13070.9   34006.9   2409.46   2489.58   0.60231  -67.3108   2.52752   2110.96   2375.41   2.74086   118.336     0.001   143.228   98.4374   98.3033   95.9652         0         0         0         0         0
    13500    0.0789         1   403.639   227.217   173.251   21109.2   13298.1   34407.4    2410.3   2487.43  0.583937  -68.8739   2.54763   2109.85    2372.9   2.74512   120.217     0.001    142.58   98.5476   98.0827   95.5688         0         0         0         0         0
    13400    0.0605         1   411.511   228.324   180.609   21289.8   13526.5   34816.3    2409.9   2484.28  0.567821  -69.4776   2.56494   2108.59   2370.25   2.74928   125.791     0.001   141.902   98.5369   97.8124   95.2409         0         0         0         0         0
    13300    0.0722         1   417.572   229.396   177.333   21467.2   13755.9     35223   2408.63   2480.51  0.553653  -69.4131   2.57981   2107.12   2367.41   2.75338   124.249     0.001   141.207   98.4558   97.5332   94.9793         0         0         0         0         0
    13200    0.1068         1   424.827   233.059   199.301   21666.5   13988.9   35655.4   2401.87   2478.92  0.597768  -69.9771   2.51853   2139.74   2402.31   2.64362   158.272     0.001   133.917   98.4413   97.1158    94.702         0         0         0         0         0
    13100    0.1348         1   435.535   235.444   205.936   21872.4   14224.4   36096.8   2398.33   2480.09  0.635042  -70.1826   2.46235   2148.73   2410.63    2.6141   164.712     0.001   128.201   98.5156   96.8552    94.558         0         0         0         0         0
    13000    0.1546         1   449.035   237.414    211.69   22084.1   14461.8   36545.9   2396.85   2482.81  0.667467  -70.4559   2.41206   2153.73   2414.61   2.59856   170.435     0.001   123.748   98.7983   96.8523   94.5607         0         0         0         0         0
    12900    0.1684         1   464.508   239.045   217.754   22301.9   14700.8   37002.7   2396.64   2486.32  0.695728  -70.7381   2.36761   2157.51    2417.5   2.58715   176.129     0.001    120.27   99.2069   97.0196   94.7077         0         0         0         0         0
    12800    0.1791         1   481.359   240.343   223.852   22525.7   14941.2   37466.9   2397.21   2490.17  0.720425  -70.9395   2.32854   2160.67   2419.98   2.57831   181.807     0.001   117.576   99.6884   97.2784    94.973         0         0         0         0         0
    12700    0.1672         1   499.257   241.539   225.675   22751.4   15182.7   37934.1    2398.3   2494.16  0.742119  -71.1173   2.29425   2163.59   2422.28   2.57017   184.113     0.001   115.474   100.202   97.5978   95.3163         0         0         0         0         0
    12600    0.1587         1   515.969   242.845   224.422   22975.8   15425.6   38401.4   2398.67   2497.09  0.761437  -71.0734   2.26412   2166.51   2424.49   2.56157   183.512     0.001   113.818   100.754   97.9758   95.6446         0         0         0         0         0
    12500    0.1469         1   531.827   244.205   223.711   23199.5   15669.8   38869.3   2398.65   2499.33  0.778525  -71.0499   2.23761   2169.38   2426.59   2.55326   183.043     0.001    112.55   101.327   98.3799   96.0283         0         0         0         0         0
    12400    0.1334         1   546.503   245.599    223.18   23422.7   15915.4   39338.1   2398.14   2500.81  0.793683  -70.9621   2.21421   2172.18   2428.58   2.54529   182.781     0.001   111.587   101.889   98.7776   96.4604         0         0         0         0         0
    12300    0.1252         1   559.835   247.018   221.317     23644   16162.4   39806.4   2397.16   2501.56  0.807152   -70.825   2.19352   2174.87   2430.42   2.53764   181.446     0.001    110.86   102.405   99.1782   96.9152         0         0         0         0         0
    12200     0.115         1   572.345   248.459   218.465   23862.5   16410.8   40273.3   2396.05   2501.97  0.819014  -70.8402   2.17518   2177.44   2432.11   2.53025   179.162     0.001   110.317   102.883   99.6075   97.3819         0         0         0         0         0
    12100    0.0913         1   583.821   249.921    217.25   24079.7   16660.8   40740.5    2394.7   2501.95  0.829487  -70.9474   2.15889    2179.9   2433.67   2.52306   178.037     0.001   109.919   103.352    100.06   97.8583         0         0         0         0         0
    12000    0.0843         1   592.944   251.396   217.122   24296.8   16912.2     41209   2392.45   2500.85  0.838962  -70.7649    2.1444   2182.24   2435.07   2.51605   177.945     0.001   109.636   103.822   100.521   98.3392         0         0         0         0         0
    11900    0.0776         1   601.368   252.884   218.059   24514.9     17165   41679.9   2390.33   2499.73  0.847203  -70.6351   2.13148   2184.45   2436.32    2.5092   178.748     0.001   109.448   104.293   100.972   98.8154         0         0         0         0         0
    11800    0.0776         1   609.128   254.386   219.774   24734.7   17419.4   42154.1   2388.31   2498.57  0.854335  -70.4855   2.11996   2186.53   2437.42   2.50243   180.269     0.001   109.337   104.764   101.401   99.1997         0         0         0         0         0
    11700     0.077         1   616.887   255.906   229.317     24964   17675.3   42639.3    2386.7   2497.68  0.860345  -70.2725   2.10967   2188.51   2438.39   2.49571   187.945     0.001   109.289   105.236   101.801   99.5649         0         0         0         0         0
    11600    0.0747         1   624.585   243.742   202.987     25167   17919.1   43086.1   2389.88   2495.44  0.818388  -70.0087   2.16458   2151.36   2405.83   2.67528   147.085     0.001   120.955   102.214   99.4671    99.388         0         0         0         0         0
    11500    0.0715         1   632.051   239.505   184.873   25351.9   18158.6   43510.4    2392.1   2492.87   0.78586  -72.1729   2.21768    2142.7   2399.65   2.70078   131.236     0.001   127.942   98.3964   97.0578   98.4247         0         0         0         0         0
    11400    0.0669         1   639.197   238.877   160.516   25512.4   18397.5   43909.8   2394.18   2490.39  0.754354  -75.6092   2.26874   2137.93   2394.62    2.7081   111.079     0.001   131.924   96.0889   95.9031   97.2439         0         0         0         0         0
    11300    0.0629         1   645.883   239.601   149.093   25661.5   18637.1   44298.5   2396.14   2487.87  0.722757  -79.5794   2.31693   2134.49   2389.84   2.71398   100.374     0.001   134.216   95.1034   95.5143   96.1308         0         0         0         0         0
    11200    0.0577         1   652.168   240.776   144.943   25806.4   18877.8   44684.2   2397.96   2485.29  0.691612  -83.1448   2.36143   2131.62   2385.31   2.71973   96.4382     0.001   135.475   95.0089   95.4839   95.2528         0         0         0         0         0
    11100    0.0537         1   657.934   242.061   137.124   25943.5   19119.9   45063.4   2399.51   2482.62  0.661723  -86.1115   2.40176   2129.09   2381.09    2.7252   90.4431     0.001   136.062   95.2837   95.5722   94.7177         0         0         0         0         0
    11000    0.0491         1   663.299   243.344   127.529   26071.1   19363.2   45434.3   2400.82   2479.93  0.633658  -88.8083   2.43776   2126.79   2377.15   2.73026   82.7731     0.001   136.211   95.5522   95.6807   94.2782         0         0         0         0         0
    10900    0.0449         1   668.205   244.601   122.056   26193.1   19607.8     45801    2401.8   2477.18  0.607765  -91.2879   2.46954   2124.68   2373.48   2.73493   77.9652     0.001    136.07   95.8179   95.7416   93.9012         0         0         0         0         0
    10800    0.0411         1   672.691   245.825   118.931   26312.1   19853.7   46165.7   2402.47   2474.38  0.584178  -93.4292   2.49736   2122.71   2370.02   2.73931   75.2509     0.001   135.738   96.0813   95.7319   93.5544         0         0         0         0         0
    10700    0.0371         1   676.797   247.016   114.838   26426.9   20100.7   46527.6   2402.86   2471.57  0.562894  -95.2782   2.52155   2120.86   2366.73   2.74344   71.9866     0.001   135.284   96.2924   95.6496   93.2145         0         0         0         0         0
    10600    0.0336         1   680.504   248.173   110.305   26537.2   20348.9     46886   2402.95   2468.71  0.543823  -96.9699   2.54248    2119.1    2363.6   2.74736   68.2812     0.001    134.75   96.4291   95.5006   92.8663         0         0         0         0         0
    10500      0.03         1    683.86     249.3   107.566   26644.8   20598.2   47242.9   2402.79   2465.85  0.526815  -98.5537   2.56052   2117.41   2360.59   2.75111    65.842     0.001   134.168   96.4855   95.3319   92.5071         0         0         0         0         0
    10400    0.0264         1   686.856   250.396   105.884   26750.6   20848.5   47599.2   2402.41   2462.98  0.511701  -99.9777   2.57602    2115.8   2357.71   2.75472   64.3401     0.001   133.558   96.4657   95.1484    92.144         0         0         0         0         0
    10300    0.0232         1   689.493   251.459   104.797   26855.4     21100   47955.4   2401.81   2460.11  0.498303  -101.241   2.58932   2114.25   2354.93    2.7582   63.3394     0.001   132.934   96.3779   94.9492   91.8386         0         0         0         0         0
    10200    0.0201         1    691.81   252.492   103.617   26959.1   21352.5   48311.6   2401.08   2457.29  0.486453  -102.364   2.60071   2112.76   2352.26   2.76155   62.3661     0.001   132.306   96.2315   94.7278   91.6317         0         0         0         0         0
    10100    0.0168         1   693.817   253.493   101.369   27060.4     21606   48666.4   2400.22   2454.54   0.47598  -103.419   2.61045   2111.33    2349.7   2.76479   60.5256     0.001   131.682   96.0351   94.4728   91.3807         0         0         0         0         0
    10000    0.0137         1   695.494   254.467   98.7923   27159.2   21860.5   49019.7   2399.24   2451.83  0.466715  -104.461   2.61877   2109.95   2347.22   2.76792   58.4033     0.001   131.076   95.7962   94.1814   91.0834         0         0         0         0         0
     9900    0.0107         1   696.861   255.416   96.0526   27255.3   22115.9   49371.1   2398.15   2449.14  0.458504  -105.518   2.62587    2108.6   2344.81   2.77097   56.1304     0.001   130.484   95.5219   93.8573   90.7501         0         0         0         0         0
     9800    0.0076         1   697.928   256.341   93.1889   27348.5   22372.2   49720.7   2396.98   2446.47  0.451208  -106.605   2.63194   2107.27   2342.46   2.77396    53.745     0.001   129.906   95.2944   93.5061    90.388         0         0         0         0         0
     9700    0.0046         1   698.685   257.239   90.2284   27438.7   22629.5   50068.1   2395.72   2443.81  0.444709  -107.727   2.63712   2105.96   2340.15   2.77688   51.2664     0.001   129.342   95.1229   93.1359   90.0036         0         0         0         0         0
     9600    0.0015         1   699.141   258.108   87.1931   27525.9   22887.6   50413.4   2394.38   2441.15  0.438903   -108.89   2.64155   2104.66   2337.89   2.77973   48.7121     0.001   128.793   94.9543   92.7531   89.6027         0         0         0         0         0
     9500         0         1    699.29   258.949   84.0947     27610   23146.5   50756.5   2392.97   2438.49    0.4337  -110.094   2.64532   2103.37   2335.66   2.78251   46.0922     0.001    128.26   94.7296   92.3608   89.1902         0         0         0         0         0
     9400         0         1    699.29    259.77   81.7847   27691.8   23406.3     51098   2391.58   2435.92  0.429004  -111.356   2.64855    2102.1   2333.48   2.78522   44.0298     0.001   127.739   94.4578   91.9654   88.7697         0         0         0         0         0
     9300         0         1    699.29   260.575   79.9332   27771.7   23666.9   51438.6   2390.29   2433.51  0.424742  -112.656   2.65131   2100.87   2331.36   2.78787   42.3716     0.001   127.231   94.1529   91.6512   88.4318         0         0         0         0         0
     9200         0         1    699.29   261.357   78.3255     27850   23928.2   51778.2    2389.1   2431.26  0.420887  -113.963   2.65367   2099.71   2329.35   2.79044   40.9167     0.001   126.736   93.8286   91.3983    88.196         0         0         0         0         0
     9100         0         1    699.29   262.116   76.8831   27926.9   24190.3   52117.2   2387.99   2429.17  0.417396  -115.264    2.6557   2098.62   2327.45   2.79292   39.6002     0.001   126.254    93.494   91.1203    87.937         0         0         0         0         0
     9000         0         1    699.29   262.854   75.5716   28002.5   24453.2   52455.7   2386.94    2427.2  0.414221  -116.549   2.65743    2097.6   2325.65   2.79531   38.3949     0.001   125.786   93.1525   90.8188   87.6552         0         0         0         0         0
     8900         0         1    699.29   263.578   74.3849   28076.9   24716.8   52793.6   2385.95   2425.34   0.41132  -117.812   2.65891   2096.61    2323.9   2.79764   37.2947     0.001    125.33   92.8056   90.5011   87.3547         0         0         0         0         0
     8800         0         1    699.29    264.29   73.2962   28150.2   24981.1   53131.2      2385   2423.54  0.408656  -119.048   2.66018   2095.67   2322.22   2.79992    36.281     0.001   124.884   92.4547   90.1717   87.0393         0         0         0         0         0
     8700         0         1    699.29   264.993   72.2883   28222.4     25246   53468.5   2384.08   2421.82  0.406197  -120.256   2.66128   2094.75   2320.57   2.80216   35.3392     0.001   124.442   92.1009   89.8336   86.7123         0         0         0         0         0
     8600         0         1    699.29   265.688   71.3521   28293.8   25511.7   53805.5   2383.18   2420.14  0.403913  -121.431   2.66222   2093.85   2318.96   2.80437   34.4623     0.001   123.999   91.8102   89.4889   86.3766         0         0         0         0         0
     8500         0         1    699.29   266.372   70.4802   28364.3   25778.1   54142.4    2382.3    2418.5  0.401782  -122.574   2.66302   2092.96   2317.37   2.80655   33.6438     0.001    123.56   91.6103    89.142   86.0346         0         0         0         0         0
     8400         0         1    699.29   267.039   70.1154   28434.4   26045.1   54479.5   2381.43   2416.89  0.399786  -123.674   2.66372    2092.1   2315.83   2.80869   33.2086     0.001   123.127   91.4164   88.7964    85.689         0         0         0         0         0
     8300    0.0004         1    699.29   267.694   70.0799   28504.5   26312.8   54817.3   2380.58   2415.31  0.397909  -124.707   2.66431   2091.25   2314.31   2.81077   33.0715     0.001   122.707    91.179   88.4812   85.3536         0         0         0         0         0
     8200     0.004         1   699.334   268.334    70.264   28574.7   26581.2   55155.9   2379.78   2413.81  0.396144  -125.672   2.66483   2090.43   2312.85   2.81281   33.1278     0.001    122.31   90.9139    88.243   85.1388         0         0         0         0         0
     8100         0         1    699.73   268.955   70.6345   28645.4   26850.1   55495.5    2379.2   2412.57  0.394472   -126.62   2.66527   2089.68   2311.48   2.81476   33.3498     0.001   121.934   90.6354   88.0419   84.9589         0         0         0         0         0
     8000         0         1    699.73   269.555   71.1658   28716.5   27119.7   55836.2    2378.4   2411.15  0.392954   -127.39   2.66565   2088.97   2310.18   2.81664   33.7178     0.001   121.574   90.3519    87.821   84.7617         0         0         0         0         0
     7900         0         1    699.73   270.137   71.9088   28788.4   27389.8   56178.3   2377.64   2409.79  0.391524  -128.078   2.66598   2088.26    2308.9   2.81847   34.2686     0.001   121.229   90.0665   87.5846   84.5484         0         0         0         0         0
     7800         0         1    699.73   270.706   72.8203   28861.3   27660.5   56521.8   2376.91   2408.49  0.390169  -128.678   2.66627   2087.57   2307.65   2.82024   34.9758     0.001   120.896   89.7806   87.3385    84.322         0         0         0         0         0
     7700         0         1    699.73   271.263   73.8862   28935.2   27931.8   56866.9    2376.2   2407.23  0.388881  -129.189   2.66651    2086.9   2306.43   2.82198   35.8236     0.001   120.572   89.4955   87.0855   84.0852         0         0         0         0         0
     7600         0         1    699.73   271.812   75.1162   29010.3   28203.6   57213.9   2375.52   2405.99  0.387649  -129.608   2.66673   2086.23   2305.24   2.82368   36.8227     0.001   120.257   89.2118   86.8279   83.8406         0         0         0         0         0
     7500         0         1    699.73   272.352   76.4803   29086.7     28476   57562.7   2374.84   2404.78  0.386466  -129.933   2.66691   2085.58   2304.06   2.82535   37.9487     0.001   119.949   88.9301   86.5671     83.59         0         0         0         0         0
     7400         0         1    699.73   272.887   76.8885   29163.6   28748.8   57912.5   2374.18   2403.59  0.385327  -130.185   2.66707   2084.93   2302.89     2.827   38.3924     0.001   119.646   88.6532   86.3043   83.3351         0         0         0         0         0
     7300         0         1    699.73   273.414   76.7484   29240.4   29022.3   58262.6   2373.53   2402.42  0.384225  -130.418   2.66721   2084.29   2301.74   2.82862   38.3466     0.001    119.35    88.448   86.0409   83.0774         0         0         0         0         0
     7200         0         1    699.73   273.929   76.3332   29316.7   29296.2   58612.9   2372.88   2401.26  0.383159  -130.656   2.66733   2083.66   2300.61   2.83022   38.0671     0.001    119.06   88.2944   85.7801   82.8182         0         0         0         0         0
     7100         0         1    699.73    274.43    75.734   29392.5   29570.6   58963.1   2372.24   2400.12  0.382124  -130.906   2.66743   2083.03    2299.5   2.83179   37.6283     0.001   118.777   88.1603   85.5235   82.5593         0         0         0         0         0
     7000         0         1    699.73   274.916   74.9997   29467.5   29845.5     59313   2371.61   2398.98  0.381122  -131.174   2.66752   2082.42   2298.42   2.83331   37.0705     0.001   118.503    88.012    85.288   82.3035         0         0         0         0         0
     6900         0         1    699.73   275.387   74.1737   29541.6   30120.9   59662.5   2370.99   2397.88  0.380154  -131.462   2.66759   2081.82   2297.36   2.83479   36.4285     0.001   118.237   87.8385   85.0992   82.1105         0         0         0         0         0
     6800         0         1    699.73   275.844   73.2758   29614.9   30396.8   60011.7    2370.4   2396.82  0.379233  -131.769   2.66766   2081.25   2296.36   2.83621   35.7198     0.001   117.979   87.6511   84.9467    81.991         0         0         0         0         0
     6700         0         1    699.73   276.284    72.331   29687.2     30673   60360.3   2369.84   2395.83  0.378361  -132.096   2.66772   2080.71    2295.4   2.83757   34.9632     0.001    117.73   87.4574   84.8142   81.8768         0         0         0         0         0
     6600         0         1    699.73   276.708   71.3683   29758.6   30949.8   60708.4    2369.3   2394.88  0.377534  -132.441   2.66777   2080.21    2294.5   2.83888   34.1846     0.001   117.491   87.2618   84.6771   81.7514         0         0         0         0         0
     6500         0         1    699.73   277.118   70.3763     29829   31226.9   61055.8   2368.79   2393.98  0.376746  -132.804   2.66781   2079.73   2293.63   2.84013   33.3756     0.001    117.26   87.0664   84.5257   81.6158         0         0         0         0         0
     6400         0         1    699.73   277.518   69.6739   29898.7   31504.4     61403    2368.3   2393.11  0.375991   -133.18   2.66785   2079.26   2292.79   2.84135   32.7742     0.001   117.037   86.8715   84.3658   81.4708         0         0         0         0         0
     6300         0         1    699.73    277.91   69.1409   29967.8   31782.3   61750.1   2367.82   2392.26  0.375263  -133.552   2.66788   2078.81   2291.97   2.84254   32.3231     0.001    116.82   86.6778   84.2004   81.3182         0         0         0         0         0
     6200         0         1    699.73   278.295   68.7056   30036.5   32060.6   62097.1   2367.35   2391.44   0.37456  -133.914   2.66791   2078.36   2291.17    2.8437   31.9526     0.001   116.609   86.4855   84.0313   81.1597         0         0         0         0         0
     6100         0         1    699.73   278.674   68.3574   30104.9   32339.3   62444.1   2366.89   2390.63  0.373877  -134.262   2.66794   2077.92   2290.38   2.84484   31.6558     0.001   116.402   86.2948   83.8595   80.9965         0         0         0         0         0
     6000         0         1    699.73   279.049   68.0668   30172.9   32618.3   62791.2   2366.44   2389.83  0.373211  -134.596   2.66796   2077.49   2289.59   2.84597   31.4087     0.001   116.195   86.1059   83.6859     80.83         0         0         0         0         0
     5900         0         1    699.73    279.42   67.8211   30240.7   32897.7   63138.5      2366   2389.04  0.372561  -134.914   2.66798   2077.06   2288.82   2.84708   31.2011     0.001   115.984   85.9184   83.5109   80.6608         0         0         0         0         0
     5800         0         1    699.73   279.789   67.6112   30308.4   33177.5   63485.9   2365.56   2388.26  0.371923  -135.215   2.66799   2076.63   2288.05   2.84818   31.0255     0.001   115.772   85.7318   83.3344   80.4897         0         0         0         0         0
     5700         0         1    699.73   280.158   67.4312   30375.8   33457.7   63833.5   2365.12   2387.49  0.371295  -135.502   2.66801   2076.21   2287.29   2.84928   30.8772     0.001   115.559   85.5457   83.1569   80.3171         0         0         0         0         0
     5600         0         1    699.73   280.526   67.2776   30443.1   33738.2   64181.3   2364.69   2386.72  0.370676  -135.772   2.66802   2075.78   2286.53   2.85037   30.7532     0.001   115.346   85.3681   82.9784   80.1432         0         0         0         0         0
     5500         0         1    699.73   280.892   67.1475   30510.2   34019.1   64529.3   2364.26   2385.96  0.370065  -136.028   2.66803   2075.36   2285.77   2.85145   30.6511     0.001   115.135   85.2338   82.7999   79.9685         0         0         0         0         0
     5400         0         1    699.73   281.253   66.2979   30576.5   34300.4   64876.9   2363.83    2385.2  0.369461  -136.283   2.66804   2074.94   2285.02   2.85253   30.0147     0.001   114.925   85.1225    82.623   79.7934         0         0         0         0         0
     5300         0         1    699.73   281.608   65.0091   30641.5     34582   65223.5   2363.41   2384.45  0.368863  -136.576   2.66805   2074.52   2284.28   2.85359   28.9799     0.001   114.718   85.0204   82.4483   79.6188         0         0         0         0         0
     5200         0         1    699.73   281.956    63.485     30705   34863.9   65568.9   2362.99   2383.69  0.368274  -136.922   2.66805   2074.11   2283.55   2.85463   27.7353     0.001   114.514   84.9215   82.2761   79.4452         0         0         0         0         0
     5100         0         1    699.73   282.298   61.8112   30766.8   35146.2     65913   2362.57   2382.95  0.367693  -137.326   2.66806    2073.7   2282.82   2.85565   26.3538     0.001   114.321    84.823   82.1236   79.2752         0         0         0         0         0
     5000         0         1    699.73   282.631   60.0039   30826.8   35428.8   66255.7   2362.15   2382.21  0.367122   -137.79   2.66806    2073.3   2282.12   2.85665   24.8489     0.001    114.14    84.725   81.9894   79.1346         0         0         0         0         0
     4900         0         1    699.73   282.952   58.1153   30884.9   35711.8   66596.7   2361.75   2381.51  0.366572  -138.313   2.66807   2072.92   2281.44   2.85762   23.2614     0.001   113.969   84.6212   81.8753   79.0432         0         0         0         0         0
     4800         0         1    699.73   283.261   56.1488   30941.1   35995.1   66936.1   2361.37   2380.84  0.366047  -138.894   2.66807   2072.56    2280.8   2.85855   21.5979     0.001   113.806   84.5067   81.7778   78.9766         0         0         0         0         0
     4700         0         1    699.73   283.557   54.1218   30995.2   36278.6   67273.8   2361.02   2380.21  0.365549  -139.532   2.66808   2072.21   2280.19   2.85944   19.8699     0.001   113.651    84.387   81.6907   78.9157         0         0         0         0         0
     4600         0         1    699.73   283.841    52.065   31047.3   36562.5   67609.7   2360.67   2379.61  0.365076  -140.225   2.66808   2071.89   2279.61   2.86029   18.1062     0.001   113.503   84.2653    81.606   78.8441         0         0         0         0         0
     4500         0         1    699.73   284.115   49.9579   31097.2   36846.6   67943.8   2360.35   2379.04  0.364624  -140.971   2.66808   2071.58   2279.06   2.86111   16.2901     0.001    113.36   84.1435   81.5198   78.7655         0         0         0         0         0
     4400         0         1    699.73   284.379   48.1833   31145.4     37131   68276.4   2360.03    2378.5   0.36419  -141.763   2.66808   2071.29   2278.53    2.8619   14.7091     0.001   113.224   84.0225   81.4317    78.682         0         0         0         0         0
     4300         0         1    699.73   284.636   46.5951     31192   37415.6   68607.6   2359.73   2377.97  0.363773  -142.579   2.66808   2071.01   2278.02   2.86267   13.2915     0.001   113.092   83.9029   81.3417   78.5951         0         0         0         0         0
     4200         0         1    699.73   284.886   45.1012   31237.1   37700.5   68937.6   2359.44   2377.45   0.36337  -143.412   2.66809   2070.73   2277.52   2.86341   11.9489     0.001   112.965   83.7851   81.2502   78.5057         0         0         0         0         0
     4100         0         1    699.73   285.129   43.6828   31280.8   37985.6   69266.4   2359.15   2376.95  0.362981  -144.257   2.66809   2070.46   2277.03   2.86414   10.6674     0.001   112.842   83.6691   81.1575   78.4143         0         0         0         0         0
     4000         0         1    699.73   285.367   42.3082   31323.1     38271   69594.1   2358.87   2376.46  0.362604  -145.112   2.66809   2070.19   2276.56   2.86485   9.42118     0.001   112.722   83.5551   81.0626   78.3215         0         0         0         0         0
     3900         0         1    699.73   285.601   40.9625   31364.1   38556.6   69920.6    2358.6   2375.98  0.362237  -145.974   2.66809   2069.93   2276.09   2.86555    8.1977     0.001   112.605   83.4429   80.9644    78.227         0         0         0         0         0
     3800         0         1    699.73   285.831   39.6354   31403.7   38842.4   70246.1   2358.33   2375.51  0.361879  -146.845   2.66809   2069.67   2275.63   2.86624    6.9887     0.001    112.49   83.3325   80.8648   78.1308         0         0         0         0         0
     3700         0         1    699.73   286.057   37.7349   31441.4   39128.5   70569.9   2358.06   2375.04  0.361529  -147.727   2.66809   2069.42   2275.17   2.86691   5.38826     0.001   112.378   83.2236   80.7643   78.0332         0         0         0         0         0
     3600         0         1    699.73   286.281    34.248   31475.7   39414.7   70890.4    2357.8   2374.58  0.361186  -148.692   2.66809   2069.16   2274.72   2.86758   2.45051     0.001   112.268   83.1162   80.6634   77.9347         0         0         0         0         0
     3500         0         1    699.73   286.501   30.0864   31505.8   39701.2     71207   2357.54   2374.13   0.36085  -149.797   2.66809   2068.91   2274.27   2.86824   -1.0822     0.001    112.16   83.0103   80.5625   77.8355         0         0         0         0         0
     3400         0         1    699.73   286.719   25.6884   31531.5     39988   71519.4   2357.28   2373.67  0.360519  -151.057   2.66809   2068.66   2273.83    2.8689  -4.86361     0.001   112.053   82.9057   80.4618   77.7361         0         0         0         0         0
     3300         0         1    699.73   286.935   21.0561   31552.5   40274.9   71827.4   2357.03   2373.23  0.360193  -152.468   2.66809   2068.41   2273.39   2.86954  -8.85864     0.001   111.948   82.8024   80.3614   77.6365         0         0         0         0         0
     3200         0         1    699.73   287.149   16.7673   31569.3     40562   72131.3   2356.78   2372.78  0.359872  -154.023   2.66809   2068.17   2272.96   2.87019  -12.6794     0.001   111.844   82.7004   80.2613    77.537         0         0         0         0         0
     3100         0         1    699.73   287.361   13.8442   31583.1   40849.4   72432.5   2356.53   2372.34  0.359555  -155.651    2.6681   2067.92   2272.52   2.87082  -15.3726     0.001   111.741   82.5995   80.1618   77.4377         0         0         0         0         0
     3000         0         1    699.73   287.571   11.3974   31594.5     41137   72731.5   2356.28    2371.9  0.359242  -157.295    2.6681   2067.68    2272.1   2.87145   -17.662     0.001   111.639   82.4998   80.0628   77.3388         0         0         0         0         0
     2900         0         1    699.73   287.778   9.28174   31603.8   41424.8   73028.6   2356.03   2371.46  0.358932  -158.933    2.6681   2067.44   2271.67   2.87207  -19.6725     0.001   111.539   82.4012   79.9645   77.2403         0         0         0         0         0
     2800         0         1    699.73   287.985   7.39766   31611.2   41712.7   73323.9   2355.79   2371.03  0.358627  -160.552    2.6681    2067.2   2271.25   2.87269  -21.4837     0.001   111.439   82.3036   79.8668   77.1424         0         0         0         0         0
     2700         0         1    699.73   288.189   5.50559   31616.7   42000.9   73617.6   2355.55    2370.6  0.358325   -162.15    2.6681   2066.96   2270.83    2.8733  -23.2696     0.001   111.341   82.2177   79.7699    77.045         0         0         0         0         0
     2600         0         1    699.73    288.39   3.26275     31620   42289.3   73909.3    2355.3   2370.18  0.358026  -163.745    2.6681   2066.73   2270.42   2.87391  -25.3466     0.001   111.244   82.1482   79.6743   76.9483         0         0         0         0         0
     2500         0         1    699.73   288.587  0.915889   31620.9   42577.9   74198.8   2355.06   2369.75  0.357731  -165.352    2.6681   2066.49   2270.01   2.87451  -27.5142     0.001   111.148   82.0866   79.5804   76.8526         0         0         0         0         0
     2400         0         1    699.73    288.78  -1.45931   31622.3   42866.7     74489   2354.83   2369.34   0.35744  -166.976    2.6681   2066.26   2269.61   2.87509  -29.7118     0.001   111.055   82.0287   79.4882   76.7581         0         0         0         0         0
     2300         0         1    699.73   288.968  -3.86012   31626.2   43155.7   74781.9   2354.59   2368.92  0.357155  -168.617    2.6681   2066.04   2269.22   2.87567  -31.9325     0.001   110.963   81.9723   79.3979   76.6649         0         0         0         0         0
     2200         0         1    699.73   289.152  -6.12415   31632.3   43444.8   75077.1   2354.36   2368.51  0.356874  -170.275    2.6681   2065.81   2268.83   2.87623  -34.0658     0.001   110.874   81.9164   79.3092   76.5732         0         0         0         0         0
     2100         0         1    699.73   289.332  -7.96793   31640.3   43734.1   75374.4   2354.13   2368.11  0.356598   -171.93    2.6681   2065.59   2268.45   2.87678   -35.847     0.001   110.786   81.8604   79.2225    76.483         0         0         0         0         0
     2000         0         1    699.73   289.509  -9.64211   31649.9   44023.6   75673.6   2353.91   2367.71  0.356328  -173.565    2.6681   2065.38   2268.08   2.87733  -37.4808     0.001   110.701   81.8041   79.1424    76.395         0         0         0         0         0
     1900         0         1    699.73   289.682  -11.1886   31661.1   44313.3   75974.5   2353.68   2367.32  0.356063  -175.174    2.6681   2065.17   2267.72   2.87786  -39.0031     0.001   110.617   81.7475   79.0674   76.3105         0         0         0         0         0
     1800         0         1    699.73    289.85  -12.6366   31673.8   44603.2   76276.9   2353.47   2366.94  0.355806  -176.754    2.6681   2064.96   2267.37   2.87837  -40.4376     0.001   110.536   81.6907   78.9959   76.2364         0         0         0         0         0
     1700         0         1    699.73   290.015  -14.1022   31687.9   44893.2   76581.1   2353.26   2366.57  0.355558  -178.304    2.6681   2064.76   2267.02   2.87888   -41.867     0.001   110.456   81.6338   78.9317   76.1845         0         0         0         0         0
     1600         0         1    699.73   290.174  -15.7653   31703.6   45183.4     76887   2353.06   2366.22  0.355322  -179.834    2.6681   2064.57   2266.69   2.87937  -43.4582     0.001   110.379   81.5769   78.8753    76.145         0         0         0         0         0
     1500         0         1    699.73   290.328  -17.4825   31721.1   45473.7   77194.8   2352.87    2365.9    0.3551  -181.353    2.6681   2064.39   2266.38   2.87985  -45.0946     0.001   110.304   81.5204    78.825   76.1124         0         0         0         0         0
     1400         0         1    699.73   290.477  -19.2389   31740.3   45764.2   77504.5   2352.69   2365.59   0.35489  -182.865    2.6681   2064.22   2266.08   2.88031  -46.7627     0.001   110.231   81.4644   78.7791   76.0842         0         0         0         0         0
     1300         0         1    699.73    290.62  -21.0186   31761.4   46054.8   77816.2   2352.52   2365.29  0.354694  -184.372    2.6681   2064.06   2265.79   2.88075  -48.4504     0.001   110.161    81.409   78.7365    76.059         0         0         0         0         0
     1200         0         1    699.73   290.758  -22.5254   31783.9   46345.6   78129.4   2352.36   2365.02  0.354509  -185.871    2.6681   2063.91   2265.53   2.88117  -49.9524     0.001   110.094   81.3542   78.6963   76.0358         0         0         0         0         0
     1100         0         1    699.73    290.89  -23.2579   31807.2   46636.4   78443.6   2352.21   2364.76  0.354335   -187.33    2.6681   2063.77   2265.27   2.88158  -50.8005     0.001   110.029      81.3    78.658    76.014         0         0         0         0         0
     1000         0         1    699.73   291.017  -23.6607   31830.8   46927.5   78758.3   2352.06   2364.52  0.354173  -188.718    2.6681   2063.63   2265.03   2.88198  -51.3576     0.001   109.967   81.2465   78.6206   75.9886         0         0         0         0         0
      900         0         1    699.73    291.14  -23.7106   31854.5   47218.6   79073.1   2351.93   2364.28  0.354019  -190.026    2.6681    2063.5   2264.79   2.88236  -51.6147     0.001   109.906   81.1936   78.5825   75.9582         0         0         0         0         0
      800         0         1    699.73   291.258  -23.4967     31878   47509.9   79387.9    2351.8   2364.05  0.353872  -191.241    2.6681   2063.38   2264.57   2.88273  -51.6319     0.001   109.848   81.1413   78.5431   75.9244         0         0         0         0         0
      700         0         1    699.73   291.373  -22.9691     31901   47801.2   79702.2   2351.67   2363.83  0.353732  -192.359    2.6681   2063.26   2264.35   2.88309  -51.3868     0.001   109.792   81.0894   78.5025   75.8881         0         0         0         0         0
      600         0         1    699.73   291.486  -21.9679     31923   48092.7   80015.7   2351.54   2363.62  0.353598  -193.365    2.6681   2063.14   2264.13   2.88344   -50.727     0.001   109.738   81.0391    78.461   75.8499         0         0         0         0         0
      500         0         1    699.73   291.596  -20.6856   31943.6   48384.3     80328   2351.42   2363.41  0.353468  -194.247    2.6681   2063.02   2263.92   2.88379  -49.8101     0.001   109.685   80.9928   78.4187   75.8103         0         0         0         0         0
      400         0         1    699.73   291.703  -19.0967   31962.7     48676   80638.8    2351.3    2363.2  0.353342      -195    2.6681    2062.9   2263.72   2.88413  -48.6217     0.001   109.634   80.9507   78.3762   75.7696         0         0         0         0         0
      300         0         1    699.73   291.808  -17.2575     31980   48967.8   80947.8   2351.18   2362.99   0.35322  -195.618    2.6681   2062.79   2263.52   2.88447  -47.1996     0.001   109.584   80.9112   78.3338   75.7283         0         0         0         0         0
      200         0         1    699.73    291.91  -14.9413   31994.9   49259.7   81254.7   2351.07   2362.79  0.353102  -196.098    2.6681   2062.68   2263.32    2.8848  -45.3958     0.001   109.535   80.8715   78.2916   75.6866         0         0         0         0         0
      100         0         1    699.73    292.01  -11.7065   32006.6   49551.7   81558.4   2350.95   2362.59  0.352987  -196.406    2.6681   2062.57   2263.12   2.88512  -42.7956     0.001   109.487   80.8291   78.2495   75.6447         0         0         0         0         0
        0         0         1    699.73   292.108  -7.98432   32014.6   49843.8   81858.5   2350.84   2362.39  0.352875  -196.517    2.6681   2062.46   2262.93   2.88544   -39.752     0.001   109.441   80.7846   78.2074   75.6028         0         0         0         0         0