     20000          0          1          0    187.948    365.085    365.085    187.948    553.033    2341.68    2425.58     0.6884    15.9048    2.49734    2048.25    2344.34    2.72726    282.674      0.001    107.636    92.0964    89.5112    88.8986          0          0          0          0          0
     19900          0          1          0    187.948    364.222    729.307    375.896     1105.2    2341.68    2425.58   0.688551    15.7588    2.49734    2048.25    2344.34    2.72741    281.904      0.001    107.636    92.0964    89.5112    88.8986          0          0          0          0          0
     19800          0          1          0    187.948    363.638    1092.95    563.844    1656.79    2341.68    2425.58   0.688701    15.6176    2.49734    2048.25    2344.34    2.72756    281.339      0.001    107.636    92.0964    89.5112    88.8986          0          0          0          0          0
     19700          0          1          0    187.948    363.429    1456.37    751.792    2208.17    2341.68    2425.58   0.688851    15.4963    2.49734    2048.25    2344.34     2.7277     281.07      0.001    107.636    92.0964    89.5112    88.8986          0          0          0          0          0
     19600          0          1          0    187.948    363.507    1819.88    939.741    2759.62    2341.68    2425.58   0.689002    15.4101    2.49734    2048.25    2344.34    2.72785    281.045      0.001    107.636    92.0964    89.5112    88.8986          0          0          0          0          0
     19500          0          1          0    187.948    361.776    2181.66    1127.69    3309.35    2341.68    2425.58   0.689152    15.3344    2.49734    2048.25    2344.34      2.728    279.849      0.001    107.636    92.0964    89.5112    88.8986          0          0          0          0          0
     19400          0          1          0    187.948    358.969    2540.63    1315.64    3856.26    2341.68    2425.58   0.689302    15.1783    2.49734    2048.25    2344.34    2.72815    277.734      0.001    107.636    92.0964    89.5112    88.8986          0          0          0          0          0
     19300          0          1          0    187.948    356.401    2897.03    1503.58    4400.61    2341.68    2425.58   0.689452    14.9169    2.49734    2048.25    2344.34     2.7283    275.681      0.001    107.636    92.0964    89.5112    88.8986          0          0          0          0          0
     19200          0          1          0    187.948    353.856    3250.88    1691.53    4942.42    2341.68    2425.58   0.689602    14.5704    2.49734    2048.25    2344.34    2.72845    273.656      0.001    107.636    92.0964    89.5112    88.8986          0          0          0          0          0
     19100          0          1          0    187.948    353.032    3603.92    1879.48     5483.4    2341.68    2425.58   0.689752    14.1716    2.49734    2048.25    2344.34    2.72859    272.757      0.001    107.636    92.0964    89.5112    88.8986          0          0          0          0          0
     19000          0          1          0    187.948    353.243    3957.16    2067.43    6024.59    2341.68    2425.58   0.689901    13.8067    2.49734    2048.25    2344.34    2.72874    272.733      0.001    107.636    92.0964    89.5112    88.8986          0          0          0          0          0
     18900          0          1          0    187.948    351.625    4308.78    2255.38    6564.16    2341.68    2425.58   0.690051    13.4738    2.49734    2048.25    2344.34    2.72889    271.574      0.001    107.636    92.0964    89.5112    88.8986          0          0          0          0          0
     18800          0          1          0    187.948    348.984    4657.77    2443.33    7101.09    2341.68    2425.58   0.690201    13.0782    2.49734    2048.25    2344.34    2.72904    269.522      0.001    107.636    92.0964    89.5112    88.8986          0          0          0          0          0
     18700     0.0241          0     0.0241    187.948     347.18    5004.95    2631.27    7636.22    2341.69    2425.58   0.690346    12.6002    2.49734    2048.25    2344.34    2.72919    267.947      0.001    107.636    92.0964    89.5112    88.8985          0          0          0          0          0
     18600     0.0002          0     2.4102    187.991    345.727    5350.67    2819.26    8169.94    2342.94    2425.58   0.690143    11.5583    2.49734     2048.3    2344.34    2.72971     266.69      0.001    107.636    92.0963    89.5079    88.8776          0          0          0          0          0
     18500     0.0156          0     2.4456    188.044    344.342    5695.02    3007.31    8702.33    2342.66    2425.58   0.690397    11.1555    2.49734    2048.35    2344.34    2.73024    265.504      0.001    107.635    92.0953    89.4955    88.8508          0          0          0          0          0
     18400     0.0207          0     4.0107    188.098    342.999    6038.02    3195.41    9233.42    2343.26    2425.58   0.690374    10.3613    2.49734    2048.41    2344.34    2.73071    264.346      0.001    107.632    92.0926    89.4803    88.8229          0          0          0          0          0
     18300     0.0112          0     6.0712    188.182    339.849    6377.87    3383.59    9761.45    2343.99    2425.58   0.690317    9.47108    2.49734    2048.51    2344.34    2.73145    261.978      0.001    107.628    92.0877     89.459      88.78          0          0          0          0          0
     18200          0          1       7.18     188.27     335.61    6713.47    3571.86    10285.3    2344.06    2425.58   0.690445    8.73893    2.49734     2048.6    2344.35    2.73216    258.675      0.001     107.62    92.0799    89.4309    88.7345          0          0          0          0          0
     18100          0          1       7.18    188.328     332.05    7045.52    3760.19    10805.7    2343.56    2425.58   0.690713    8.12026    2.49734    2048.67    2344.35    2.73256    255.716      0.001     107.61    92.0689    89.4022    88.7035          0          0          0          0          0
     18000          0          1       7.18    188.356    328.772     7374.3    3948.54    11322.8    2343.19    2425.58   0.690915    7.35221    2.49734     2048.7    2344.35    2.73276    252.994      0.001    107.597     92.056    89.3796    88.6921          0          0          0          0          0
     17900          0          1       7.18    188.369    327.893    7702.19    4136.91    11839.1    2342.93    2425.58   0.691081    6.50314    2.49734    2048.71    2344.35    2.73292    251.867      0.001    107.582    92.0456     89.365    88.6908          0          0          0          0          0
     17800     0.0038          0     7.1838    188.373    328.493    8030.68    4325.29      12356    2342.73    2425.59   0.691229    5.70096    2.49734    2048.72    2344.35    2.73306    251.987      0.001    107.568    92.0375    89.3563    88.6929          0          0          0          0          0
     17700     0.0162          0     7.5762    188.379    326.653    8357.33    4513.66      12871     2342.8    2425.59   0.691313    4.86545    2.49734    2048.73    2344.36    2.73325    250.606      0.001    107.554    92.0312    89.3509    88.6932          0          0          0          0          0
     17600     0.0278          0     9.2078    188.412    323.436    8680.77    4702.08    13382.8    2343.49     2425.6   0.691229    3.70208    2.49734    2048.77    2344.36    2.73368    248.031      0.001     107.54    92.0264     89.345    88.6826          0          0          0          0          0
     17500     0.0291          0    11.9891    188.495    323.456    9004.23    4890.57    13894.8    2344.63    2425.61   0.691044     2.3098    2.49734    2048.87    2344.37     2.7345    247.526      0.001    107.528    92.0222    89.3331    88.6562          0          0          0          0          0
     17400     0.0293          0    14.8993    191.297    356.047    9360.27    5081.87    14442.1    2340.07    2425.94   0.730691   0.236411    2.44051    2089.09    2389.43    2.64782    294.592      0.001     107.69    92.1118     89.322    88.5816          0          0          0          0          0
     17300     0.0302          0    17.8302    192.258    365.923     9726.2    5274.13    15000.3     2336.9    2427.14   0.763172  -0.280583    2.39082    2098.34    2399.42    2.62838    303.248      0.001    107.735    92.2262    89.4443    88.6733          0          0          0          0          0
     17200     0.0386          0    20.8586    192.863    371.851      10098    5466.99      15565     2334.5     2428.6   0.791357  -0.348002    2.34741    2103.09    2404.41    2.61937    308.316      0.001    107.656    92.3562    89.6403    88.8709          0          0          0          0          0
     17100      0.054          0     24.734    193.479    375.536    10473.6    5660.47    16134.1    2333.04    2430.13   0.815904  -0.389063     2.3095    2106.85    2408.17    2.61255    311.511      0.001    107.497    92.5177    89.9036    89.1621          0          0          0          0          0
     17000     0.0761          0    30.1561    194.237    377.664    10851.2    5854.71      16706    2332.68    2431.64   0.837136  -0.658479    2.27638    2110.21    2411.27    2.60671    313.446      0.001      107.3    92.7269    90.2294    89.5063          0          0          0          0          0
     16900     0.0536          0    37.7436    195.188    373.855    11225.1    6049.89      17275    2333.56    2433.11   0.855326   -1.38838    2.24743    2113.34    2413.85    2.60183    310.946      0.001    107.097    92.9946    90.6017    89.8666          0          0          0          0          0
     16800     0.0371          0    43.0871    196.298    365.977    11591.1    6246.19    17837.3    2333.09    2434.53     0.8717   -1.77518     2.2221     2116.3    2416.01    2.59764    304.759      0.001    106.907     93.351    91.0027    90.2534          0          0          0          0          0
     16700     0.0418          0    46.8018    197.501    356.874      11948    6443.69    18391.6    2331.92     2435.9   0.886258   -2.20876    2.19994    2119.05    2417.81    2.59362    297.303      0.001    106.745    93.7578    91.4381    90.6937          0          0          0          0          0
     16600     0.0551          0    50.9951    198.783    346.661    12294.6    6642.48    18937.1    2331.34     2437.2   0.898739   -3.24354    2.18051    2121.64    2419.32    2.58981    288.907      0.001    106.617    94.2045    91.9117     91.178          0          0          0          0          0
     16500     0.0685          0    56.5185    200.158    347.454    12642.1    6842.63    19484.7    2331.68    2438.45   0.909234   -4.84022    2.16347    2124.11    2420.58    2.58643    288.461      0.001    106.528    94.6836    92.4174    91.6775          0          0          0          0          0
     16400     0.0958          0    63.3958    201.636    355.647    12997.7    7044.27      20042    2332.78    2439.64   0.918013   -6.32052     2.1485    2126.51    2421.64    2.58361    294.938      0.001    106.479    95.1786    92.9381    92.1157          0          0          0          0          0
     16300      0.106          0     72.986    203.238    360.563    13358.3    7247.51    20605.8    2335.21    2440.75   0.925028   -7.78582    2.13534    2128.89    2422.54    2.58144    299.689      0.001    106.465    95.6458    93.4383    92.4902          0          0          0          0          0
     16200     0.1045          0    83.5845    204.968    363.687      13722    7452.48    21174.4    2337.82    2441.79   0.930911    -8.9938    2.12376    2131.27    2423.29     2.5799    302.662      0.001     106.48    96.1268    93.9113    92.8353          0          0          0          0          0
     16100     0.1023          0    94.0323    206.798    354.639    14076.6    7659.27    21735.9    2339.96    2442.77   0.936036   -9.96469    2.11354    2133.63    2423.92    2.57871    296.568      0.001    106.518    96.6606    94.3512    93.1555          0          0          0          0          0
     16000     0.0983          0    104.258    208.695    337.253    14413.9    7867.97    22281.8    2341.72     2443.7   0.940468   -11.3714    2.10453    2135.95    2424.46    2.57762    282.725      0.001    106.572    97.2063    94.7648    93.4608          0          0          0          0          0
     15900        0.1          0     114.09    210.639    328.187      14742    8078.61    22820.7     2343.1    2444.57   0.944292   -13.2834    2.09656    2138.24    2424.91     2.5765    274.292      0.001    106.639    97.7449      95.16    93.7597          0          0          0          0          0
     15800     0.1027          0    124.093    212.618    324.302    15066.3    8291.23    23357.6    2344.49    2445.41   0.947431    -15.318     2.0895    2140.48     2425.3    2.57533     270.84      0.001    106.715    98.2678    95.5412    94.0531          0          0          0          0          0
     15700     0.0998          0     134.36     214.63    321.637      15388    8505.86    23893.8    2345.94     2446.2   0.949944   -17.2942    2.08323     2142.7    2425.65    2.57413    268.627      0.001    106.798    98.7556    95.9129    94.3369          0          0          0          0          0
     15600     0.0966          0    144.337    216.668    320.008      15708    8722.53    24430.5    2347.15    2446.96   0.952023   -19.0406    2.07766    2144.89    2425.96    2.57286     267.27      0.001    106.884    99.1765    96.2741    94.6138          0          0          0          0          0
     15500     0.0954          0    153.995     218.72    317.595    16025.6    8941.25    24966.8    2348.15    2447.68   0.953707   -20.5624    2.07269    2147.05    2426.25    2.57142    265.458      0.001     106.97    99.5798    96.6224    94.8883          0          0          0          0          0
     15400      0.097          0    163.537    220.782    314.756    16340.3    9162.03    25502.4    2349.09    2448.38   0.954985   -21.9858    2.06825    2149.19    2426.53    2.56982    263.219      0.001    107.054    99.9812    96.9595    95.1602          0          0          0          0          0
     15300     0.1206          0    173.261    222.852     313.57    16653.9    9384.88    26038.8    2350.15    2449.04   0.955836   -23.3777    2.06427    2151.31     2426.8    2.56806    262.214      0.001    107.136    100.376    97.2826    95.3947          0          0          0          0          0
     15200     0.1424          0    185.342    224.959    313.501    16967.4    9609.84    26577.2    2352.45    2449.66   0.955855   -25.1326    2.06068    2153.44    2427.07    2.56636    262.276      0.001    107.215    100.774    97.5718     95.549          0          0          0          0          0
     15100     0.1877          0    199.628    227.138    319.845    17287.3    9836.98    27124.2    2355.66    2450.23   0.955252   -26.9814    2.05744     2155.6    2427.34    2.56494    267.311      0.001    107.291     101.19    97.8168    95.6486          0          0          0          0          0
     15000     0.2303          0     218.44    229.435     330.64    17617.9    10066.4    27684.3    2360.83    2450.77   0.953677   -29.0486    2.05449    2157.85    2427.61    2.56402    276.555      0.001    107.361     101.58     98.014    95.6676          0          0          0          0          0
     14900     0.2164          0    241.456    231.902     338.81    17956.7    10298.3      28255    2367.41    2451.27   0.951447   -31.0566     2.0518    2160.23    2427.89    2.56381    284.261      0.001    107.422    101.935    98.1439    95.5668          0          0          0          0          0
     14800       0.18          0     263.06    234.499    345.508    18302.2    10532.8      28835    2372.13    2451.76   0.949895   -31.8911    2.04932     2162.7    2428.18    2.56385    290.551      0.001    107.468    102.234    98.1963    95.3944          0          0          0          0          0
     14700     0.1264          0    281.006    237.068    336.304    18638.5    10769.9    29408.4    2374.22    2452.23   0.949276   -31.5913    2.04703    2165.14     2428.5    2.56388    284.667      0.001    107.491     102.47    98.1975    95.2533          0          0          0          0          0
     14600      0.095          0    293.615    230.363    264.745    18903.3    11000.2    29903.5    2377.66     2452.6     0.9047   -31.4954    2.10852    2124.65    2387.22    2.73288    204.243      0.001    121.628    99.4285    95.6539    94.8456          0          0          0          0          0
     14500     0.0726          0    303.093    228.622    237.136    19140.4    11228.9    30369.3    2379.23    2452.36   0.868419   -35.1849    2.16764     2118.5    2381.69    2.76004    178.085      0.001     129.48    95.6109    93.1469    93.6945          0          0          0          0          0
     14400     0.0807          0    310.361     229.25    220.529    19360.9    11458.1      30819    2380.32    2451.99   0.832877   -39.6678    2.22428    2115.36    2377.32    2.76943     163.05      0.001    133.591    93.2864    91.8681    92.3702          0          0          0          0          0
     14300     0.0947          0    318.445    230.728    206.251    19567.2    11688.8      31256    2382.59    2451.48   0.796808   -44.4704    2.27761    2113.08    2373.11    2.77683    151.095      0.001    135.729    92.1374    91.4967    91.3361          0          0          0          0          0
     14200     0.1003          0     327.92    232.489    193.981    19761.2    11921.3    31682.5    2385.92    2450.86   0.761086   -49.2687    2.32682    2111.22    2369.13     2.7841    140.967      0.001    136.714    91.8337    91.4576    90.5764          0          0          0          0          0
     14100     0.1052          0    337.955    234.318    187.333    19948.5    12155.7    32104.1    2389.47    2450.09   0.726865   -53.6159    2.37142    2109.63    2365.44    2.79123    135.137      0.001    136.993    91.9331    91.5132    89.9726          0          0          0          0          0
     14000     0.1203          0     348.49    236.139    184.201    20132.7    12391.8    32524.5    2393.01     2449.2   0.694815   -57.3047    2.41127    2108.27    2362.03    2.79807    132.397      0.001    136.832    92.0959    91.5499    89.4716          0          0          0          0          0
     13900      0.107          0    360.507    237.959    178.917    20311.6    12629.7    32941.4    2396.95    2448.18   0.665168   -60.6058    2.44648    2107.09    2358.88    2.80478    128.417      0.001     136.39    92.2741    91.5158    89.0126          0          0          0          0          0
     13800       0.11          0     371.21    239.749    172.654    20484.3    12869.5    33353.8    2399.64    2447.06   0.638489   -63.1642    2.47735    2106.06    2355.95    2.81116    123.501      0.001    135.767     92.423    91.3936    88.5807          0          0          0          0          0
     13700     0.1149          0    382.215    241.493    167.989    20652.3      13111    33763.2    2402.16    2445.87   0.614427   -65.5214    2.50423    2105.14    2353.21    2.81711    119.675      0.001    135.031    92.5008    91.2129    88.2753          0          0          0          0          0
     13600     0.0997          0     393.69    243.207    164.221    20816.5    13354.2    34170.7     2404.6    2444.65   0.592862   -67.7102    2.52752    2104.33    2350.65    2.82286     116.64      0.001    134.227    92.4927     90.986    87.9407          0          0          0          0          0
     13500     0.0789          0    403.639    244.869    167.132    20983.6    13599.1    34582.7    2405.86    2443.39   0.573863   -69.2433    2.54763    2103.61    2348.27    2.82821    118.451      0.001    133.386    92.3975    90.6976    87.5646          0          0          0          0          0
     13400     0.0605          0    411.511    246.432    174.167    21157.8    13845.5    35003.3    2405.91    2442.09   0.557185   -69.8243    2.56494    2102.91    2346.02    2.83287    123.927      0.001    132.529    92.2206    90.3568    87.1774          0          0          0          0          0
     13300     0.0722          0    417.572    247.874    170.873    21328.6    14093.4      35422    2405.12    2440.76   0.542496   -69.7433    2.57981    2102.21    2343.88    2.83683    122.305      0.001    131.678    91.9785    89.9818    86.7978          0          0          0          0          0
     13200     0.1068          0    424.827    251.946     192.41    21521.1    14345.3    35866.4    2398.58    2439.47   0.588519    -70.398    2.51853    2140.11    2384.79    2.71901     154.86      0.001    124.668    91.7234    89.3356    86.2759          0          0          0          0          0
     13100     0.1348          0    435.535    254.798    198.726    21719.8    14600.1    36319.9    2395.22    2438.99    0.62746   -70.7192    2.46235    2149.72    2393.59    2.68806    161.041      0.001    119.218    91.6422    88.8822    85.8756          0          0          0          0          0
     13000     0.1546          0    449.035    257.314    204.192      21924    14857.4    36781.4    2393.84    2438.79   0.661444   -71.1084    2.41206    2154.75    2397.31    2.67322    166.539      0.001    115.005    91.7904    88.6698    85.5705          0          0          0          0          0
     12900     0.1684          0    464.508     259.57    209.919    22133.9      15117    37250.9    2393.62    2438.71   0.691157   -71.5096    2.36761    2158.46    2399.71    2.66353    172.005      0.001    111.721    92.0669    88.6045    85.3542          0          0          0          0          0
     12800     0.1791          0    481.359    261.566     215.65    22349.5    15378.6    37728.1    2394.04    2438.74   0.717198   -71.8356    2.32854    2161.48    2401.55      2.657    177.445      0.001     109.18    92.3977    88.5956    85.2323          0          0          0          0          0
     12700     0.1672          0    499.257    263.538     217.19    22566.7    15642.1    38208.8    2394.87    2438.85    0.74013   -72.1431    2.29425    2164.21    2403.08    2.65144    179.535      0.001     107.18    92.7473    88.6106    85.1575          0          0          0          0          0
     12600     0.1587          0    515.969    265.679    215.675    22782.4    15907.8    38690.2    2394.89    2439.06   0.760581   -72.2289    2.26412    2166.89    2404.43    2.64529    178.729      0.001    105.585    93.1204    88.6618     85.119          0          0          0          0          0
     12500     0.1469          0    531.827    267.898    214.656    22997.1    16175.7    39172.7    2394.49    2439.33   0.778701   -72.3301    2.23761    2169.53    2405.68    2.63906    178.045      0.001    104.356    93.4984    88.7388    85.1215          0          0          0          0          0
     12400     0.1334          0    546.503     270.15    213.818    23210.9    16445.8    39656.7    2393.64    2439.68   0.794795   -72.3605    2.21421    2172.13    2406.88    2.63277    177.564      0.001    103.375    93.8636    88.8434    85.1719          0          0          0          0          0
     12300     0.1252          0    559.835    272.406    211.688    23422.6    16718.2    40140.8    2392.34    2440.09   0.809106   -72.3337    2.19352    2174.68    2408.04    2.62636    176.018      0.001    102.568    94.2064    88.9717    85.2612          0          0          0          0          0
     12200      0.115          0    572.345     274.65     208.59    23631.2    16992.9      40624    2390.99    2440.54   0.821728   -72.4487    2.17518    2177.19    2409.17    2.61982    173.534      0.001    101.934    94.5216      89.12    85.3795          0          0          0          0          0
     12100     0.0913          0    583.821    276.877    207.071    23838.2    17269.8      41108    2389.49    2441.03   0.832886   -72.6455    2.15889    2179.66     2410.3    2.61314     172.19      0.001     101.44    94.7945    89.2864    85.5256          0          0          0          0          0
     12000     0.0843          0    592.944    279.064    206.632    24044.9    17548.8    41593.7    2387.17    2441.55   0.842973   -72.5445     2.1444    2182.08     2411.4    2.60621     171.87      0.001    101.052     95.038    89.4781    85.7364          0          0          0          0          0
     11900     0.0776          0    601.368    281.202    207.233    24252.1      17830    42082.1    2385.09     2442.1   0.851757   -72.4883    2.13148    2184.43    2412.48      2.599    172.427      0.001    100.748    95.2661    89.7069    86.0104          0          0          0          0          0
     11800     0.0776          0    609.128    283.304    208.598    24460.7    18113.3      42574    2383.21    2442.68   0.859379   -72.4055    2.11996    2186.73    2413.55    2.59165    173.692      0.001    100.512    95.4901    89.9745    86.3319          0          0          0          0          0
     11700      0.077          0    616.887    285.385      217.5    24678.2    18398.7    43076.9    2381.86    2443.29   0.865845   -72.2561    2.10967    2188.99    2414.61    2.58422    180.997      0.001     100.33    95.7239    90.2774    86.6858          0          0          0          0          0
     11600     0.0747          0    624.585    272.492    191.135    24869.3    18671.2    43540.5    2385.84    2443.79   0.821794   -71.8594    2.16458    2146.05    2374.55    2.77676    142.121      0.001    110.604    92.9843    88.2796    86.8616          0          0          0          0          0
     11500     0.0715          0    632.051    267.751    173.593    25042.9      18939    43981.9    2389.02    2443.82   0.787291   -73.8329    2.21768    2138.94    2370.06    2.80624    126.611      0.001    116.619    89.4266    86.1197    86.1997          0          0          0          0          0
     11400     0.0669          0    639.197    266.995    150.012    25192.9      19206    44398.9    2392.09     2443.8   0.753925   -77.0808    2.26874    2135.45    2366.59    2.81402     106.75      0.001    119.974    87.2844    85.1336     85.258          0          0          0          0          0
     11300     0.0629          0    645.883     267.81    138.894    25331.8    19473.8    44805.6    2395.06    2443.72   0.720607   -80.8764    2.31693    2133.16    2363.25    2.81925    96.2445      0.001    121.837    86.3271    84.9642    84.5444          0          0          0          0          0
     11200     0.0577          0    652.168    269.172    134.935    25466.8    19742.9    45209.7    2397.88    2443.56   0.687921   -84.2903    2.36143    2131.41    2360.11    2.82401    92.4498      0.001    122.803    86.0995    85.1002    84.0135          0          0          0          0          0
     11100     0.0537          0    657.934    270.679    127.457    25594.2    20013.6    45607.8    2400.42    2443.28   0.656675   -87.1315    2.40176    2129.97    2357.22    2.82839    86.5791      0.001    123.216    86.2697    85.2889    83.6485          0          0          0          0          0
     11000     0.0491          0    663.299    272.178    118.188    25712.4    20285.8    45998.2    2402.68    2442.89   0.627442   -89.7249    2.43776    2128.72    2354.57    2.83236    79.0121      0.001    123.284     86.615    85.4361    83.3912          0          0          0          0          0
     10900     0.0449          0    668.205    273.618    112.862    25825.3    20559.4    46384.7    2404.59    2442.38   0.600576   -92.1204    2.46954     2127.6    2352.14    2.83594    74.2632      0.001    123.125    87.0024    85.5511    83.1972          0          0          0          0          0
     10800     0.0411          0    672.691    274.983     109.83    25935.1    20834.4    46769.5    2406.17    2441.77   0.576208   -94.1962    2.49736    2126.59     2349.9    2.83917      71.58      0.001    122.821    87.3609    85.6366    83.0425          0          0          0          0          0
     10700     0.0371          0    676.797    276.269    105.868      26041    21110.7    47151.6    2407.43    2441.08   0.554326   -95.9961    2.52155    2125.68    2347.84    2.84209    68.3366      0.001     122.44     87.657    85.6781    82.9077          0          0          0          0          0
     10600     0.0336          0    680.504    277.479    101.458    26142.4    21388.1    47530.6    2408.39    2440.32    0.53483    -97.652    2.54248    2124.84    2345.93    2.84475    64.6415      0.001     122.02     87.879    85.6748    82.7787          0          0          0          0          0
     10500       0.03          0     683.86    278.616    98.7646    26241.2    21666.8      47908    2409.08     2439.5   0.517557   -99.2113    2.56052    2124.06    2344.15    2.84718    62.1901      0.001    121.582    88.0268    85.6302    82.6464          0          0          0          0          0
     10400     0.0264          0    686.856    279.685    97.1046    26338.3    21946.4    48284.7    2409.53    2438.63   0.502319   -100.621    2.57602    2123.32    2342.49    2.84942    60.6622      0.001     121.14    88.1061    85.5497    82.5059          0          0          0          0          0
     10300     0.0232          0    689.493    280.689    96.0165    26434.3    22227.1    48661.4    2409.75    2437.74   0.488919    -101.88    2.58932    2122.63    2340.93    2.85149    59.6208      0.001    120.704    88.1238    85.4389    82.3555          0          0          0          0          0
     10200     0.0201          0     691.81    281.635    94.8462    26529.2    22508.8    49037.9    2409.79    2436.81   0.477156   -103.008    2.60071    2121.97    2339.46    2.85342    58.6021      0.001    120.279    88.0874     85.321    82.2112          0          0          0          0          0
     10100     0.0168          0    693.817    282.523    92.6355    26621.8    22791.3    49413.1    2409.68    2435.88    0.46685   -104.076    2.61045    2121.35    2338.07    2.85521    56.7216      0.001    119.868    88.0155    85.2107    82.1116          0          0          0          0          0
     10000     0.0137          0    695.494    283.353    90.1108    26711.9    23074.6    49786.6    2409.43    2434.96   0.457837   -105.135    2.61877    2120.75    2336.76    2.85688    54.5645      0.001    119.474    87.9116    85.1072    82.0364          0          0          0          0          0
      9900     0.0107          0    696.861    284.127    87.4333    26799.3    23358.8    50158.1    2409.08    2434.07   0.449961   -106.213    2.62587    2120.19    2335.54    2.85842    52.2619      0.001    119.099    87.7834    85.0071    81.9694          0          0          0          0          0
      9800     0.0076          0    697.928    284.845    84.6413      26884    23643.6    50527.6    2408.63     2433.2   0.443076   -107.323    2.63194    2119.66    2334.39    2.85985    49.8513      0.001    118.743    87.6377    84.9042    81.8872          0          0          0          0          0
      9700     0.0046          0    698.685    285.511    81.7584    26965.7    23929.1    50894.9     2408.1    2432.35   0.437056   -108.469    2.63712    2119.15    2333.32    2.86116    47.3508      0.001    118.408    87.4794    84.7952    81.7936          0          0          0          0          0
      9600     0.0015          0    699.141    286.128    78.8042    27044.5    24215.3    51259.8     2407.5    2431.51   0.431786   -109.658    2.64155    2118.66     2332.3    2.86237     44.777      0.001    118.091    87.3127    84.6808    81.6933          0          0          0          0          0
      9500          0          1     699.29    286.698    75.7898    27120.3      24502    51622.3    2406.82    2430.69   0.427168    -110.89    2.64532    2118.17    2331.32    2.86349    42.1395      0.001    117.794    87.1405    84.5582    81.5892          0          0          0          0          0
      9400          0          1     699.29    287.228    73.5335    27193.9    24789.2      51983    2406.18    2429.89     0.4231   -112.181    2.64855     2117.7    2330.39    2.86454    40.0513      0.001    117.514    86.9651    84.4238    81.4799          0          0          0          0          0
      9300          0          1     699.29    287.728    71.7264    27265.6    25076.9    52342.5    2405.61    2429.09   0.419501   -113.512    2.65131    2117.23    2329.48    2.86557    38.3628      0.001    117.251    86.7881     84.283    81.3633          0          0          0          0          0
      9200          0          1     699.29    288.204     70.152    27335.7    25365.1    52700.9    2405.11     2428.3   0.416314   -114.854    2.65367    2116.76     2328.6     2.8666     36.872      0.001    117.001    86.6107    84.1376    81.2388          0          0          0          0          0
      9100          0          1     699.29    288.663    68.7335    27404.5    25653.8    53058.3    2404.65    2427.52   0.413487   -116.193     2.6557    2116.31    2327.75    2.86763    35.5151      0.001    116.763    86.4337    83.9884    81.1065          0          0          0          0          0
      9000          0          1     699.29    289.106     67.439    27471.9    25942.9    53414.8    2404.21    2426.74   0.410972    -117.52    2.65743    2115.86     2326.9    2.86866     34.266      0.001    116.534    86.2575    83.8357    80.9674          0          0          0          0          0
      8900          0          1     699.29    289.537    66.2633    27538.2    26232.4    53770.6    2403.79    2425.97   0.408729   -118.827    2.65891    2115.41    2326.08    2.86969    33.1191      0.001    116.314    86.0825    83.6799    80.8224          0          0          0          0          0
      8800          0          1     699.29    289.957    65.1812    27603.4    26522.4    54125.7    2403.38     2425.2   0.406721   -120.111    2.66018    2114.97    2325.27    2.87072    32.0562      0.001    116.092    85.9086    83.5214    80.6723          0          0          0          0          0
      8700          0          1     699.29     290.37    64.1764    27667.5    26812.7    54480.3    2402.98    2424.44   0.404915   -121.368    2.66128    2114.53    2324.47    2.87174    31.0633      0.001     115.87    85.7352    83.3601     80.518          0          0          0          0          0
      8600          0          1     699.29    290.777    63.2402    27730.8    27103.5    54834.3    2402.58    2423.67   0.403284   -122.594    2.66222    2114.09    2323.68    2.87276    30.1336      0.001    115.649    85.5617    83.1961    80.3601          0          0          0          0          0
      8500          0          1     699.29    291.179    62.3645    27793.1    27394.7    55187.8    2402.19    2422.91   0.401803    -123.79    2.66302    2113.66    2322.89    2.87377    29.2601      0.001    115.429    85.3918    83.0296     80.199          0          0          0          0          0
      8400          0          1     699.29    291.577    61.9758    27855.1    27686.3    55541.4    2401.79    2422.15    0.40045   -124.944    2.66372    2113.23    2322.11    2.87479    28.7628      0.001    115.211    85.2591    82.8616    80.0353          0          0          0          0          0
      8300     0.0004          0     699.29    291.968     61.908      27917    27978.3    55895.3     2401.4     2421.4   0.399209   -126.033    2.66431     2112.8    2321.34    2.87579    28.5591      0.001    114.996    85.1492    82.6935    79.8697          0          0          0          0          0
      8200      0.004          0    699.334    292.352    62.0516    27979.1    28270.6    56249.7    2401.02    2420.64   0.398061   -127.057    2.66483    2112.38    2320.58    2.87679    28.5439      0.001    114.784    85.0486    82.5261    79.7027          0          0          0          0          0
      8100          0          1     699.73    292.735    62.3725    28041.4    28563.3    56604.8    2400.83    2419.89   0.396971   -128.066    2.66527    2111.96    2319.83    2.87783    28.6901      0.001    114.576     84.951    82.3591     79.532          0          0          0          0          0
      8000          0          1     699.73    293.113    62.8468    28104.3    28856.5    56960.7    2400.38    2419.15   0.395999   -128.901    2.66565    2111.55    2319.09    2.87883    28.9784      0.001    114.375    84.8534    82.1972    79.3613          0          0          0          0          0
      7900          0          1     699.73    293.477    63.5257    28167.8    29149.9    57317.7    2399.94    2418.41   0.395086   -129.656    2.66598    2111.14    2318.37    2.87978    29.4456      0.001    114.187    84.7552    82.0537    79.2002          0          0          0          0          0
      7800          0          1     699.73    293.827    64.3695    28232.2    29443.8    57675.9    2399.52    2417.69   0.394232   -130.326    2.66627    2110.75    2317.66     2.8807    30.0666      0.001    114.009     84.657    81.9269    79.0881          0          0          0          0          0
      7700          0          1     699.73    294.163    65.3647    28297.6    29737.9    58035.5    2399.13       2417   0.393439   -130.907    2.66651    2110.37    2316.99    2.88158    30.8258      0.001     113.84    84.5553    81.8191    79.0106          0          0          0          0          0
      7600          0          1     699.73    294.484    66.5222    28364.1    30032.4    58396.5    2398.75    2416.34   0.392706   -131.396    2.66673       2110    2316.35    2.88243    31.7343      0.001    113.679    84.4442    81.7256      78.95          0          0          0          0          0
      7500          0          1     699.73    294.792    67.8127    28431.9    30327.2    58759.1     2398.4    2415.73   0.392029   -131.792    2.66691    2109.66    2315.75    2.88325    32.7681      0.001    113.526    84.3283    81.6389    78.8834          0          0          0          0          0
      7400          0          1     699.73    295.087    68.1814    28500.1    30622.3    59122.4    2398.07    2415.14   0.391399   -132.114    2.66707    2109.34    2315.17    2.88403    33.1313      0.001    113.379    84.2103    81.5523    78.8076          0          0          0          0          0
      7300          0          1     699.73    295.371    68.0134    28568.1    30917.7    59485.7    2397.75    2414.57   0.390811   -132.418    2.66721    2109.04    2314.62    2.88478    33.0113      0.001    113.238    84.0919    81.4639    78.7256          0          0          0          0          0
      7200          0          1     699.73    295.647    67.5795    28635.7    31213.3      59849    2397.44    2414.03   0.390259   -132.727    2.66733    2108.74    2314.09    2.88551    32.6635      0.001    113.102    83.9741    81.3734    78.6394          0          0          0          0          0
      7100          0          1     699.73    295.914     66.967    28702.6    31509.2    60211.8    2397.14     2413.5    0.38974   -133.047    2.66743    2108.45    2313.57    2.88622    32.1608      0.001    112.972    83.8573    81.2812    78.5501          0          0          0          0          0
      7000          0          1     699.73    296.174    66.2226    28768.9    31805.4    60574.2    2396.85    2412.99   0.389249   -133.386    2.66752    2108.17    2313.07    2.88691     31.542      0.001    112.845    83.7419    81.1876    78.4584          0          0          0          0          0
      6900          0          1     699.73    296.429    65.3875    28834.2    32101.8    60936.1    2396.56    2412.48   0.388783   -133.743    2.66759     2107.9    2312.58    2.88758     30.841      0.001    112.722    83.6281    81.0929     78.365          0          0          0          0          0
      6800          0          1     699.73    296.678    64.4803    28898.7    32398.5    61297.2    2396.28    2411.99   0.388338   -134.121    2.66766    2107.63     2312.1    2.88825    30.0744      0.001    112.603    83.5159    80.9974    78.2704          0          0          0          0          0
      6700          0          1     699.73    296.922    63.5243    28962.2    32695.4    61657.7    2396.01    2411.51   0.387913    -134.52    2.66772    2107.36    2311.62     2.8889    29.2602      0.001    112.486    83.4054    80.9012    78.1748          0          0          0          0          0
      6600          0          1     699.73    297.161    62.5479    29024.8    32992.6    62017.4    2395.74    2411.03   0.387505   -134.938    2.66777     2107.1    2311.16    2.88954    28.4241      0.001    112.372    83.2966    80.8046    78.0786          0          0          0          0          0
      6500          0          1     699.73    297.397    61.5403    29086.3      33290    62376.3    2395.47    2410.56   0.387112   -135.375    2.66781    2106.84     2310.7    2.89017    27.5575      0.001     112.26    83.1893    80.7076     77.982          0          0          0          0          0
      6400          0          1     699.73     297.63    60.8114    29147.1    33587.6    62734.7    2395.21    2410.09   0.386732   -135.825    2.66785    2106.58    2310.24    2.89079    26.8946      0.001     112.15    83.0836    80.6106     77.885          0          0          0          0          0
      6300          0          1     699.73    297.859    60.2472    29207.4    33885.5    63092.9    2394.95    2409.63   0.386365   -136.271    2.66788    2106.33    2309.79     2.8914    26.3798      0.001    112.042    82.9793    80.5134     77.788          0          0          0          0          0
      6200          0          1     699.73    298.085    59.7762    29267.2    34183.5    63450.7    2394.69    2409.18   0.386008   -136.708    2.66791    2106.08    2309.35    2.89201    25.9433      0.001    111.936    82.8765    80.4163     77.691          0          0          0          0          0
      6100          0          1     699.73    298.308    59.3888    29326.6    34481.9    63808.4    2394.44    2408.73    0.38566   -137.131    2.66794    2105.83    2308.91    2.89261    25.5786      0.001    111.831    82.7749    80.3193     77.594          0          0          0          0          0
      6000          0          1     699.73    298.529    59.0563    29385.6    34780.4      64166    2394.19    2408.29   0.385321    -137.54    2.66796    2105.58    2308.48     2.8932    25.2623      0.001    111.728    82.6746    80.2226    77.4972          0          0          0          0          0
      5900          0          1     699.73    298.747     58.767    29444.4    35079.1    64523.5    2393.94    2407.85   0.384989   -137.932    2.66798    2105.34    2308.05    2.89379    24.9844      0.001    111.626    82.5756    80.1261    77.4007          0          0          0          0          0
      5800          0          1     699.73    298.963    58.5126    29502.9    35378.1      64881    2393.69    2407.41   0.384664   -138.309    2.66799     2105.1    2307.62    2.89437    24.7381      0.001    111.525    82.4776      80.03    77.3045          0          0          0          0          0
      5700          0          1     699.73    299.177    58.2875    29561.2    35677.3    65238.5    2393.45    2406.98   0.384346   -138.671    2.66801    2104.86     2307.2    2.89494    24.5186      0.001    111.426    82.3808    79.9343    77.2086          0          0          0          0          0
      5600          0          1     699.73    299.389    58.0887    29619.3    35976.7    65595.9     2393.2    2406.55   0.384034   -139.016    2.66802    2104.62    2306.78    2.89551    24.3233      0.001    111.327    82.2852    79.8391    77.1132          0          0          0          0          0
      5500          0          1     699.73    299.599     57.913    29677.2    36276.3    65953.4    2392.96    2406.12   0.383726   -139.347    2.66803    2104.38    2306.37    2.89608    24.1496      0.001     111.23    82.2086    79.7446    77.0183          0          0          0          0          0
      5400          0          1     699.73    299.805    57.0376    29734.2    36576.1    66310.3    2392.72     2405.7   0.383424   -139.676    2.66804    2104.15    2305.96    2.89663    23.4503      0.001    111.134    82.1486    79.6515     76.924          0          0          0          0          0
      5300          0          1     699.73    300.006    55.7305      29790    36876.1      66666    2392.48    2405.28   0.383127   -140.043    2.66805    2103.91    2305.56    2.89718    22.3578      0.001    111.041    82.0958    79.5602    76.8307          0          0          0          0          0
      5200          0          1     699.73    300.201    54.1943    29844.1    37176.3    67020.4    2392.25    2404.87   0.382836   -140.462    2.66805    2103.68    2305.16    2.89772    21.0602      0.001    110.949     82.046    79.4707    76.7386          0          0          0          0          0
      5100          0          1     699.73    300.392    52.5124    29896.7    37476.7    67373.3    2392.02    2404.46   0.382551   -140.938    2.66806    2103.46    2304.78    2.89824    19.6292      0.001     110.86    81.9973     79.383    76.6479          0          0          0          0          0
      5000          0          1     699.73    300.577    50.6994    29947.4    37777.2    67724.6    2391.79    2404.05   0.382272   -141.472    2.66806    2103.24     2304.4    2.89875    18.0777      0.001    110.773    81.9489    79.2971    76.5586          0          0          0          0          0
      4900          0          1     699.73    300.759    48.8055    29996.2      38078    68074.2    2391.56    2403.66   0.381999   -142.066    2.66807    2103.02    2304.03    2.89925     16.445      0.001    110.688    81.9006    79.2134     76.471          0          0          0          0          0
      4800          0          1     699.73    300.936    46.8336      30043    38378.9    68421.9    2391.34    2403.26   0.381733   -142.717    2.66807    2102.81    2303.66    2.89974    14.7377      0.001    110.605    81.8522    79.1365    76.3858          0          0          0          0          0
      4700          0          1     699.73    301.109    44.8002    30087.8      38680    68767.8    2391.12    2402.88   0.381473   -143.425    2.66808     2102.6    2303.31    2.90022    12.9669      0.001    110.524    81.8044    79.0639     76.304          0          0          0          0          0
      4600          0          1     699.73    301.278    42.7359    30130.5    38981.3    69111.9     2390.9    2402.51    0.38122   -144.187    2.66808     2102.4    2302.97    2.90069    11.1607      0.001    110.446    81.7577     78.995    76.2335          0          0          0          0          0
      4500          0          1     699.73    301.441    40.6205    30171.2    39282.8    69453.9     2390.7    2402.15   0.380979   -145.002    2.66808    2102.21    2302.63    2.90114     9.3029      0.001     110.37    81.7127    78.9333    76.1842          0          0          0          0          0
      4400          0          1     699.73    301.599    38.8275      30210    39584.4    69794.3     2390.5    2401.81    0.38075   -145.861    2.66808    2102.02    2302.31    2.90158    7.67635      0.001    110.296    81.6703    78.8791    76.1463          0          0          0          0          0
      4300          0          1     699.73    301.751     37.217    30247.2    39886.1    70133.3    2390.31    2401.49   0.380534   -146.744    2.66808    2101.84    2302.01      2.902    6.21135      0.001    110.224    81.6316    78.8309    76.1151          0          0          0          0          0
      4200          0          1     699.73    301.895    35.6974    30282.9      40188    70470.9    2390.14    2401.18   0.380331   -147.643    2.66809    2101.68    2301.72    2.90241    4.81957      0.001    110.156    81.5973    78.7871     76.088          0          0          0          0          0
      4100          0          1     699.73    302.033    34.2508    30317.1      40490    70807.2    2389.97     2400.9   0.380141   -148.552    2.66809    2101.52    2301.45     2.9028    3.48757      0.001     110.09    81.5677    78.7468    76.0639          0          0          0          0          0
      4000          0          1     699.73    302.164    32.8468      30350    40792.2    71142.2    2389.82    2400.64   0.379964   -149.471    2.66809    2101.38     2301.2    2.90316    2.19002      0.001    110.028    81.5354    78.7093    76.0418          0          0          0          0          0
      3900          0          1     699.73    302.288    31.4707    30381.5    41094.5      71476    2389.67    2400.39   0.379799   -150.397    2.66809    2101.24    2300.96    2.90351   0.914823      0.001    109.968     81.498     78.674    76.0215          0          0          0          0          0
      3800          0          1     699.73    302.406    30.1129    30411.6    41396.9    71808.5    2389.53    2400.15   0.379646    -151.33    2.66809    2101.11    2300.74    2.90385  -0.346057      0.001    109.912    81.4575      78.64    76.0002          0          0          0          0          0
      3700          0          1     699.73     302.52    28.1988    30439.8    41699.4    72139.2     2389.4    2399.93   0.379502   -152.274    2.66809    2100.99    2300.52    2.90417    -1.9911      0.001    109.857    81.4155    78.6059    75.9739          0          0          0          0          0
      3600          0          1     699.73     302.63    24.7281    30464.5      42002    72466.6    2389.28    2399.72   0.379366   -153.299    2.66809    2100.88    2300.31    2.90448   -4.95629      0.001    109.805    81.3725    78.5707    75.9443          0          0          0          0          0
      3500          0          1     699.73    302.737    20.5984    30485.1    42304.8    72789.9    2389.16    2399.51   0.379237   -154.463    2.66809    2100.77    2300.12    2.90479   -8.50563      0.001    109.755    81.3293    78.5347    75.9122          0          0          0          0          0
      3400          0          1     699.73    302.841    16.2385    30501.3    42607.6      73109    2389.04    2399.31   0.379114   -155.778    2.66809    2100.66    2299.92    2.90508   -12.2969      0.001    109.707    81.2861    78.4979    75.8783          0          0          0          0          0
      3300          0          1     699.73    302.942    11.6516      30513    42910.6    73423.6    2388.93    2399.12   0.378996   -157.242    2.66809    2100.55    2299.73    2.90538   -16.2957      0.001     109.66    81.2431    78.4606    75.8431          0          0          0          0          0
      3200          0          1     699.73    303.042    7.39682    30520.4    43213.6      73734    2388.82    2398.93   0.378883   -158.848    2.66809    2100.44    2299.55    2.90566   -20.1224      0.001    109.614    81.2004     78.423    75.8071          0          0          0          0          0
      3100          0          1     699.73    303.139    4.48291    30524.9    43516.7    74041.6    2388.71    2398.74   0.378773   -160.525     2.6681    2100.34    2299.36    2.90594   -22.8342      0.001    109.569    81.1582    78.3853    75.7704          0          0          0          0          0
      3000          0          1     699.73    303.235    2.03368    30526.9      43820    74346.9     2388.6    2398.55   0.378667   -162.217     2.6681    2100.24    2299.18    2.90622    -25.149      0.001    109.526    81.1165    78.3476    75.7333          0          0          0          0          0
      2900          0          1     699.73     303.33 -0.0943672      30527    44123.3    74650.3     2388.5    2398.37   0.378564   -163.903     2.6681    2100.14       2299     2.9065   -27.1914      0.001    109.483    81.0753      78.31     75.696          0          0          0          0          0
      2800          0          1     699.73    303.422   -1.99802      30529    44426.7    74955.7    2388.39    2398.19   0.378464    -165.57     2.6681    2100.04    2298.83    2.90677   -29.0392      0.001     109.44    81.0346    78.2726    75.6586          0          0          0          0          0
      2700          0          1     699.73    303.514   -3.91007    30532.9    44730.3    75263.2    2388.29    2398.01   0.378366   -167.216     2.6681    2099.94    2298.65    2.90704   -30.8632      0.001    109.399    80.9944    78.2354    75.6213          0          0          0          0          0
      2600          0          1     699.73    303.604   -6.16841    30539.1    45033.9    75572.9    2388.19    2397.83   0.378271   -168.858     2.6681    2099.84    2298.48     2.9073   -32.9759      0.001    109.358    80.9548    78.1985    75.5841          0          0          0          0          0
      2500          0          1     699.73    303.694   -8.52953    30547.6    45337.5    75885.2    2388.09    2397.66   0.378178   -170.512     2.6681    2099.74    2298.31    2.90757   -35.1782      0.001    109.318    80.9157    78.1619    75.5471          0          0          0          0          0
      2400          0          1     699.73    303.782   -10.9187    30558.5    45641.3    76199.9    2387.99    2397.49   0.378086   -172.182     2.6681    2099.65    2298.14    2.90783   -37.4099      0.001    109.278    80.8771    78.1258    75.5103          0          0          0          0          0
      2300          0          1     699.73    303.869   -13.3331    30571.9    45945.2    76517.1    2387.89    2397.31   0.377997    -173.87     2.6681    2099.55    2297.98    2.90808   -39.6636      0.001    109.239     80.839      78.09    75.4739          0          0          0          0          0
      2200          0          1     699.73    303.955   -15.6147    30587.5    46249.2    76836.6    2387.79    2397.14    0.37791   -175.574     2.6681    2099.46    2297.81    2.90834   -41.8313      0.001      109.2    80.8014    78.0546    75.4377          0          0          0          0          0
      2100          0          1     699.73    304.039   -17.4837      30605    46553.2    77158.1     2387.7    2396.98   0.377825   -177.274     2.6681    2099.37    2297.65    2.90859    -43.651      0.001    109.162    80.7643    78.0197     75.402          0          0          0          0          0
      2000          0          1     699.73    304.123   -19.1869    30624.1    46857.3    77481.5     2387.6    2396.81   0.377741   -178.954     2.6681    2099.27    2297.49    2.90884   -45.3255      0.001    109.124    80.7277    77.9848    75.3665          0          0          0          0          0
      1900          0          1     699.73    304.206   -20.7658    30644.9    47161.5    77806.4    2387.51    2396.65   0.377659   -180.608     2.6681    2099.18    2297.33    2.90909   -46.8906      0.001    109.087    80.6915      77.95    75.3313          0          0          0          0          0
      1800          0          1     699.73    304.288    -22.249    30667.2    47465.8      78133    2387.42    2396.48   0.377578   -182.233     2.6681    2099.09    2297.17    2.90934   -48.3696      0.001     109.05    80.6558    77.9154    75.2964          0          0          0          0          0
      1700          0          1     699.73    304.369   -23.7493    30690.9    47770.2    78461.1    2387.32    2396.32   0.377499   -183.829     2.6681       2099    2297.01    2.90958   -49.8435      0.001    109.014    80.6204     77.881    75.2616          0          0          0          0          0
      1600          0          1     699.73    304.449   -25.4443    30716.4    48074.6      78791    2387.23    2396.16   0.377422   -185.404     2.6681    2098.91    2296.86    2.90982   -51.4774      0.001    108.978    80.5855     77.847    75.2271          0          0          0          0          0
      1500          0          1     699.73    304.529   -27.1926    30743.5    48379.2    79122.7    2387.14    2396.01   0.377345   -186.969     2.6681    2098.83    2296.71    2.91006   -53.1557      0.001    108.942    80.5509    77.8132    75.1929          0          0          0          0          0
      1400          0          1     699.73    304.607   -28.9793    30772.5    48683.8    79456.3    2387.05    2395.85    0.37727   -188.527     2.6681    2098.74    2296.56     2.9103   -54.8646      0.001    108.907    80.5167    77.7798     75.159          0          0          0          0          0
      1300          0          1     699.73    304.685   -30.7888    30803.3    48988.5    79791.8    2386.96     2395.7   0.377197   -190.079     2.6681    2098.65    2296.41    2.91053   -56.5924      0.001    108.872    80.4829    77.7467    75.1254          0          0          0          0          0
      1200          0          1     699.73    304.762   -32.3326    30835.6    49293.2    80128.9    2386.88    2395.54   0.377124   -191.624     2.6681    2098.57    2296.26    2.91077   -58.1372      0.001    108.838    80.4494     77.714    75.0921          0          0          0          0          0
      1100          0          1     699.73    304.839   -33.1153    30868.8    49598.1    80466.8    2386.79    2395.39   0.377053   -193.128     2.6681    2098.48    2296.11      2.911   -59.0357      0.001    108.804    80.4163    77.6817    75.0591          0          0          0          0          0
      1000          0          1     699.73    304.914   -33.5754    30902.3      49903    80805.3     2386.7    2395.24   0.376983   -194.563     2.6681     2098.4    2295.97    2.91123   -59.6479      0.001     108.77    80.3836    77.6497    75.0265          0          0          0          0          0
       900          0          1     699.73    304.989   -33.6911      30936      50208      81144    2386.62    2395.09   0.376914   -195.918     2.6681    2098.32    2295.82    2.91145   -59.9652      0.001    108.737    80.3512     77.618    74.9942          0          0          0          0          0
       800          0          1     699.73    305.063   -33.5485    30969.6      50513    81482.6    2386.54    2394.94   0.376847   -197.181     2.6681    2098.24    2295.68    2.91168   -60.0468      0.001    108.704    80.3191    77.5867    74.9622          0          0          0          0          0
       700          0          1     699.73    305.136   -33.0996    31002.7    50818.2    81820.8    2386.45     2394.8    0.37678   -198.348     2.6681    2098.15    2295.54     2.9119   -59.8707      0.001    108.671    80.2874    77.5558    74.9306          0          0          0          0          0
       600          0          1     699.73    305.209   -32.1858    31034.9    51123.4    82158.2    2386.37    2394.65   0.376715   -199.403     2.6681    2098.07     2295.4    2.91213   -59.2857      0.001    108.639    80.2561    77.5252    74.8993          0          0          0          0          0
       500          0          1     699.73    305.281   -30.9964    31065.9    51428.6    82494.5    2386.29    2394.51   0.376651   -200.336     2.6681       2098    2295.26    2.91235   -58.4479      0.001    108.607    80.2251     77.495    74.8684          0          0          0          0          0
       400          0          1     699.73    305.352   -29.5066    31095.4      51734    82829.4    2386.21    2394.37   0.376588   -201.141     2.6681    2097.92    2295.13    2.91256    -57.343      0.001    108.575    80.1944    77.4651    74.8378          0          0          0          0          0
       300          0          1     699.73    305.422   -27.7713    31123.1    52039.4    83162.6    2386.13    2394.23   0.376526   -201.812     2.6681    2097.84    2294.99    2.91278    -56.008      0.001    108.544     80.164    77.4355    74.8076          0          0          0          0          0
       200          0          1     699.73    305.492   -25.5694    31148.7    52344.9    83493.6    2386.05    2394.09   0.376465   -202.347     2.6681    2097.76    2294.86    2.91299   -54.2976      0.001    108.513     80.134    77.4063    74.7777          0          0          0          0          0
       100          0          1     699.73    305.561   -22.4643    31171.2    52650.5    83821.6    2385.97    2393.95   0.376406   -202.712     2.6681    2097.69    2294.72    2.91321    -51.801      0.001    108.483    80.1043    77.3775    74.7482          0          0          0          0          0
         0          0          1     699.73    305.629   -18.8812      31190    52956.1    84146.1    2385.89    2393.82   0.376347   -202.881     2.6681    2097.61    2294.59    2.91342   -48.8681      0.001    108.452    80.0749     77.349     74.719          0          0          0          0          0