     20000          0          1          0    187.948    365.085    365.085    187.948    553.033    2341.68    2425.58     0.6884    15.9048    2.49734    2048.25    2344.34    2.72726    282.674      0.001    107.636    92.0964    89.5112    88.8986          0          0          0          0          0
     19900          0          1          0    187.948    364.222    729.307    375.896     1105.2    2341.68    2425.58   0.688551    15.7588    2.49734    2048.25    2344.34    2.72741    281.904      0.001    107.636    92.0964    89.5112    88.8986          0          0          0          0          0
     19800          0          1          0    187.948    363.638    1092.95    563.844    1656.79    2341.68    2425.58   0.688701    15.6176    2.49734    2048.25    2344.34    2.72756    281.339      0.001    107.636    92.0964    89.5112    88.8986          0          0          0          0          0
     19700          0          1          0    187.948    363.429    1456.37    751.792    2208.17    2341.68    2425.58   0.688851    15.4963    2.49734    2048.25    2344.34     2.7277     281.07      0.001    107.636    92.0964    89.5112    88.8986          0          0          0          0          0
     19600          0          1          0    187.948    363.507    1819.88    939.741    2759.62    2341.68    2425.58   0.689002    15.4101    2.49734    2048.25    2344.34    2.72785    281.045      0.001    107.636    92.0964    89.5112    88.8986          0          0          0          0          0
     19500          0          1          0    187.948    361.776    2181.66    1127.69    3309.35    2341.68    2425.58   0.689152    15.3344    2.49734    2048.25    2344.34      2.728    279.849      0.001    107.636    92.0964    89.5112    88.8986          0          0          0          0          0
     19400          0          1          0    187.948    358.969    2540.63    1315.64    3856.26    2341.68    2425.58   0.689302    15.1783    2.49734    2048.25    2344.34    2.72815    277.734      0.001    107.636    92.0964    89.5112    88.8986          0          0          0          0          0
     19300          0          1          0    187.948    356.401    2897.03    1503.58    4400.61    2341.68    2425.58   0.689452    14.9169    2.49734    2048.25    2344.34     2.7283    275.681      0.001    107.636    92.0964    89.5112    88.8986          0          0          0          0          0
     19200          0          1          0    187.948    353.856    3250.88    1691.53    4942.42    2341.68    2425.58   0.689602    14.5704    2.49734    2048.25    2344.34    2.72845    273.656      0.001    107.636    92.0964    89.5112    88.8986          0          0          0          0          0
     19100          0          1          0    187.948    353.032    3603.92    1879.48     5483.4    2341.68    2425.58   0.689752    14.1716    2.49734    2048.25    2344.34    2.72859    272.757      0.001    107.636    92.0964    89.5112    88.8986          0          0          0          0          0
     19000          0          1          0    187.948    353.243    3957.16    2067.43    6024.59    2341.68    2425.58   0.689901    13.8067    2.49734    2048.25    2344.34    2.72874    272.733      0.001    107.636    92.0964    89.5112    88.8986          0          0          0          0          0
     18900          0          1          0    187.948    351.625    4308.78    2255.38    6564.16    2341.68    2425.58   0.690051    13.4738    2.49734    2048.25    2344.34    2.72889    271.574      0.001    107.636    92.0964    89.5112    88.8986          0          0          0          0          0
     18800          0          1          0    187.948    348.984    4657.77    2443.33    7101.09    2341.68    2425.58   0.690201    13.0782    2.49734    2048.25    2344.34    2.72904    269.522      0.001    107.636    92.0964    89.5112    88.8986          0          0          0          0          0
     18700     0.0241          0     0.0241    187.955     347.17    5004.94    2631.28    7636.22    2341.68    2425.58    0.69035    12.6065    2.49734    2048.37    2344.34    2.73008    267.731      0.001    107.636    92.0964    89.5112    88.8986          0          0          0          0          0
     18600     0.0002          0     2.4102    188.626    344.882    5349.82    2819.91    8169.73    2341.71    2425.58     0.6904     12.084    2.49734    2049.03    2344.34    2.74277    265.064      0.001    107.634    92.0946    89.5087     88.898          0          0          0          0          0
     18500     0.0156          0     2.4456    188.377    344.016    5693.84    3008.28    8702.12    2341.75    2425.58    0.69047    11.5493    2.49734    2048.79    2344.34    2.73239     265.21      0.001    107.624    92.0871    89.5017    88.8948          0          0          0          0          0
     18400     0.0207          0     4.0107    188.714    342.212    6036.05       3197    9233.04     2341.8    2425.58   0.690479     10.998    2.49734     2049.2    2344.34    2.74066    262.996      0.001    107.611    92.0772    89.4935    88.8894          0          0          0          0          0
     18300     0.0112          0     6.0712    189.076    338.746    6374.79    3386.07    9760.87    2341.87    2425.58   0.690452    10.3929    2.49734    2049.56    2344.34    2.74454    260.307      0.001    107.593     92.063    89.4812    88.8813          0          0          0          0          0
     18200          0          1       7.18    189.071    334.674    6709.47    3575.14    10284.6    2341.95    2425.58   0.690424    9.66512    2.49734    2049.49    2344.35    2.74038    257.659      0.001    107.569    92.0468    89.4649    88.8695          0          0          0          0          0
     18100          0          1       7.18    188.811    331.495    7040.96    3763.96    10804.9    2342.01    2425.58   0.690446    8.81268    2.49734    2049.19    2344.35     2.7346    255.439      0.001    107.544    92.0338    89.4483    88.8549          0          0          0          0          0
     18000          0          1       7.18    188.687     328.35    7369.31    3952.64      11322    2342.05    2425.58   0.690523    7.87504    2.49734    2049.06    2344.35     2.7342    252.774      0.001    107.522     92.025    89.4342    88.8396          0          0          0          0          0
     17900          0          1       7.18    188.613    327.565    7696.88    4141.25    11838.1    2342.07    2425.58   0.690651    6.90024    2.49734    2048.98    2344.35    2.73413    251.692      0.001    107.505    92.0196    89.4222     88.825          0          0          0          0          0
     17800     0.0038          0     7.1838    188.561    328.232    8025.11    4329.82    12354.9    2342.09    2425.58   0.690811    6.00523    2.49734    2048.94    2344.35    2.73426    251.813      0.001    107.492    92.0164    89.4122    88.8117          0          0          0          0          0
     17700     0.0162          0     7.5762    188.631    326.308    8351.42    4518.45    12869.9     2342.1    2425.58   0.690973    5.18475    2.49734    2049.08    2344.36    2.73685    250.096      0.001    107.482    92.0144    89.4033       88.8          0          0          0          0          0
     17600     0.0278          0     9.2078    189.015    322.654    8674.07    4707.46    13381.5    2342.13    2425.58   0.691079    4.29945    2.49734    2049.58    2344.36    2.74454    246.595      0.001    107.472    92.0116    89.3935    88.7891          0          0          0          0          0
     17500     0.0291          0    11.9891     189.58    322.112    8996.18    4897.04    13893.2     2342.2    2425.59    0.69109    3.35825    2.49734    2050.21    2344.37     2.7524     245.24      0.001    107.456    92.0048    89.3792    88.7772          0          0          0          0          0
     17400     0.0293          0    14.8993    192.822     354.13    9350.31    5089.86    14440.2    2336.68     2425.9   0.731221    1.68863    2.44051    2090.92    2389.43    2.67209    291.294      0.001    107.607    92.0804    89.3686    88.7253          0          0          0          0          0
     17300     0.0302          0    17.8302    194.064    363.631    9713.94    5283.93    14997.9    2332.74    2427.09   0.764156    1.48227    2.39082    2100.47    2399.41    2.65404    299.681      0.001    107.631    92.1725    89.4947    88.8636          0          0          0          0          0
     17200     0.0386          0    20.8586     194.89    369.222    10083.2    5478.82      15562    2329.71    2428.54   0.792748    1.67615    2.34741    2105.49    2404.39    2.64668    304.392      0.001    107.525    92.2759    89.7058    89.1387          0          0          0          0          0
     17100      0.054          0     24.734    195.905    372.312    10455.5    5674.72    16130.2     2327.3    2430.05   0.817815     2.0241     2.3095    2109.74    2408.14    2.64656    306.541      0.001    107.333    92.4077    89.9923    89.5104          0          0          0          0          0
     17000     0.0761          0    30.1561    197.361    373.474      10829    5872.08      16701    2325.41    2431.56   0.839833    2.39355    2.27638    2113.94    2411.24    2.65276    306.713      0.001    107.096    92.5826    90.3455    89.9515          0          0          0          0          0
     16900     0.0536          0    37.7436    199.365    368.297    11197.2    6071.45    17268.7    2323.98    2433.03   0.859195    2.62509    2.24743    2118.08    2413.81    2.66321    302.205      0.001    106.841    92.8179     90.749    90.4416          0          0          0          0          0
     16800     0.0371          0    43.0871    200.495    360.561    11557.8    6271.94    17829.8    2322.91    2434.45   0.876152    2.47476     2.2221    2120.92    2415.96    2.64693    297.615      0.001    106.587    93.1177    91.1892    90.9631          0          0          0          0          0
     16700     0.0418          0    46.8018    201.328      351.9    11909.7    6473.27      18383     2322.1    2435.81   0.890769    1.87265    2.19994    2123.25    2417.76    2.63212    291.377      0.001    106.359    93.4645    91.6681    91.5063          0          0          0          0          0
     16600     0.0551          0    50.9951    202.587    341.628    12251.3    6675.86    18927.2    2321.51    2437.12   0.903345   0.820971    2.18051    2125.84    2419.26    2.63051    282.543      0.001    106.174    93.8636    92.1804    92.0372          0          0          0          0          0
     16500     0.0685          0    56.5185    204.346    341.863    12593.2     6880.2    19473.4    2321.12    2438.34   0.914242  -0.498009    2.16347    2128.73    2420.52    2.63602     280.87      0.001    106.036     94.304    92.7008    92.5214          0          0          0          0          0
     16400     0.0958          0    63.3958    206.447    349.243    12942.4    7086.65    20029.1    2320.93    2439.49    0.92373   -1.47142     2.1485    2131.83    2421.57    2.64369    285.828      0.001    105.938    94.7707    93.2266    93.0347          0          0          0          0          0
     16300      0.106          0     72.986    209.215    352.674    13295.1    7295.87      20591    2320.95    2440.56   0.932031   -1.95849    2.13534    2135.37    2422.44    2.66019    287.978      0.001    105.868    95.2366    93.7526    93.5605          0          0          0          0          0
     16200     0.1045          0    83.5845    211.958     354.61    13649.7    7507.82    21157.6    2321.17    2441.59   0.939323   -2.20713    2.12376    2138.64    2423.18    2.66741    289.641      0.001    105.815    95.6663    94.2633    94.0847          0          0          0          0          0
     16100     0.1023          0    94.0323    214.415    344.972    13994.7    7722.24    21716.9    2321.54    2442.55   0.945614    -2.4809    2.11354    2141.48     2423.8    2.66696    283.263      0.001    105.768    96.0991    94.7514    94.5948          0          0          0          0          0
     16000     0.0983          0    104.258    216.714    327.289      14322    7938.95    22260.9    2322.04    2443.47   0.950936   -3.40651    2.10453    2144.06    2424.32    2.66496    269.401      0.001    105.729    96.5351    95.2214    95.0844          0          0          0          0          0
     15900        0.1          0     114.09    218.871    318.035      14640    8157.82    22797.8    2322.62    2444.34   0.955374   -5.03959    2.09656    2146.44    2424.76     2.6616    261.103      0.001    105.698    96.9717    95.6723    95.5083          0          0          0          0          0
     15800     0.1027          0    124.093    221.106    313.881    14953.9    8378.93    23332.8    2323.25    2445.14   0.959029   -6.82318     2.0895    2148.82    2425.14    2.66119      257.4      0.001    105.677    97.4069    96.0914    95.8609          0          0          0          0          0
     15700     0.0998          0     134.36     223.41    310.927    15264.8    8602.34    23867.2    2323.94    2445.88   0.962029   -8.55086    2.08323    2151.17    2425.47    2.66128    254.912      0.001    105.665     97.832    96.4888    96.2144          0          0          0          0          0
     15600     0.0966          0    144.337    225.592      309.2      15574    8827.93      24402    2324.68    2446.58   0.964446     -10.17    2.07766    2153.34    2425.76     2.6581    253.699      0.001     105.66    98.2434    96.8707    96.5603          0          0          0          0          0
     15500     0.0954          0    153.995     227.69    306.801    15880.8    9055.62    24936.5    2325.44    2447.23   0.966319   -11.6608    2.07269     2155.4    2426.02    2.65427    252.095      0.001    105.661    98.6411    97.2397    96.8948          0          0          0          0          0
     15400      0.097          0    163.537    229.788    303.978    16184.8    9285.41    25470.2    2326.23    2447.85   0.967709   -13.0843    2.06825    2157.44    2426.26    2.65133    249.941      0.001     105.67    98.9997    97.5942    97.2159          0          0          0          0          0
     15300     0.1206          0    173.261    231.972    302.705    16487.5    9517.38    26004.9    2327.04    2448.44   0.968694   -14.4361    2.06427    2159.59    2426.49    2.65081    248.638      0.001    105.685    99.3244    97.9299    97.5217          0          0          0          0          0
     15200     0.1424          0    185.342    234.875    301.743    16789.3    9752.26    26541.5    2327.89       2449   0.969422   -15.6589    2.06068    2162.34    2426.72    2.66273    246.792      0.001      105.7    99.6491    98.2429    97.8097          0          0          0          0          0
     15100     0.1877          0    199.628     238.21    306.806    17096.1    9990.47    27086.5    2328.81    2449.54   0.970054   -16.6413    2.05744    2165.47    2426.95     2.6762     249.59      0.001    105.706    99.9578    98.5236    98.0754          0          0          0          0          0
     15000     0.2303          0     218.44    242.606    315.173    17411.2    10233.1    27644.3    2329.84    2450.06   0.970711   -17.0976    2.05449    2169.41    2427.19    2.70281    254.733      0.001    105.688    100.231    98.7608    98.3122          0          0          0          0          0
     14900     0.2164          0    241.456    247.679    320.525    17731.8    10480.8    28212.5    2331.02    2450.55   0.971527   -17.0105     2.0518    2173.63    2427.45    2.72697    258.705      0.001     105.63    100.444    98.9388    98.5104          0          0          0          0          0
     14800       0.18          0     263.06    251.571    326.049    18057.8    10732.3    28790.1     2332.3    2451.03   0.972262   -16.5572    2.04932    2176.78    2427.73    2.72067    265.179      0.001    105.519    100.587    99.0555    98.6603          0          0          0          0          0
     14700     0.1264          0    281.006    254.031    317.434    18375.2    10986.4    29361.6    2333.61    2451.49   0.972485   -16.0308    2.04703    2178.76    2428.04    2.69886    261.749      0.001    105.367    100.674    99.1312    98.7613          0          0          0          0          0
     14600      0.095          0    293.615    243.257    250.969    18626.2    11229.6    29855.8    2340.75    2451.83   0.922995   -17.3704    2.10852    2135.15    2386.68    2.81252    190.461      0.001    118.139    97.5451     96.603    98.3671          0          0          0          0          0
     14500     0.0726          0    303.093    238.682    226.116    18852.3    11468.3    30320.6    2346.53    2451.53   0.881473   -22.6704    2.16764    2126.72    2381.15    2.81899    167.383      0.001    125.535    93.6609    94.0308    97.0728          0          0          0          0          0
     14400     0.0807          0    310.361    237.344    211.741    19064.1    11705.6    30769.7    2351.77    2451.08   0.841315   -28.7496    2.22428    2121.94    2376.76    2.81486    154.523      0.001    129.699     91.264    92.6858    95.5043          0          0          0          0          0
     14300     0.0947          0    318.445     238.07    198.556    19262.6    11943.7    31206.3    2356.65     2450.5   0.801864   -34.5423    2.27761       2119    2372.52    2.82381    142.889      0.001    132.058    90.2175    92.1215    94.2215          0          0          0          0          0
     14200     0.1003          0     327.92    239.806     186.74    19449.4    12183.5    31632.9    2361.18    2449.78   0.763831   -39.7966    2.32682       2117    2368.48    2.83666    132.569      0.001    133.285    89.9364    91.9564     93.151          0          0          0          0          0
     14100     0.1052          0    337.955    241.744    180.377    19629.7    12425.3      32055    2365.34     2448.9    0.72792   -44.3851    2.37142    2115.37     2364.7     2.8464    126.757      0.001    133.766    90.0631    91.9204    92.2823          0          0          0          0          0
     14000     0.1203          0     348.49    243.744     177.36    19807.1      12669    32476.1    2369.09    2447.89   0.694604   -48.1665    2.41127    2114.03     2361.2    2.85595    123.869      0.001    133.751    90.3575    91.8835    91.6534          0          0          0          0          0
     13900      0.107          0    360.507    246.062    171.847    19978.9    12915.1      32894    2372.46     2446.8   0.664148   -51.2572    2.44648    2113.07    2357.98    2.86857    119.373      0.001    133.393    90.6737    91.8329    91.1871          0          0          0          0          0
     13800       0.11          0     371.21    247.728    165.979    20144.9    13162.8    33307.7    2375.43    2445.64   0.636596   -53.9344    2.47735    2111.84    2355.01    2.86947    115.166      0.001    132.819    90.9325    91.7378    90.7403          0          0          0          0          0
     13700     0.1149          0    382.215    249.505    161.383    20306.3    13412.3    33718.6    2378.02    2444.43   0.611836   -56.3262    2.50423    2110.89    2352.28    2.87616    111.273      0.001    132.131    91.1032    91.5892    90.3018          0          0          0          0          0
     13600     0.0997          0     393.69    251.375    157.583    20463.9    13663.7    34127.6    2380.25    2443.16   0.589752   -58.4592    2.52752     2110.1    2349.74    2.88292    108.191      0.001     131.37    91.1738    91.3512    89.8559          0          0          0          0          0
     13500     0.0789          0    403.639    252.687    160.877    20624.8    13916.4    34541.1    2382.16    2441.86   0.570122   -60.2564    2.54763    2109.01    2347.37    2.88056    110.926      0.001     130.59    91.1446    91.0384    89.3893          0          0          0          0          0
     13400     0.0605          0    411.511    253.488    168.565    20793.3    14169.8    34963.2    2383.74    2440.52   0.552701   -61.4335    2.56494    2107.64    2345.13    2.87461    117.638      0.001    129.846    91.0315     90.673    88.8993          0          0          0          0          0
     13300     0.0722          0    417.572    254.022    166.102    20959.4    14423.9    35383.3       2385    2439.15   0.537297   -62.1404    2.57981    2106.25       2343    2.87003    117.027      0.001    129.169    90.8564    90.2789    88.4415          0          0          0          0          0
     13200     0.1068          0    424.827     258.65    186.723    21146.2    14682.5    35828.7    2378.57    2437.82   0.584633   -62.8864    2.51853     2144.8     2384.1     2.7677    147.069      0.001    122.362    90.5578    89.6848    87.9588          0          0          0          0          0
     13100     0.1348          0    435.535    262.911    191.696    21337.9    14945.4    36283.3    2373.52    2437.34   0.625611   -62.6207    2.46235    2155.42    2392.87    2.75724    150.696      0.001    117.109    90.4599    89.3061      87.63          0          0          0          0          0
     13000     0.1546          0    449.035    267.191    195.638    21533.5    15212.6    36746.1     2369.4    2437.17    0.66213   -62.0286    2.41206    2161.64    2396.57    2.75989    153.855      0.001    113.021    90.6022    89.1565    87.4565          0          0          0          0          0
     12900     0.1684          0    464.508    271.234    199.853    21733.3    15483.9    37217.2    2366.05    2437.14   0.694595   -61.3061    2.36761    2166.53    2398.97    2.76301    157.372      0.001    109.841    90.8793    89.1398    87.4189          0          0          0          0          0
     12800     0.1791          0    481.359    274.889    204.175    21937.5    15758.7    37696.3    2363.34    2437.21   0.723385   -60.5129    2.32854    2170.62    2400.82    2.76559    161.193      0.001    107.338    91.1891     89.182    87.4806          0          0          0          0          0
     12700     0.1672          0    499.257    278.366    204.498      22142    16037.1    38179.1    2361.19    2437.36   0.748943   -59.7671    2.29425    2174.25    2402.36    2.76595    162.084      0.001    105.293    91.4799    89.2546    87.6049          0          0          0          0          0
     12600     0.1587          0    515.969    281.232    202.558    22344.6    16318.3    38662.9    2359.52    2437.59   0.771418    -59.291    2.26412    2177.29    2403.73    2.75459     161.49      0.001    103.635    91.7459    89.3744    87.7701          0          0          0          0          0
     12500     0.1469          0    531.827      283.8    201.313    22545.9    16602.1      39148    2358.22    2437.89   0.791014   -59.1311    2.23761    2180.02    2404.99    2.74322    161.061      0.001    102.292    91.9759    89.5312    87.9653          0          0          0          0          0
     12400     0.1334          0    546.503    286.038    200.556    22746.4    16888.2    39634.6    2357.25    2438.25   0.808056   -59.1941    2.21421    2182.47     2406.2    2.72991    161.186      0.001    101.227    92.1858     89.712    88.1811          0          0          0          0          0
     12300     0.1252          0    559.835     287.97     198.78    22945.2    17176.1    40121.4    2356.55    2438.67   0.822832    -59.455    2.19352    2184.69    2407.36    2.71564    160.463      0.001    100.385    92.4011    89.9119    88.4101          0          0          0          0          0
     12200      0.115          0    572.345     289.83    196.058    23141.3      17466    40607.3    2356.05    2439.13   0.835628   -59.9501    2.17518    2186.82     2408.5     2.7034    158.642      0.001    99.7084    92.6246    90.1245    88.6127          0          0          0          0          0
     12100     0.0913          0    583.821    291.531    195.018    23336.3    17757.5    41093.8    2355.73    2439.63   0.846694   -60.6427    2.15889    2188.81    2409.62    2.68962    158.215      0.001     99.168    92.8571    90.3377    88.7868          0          0          0          0          0
     12000     0.0843          0    592.944    292.665    195.538    23531.8    18050.2      41582    2355.53    2440.15   0.856157   -61.3867     2.1444    2190.45    2410.71    2.67003    159.523      0.001    98.7532    93.1035    90.5598    88.9787          0          0          0          0          0
     11900     0.0776          0    601.368    293.923    196.807    23728.6    18344.1    42072.7    2355.45    2440.69   0.864196   -62.1103    2.13148    2192.14    2411.79    2.65723    160.893      0.001    98.4566    93.3726    90.8042    89.1906          0          0          0          0          0
     11800     0.0776          0    609.128    295.228      198.8    23927.4    18639.3    42566.8    2355.46    2441.27   0.871054   -62.7564    2.11996    2193.86    2412.84     2.6454    162.879      0.001     98.255    93.6671    91.0724    89.4205          0          0          0          0          0
     11700      0.077          0    616.887     296.76    208.001    24135.5    18936.1    43071.5    2355.56    2441.87   0.876907   -63.1659    2.10967    2195.69    2413.88    2.63675    170.444      0.001    98.1304    93.9869    91.3459    89.6651          0          0          0          0          0
     11600     0.0747          0    624.585    281.853    183.521      24319    19217.9    43536.9     2361.7    2442.37   0.830094   -63.4971    2.16458    2151.63    2373.64    2.81605    134.436      0.001    107.958    91.3404    89.2497    89.6399          0          0          0          0          0
     11500     0.0715          0    632.051    275.916    167.004      24486    19493.9    43979.8    2366.63    2442.39   0.793024   -66.0124    2.21768    2143.89    2369.18     2.8434    119.697      0.001    113.944    87.8604    86.9496    88.7393          0          0          0          0          0
     11400     0.0669          0    639.197     274.39    144.291    24630.3    19768.2    44398.5    2371.18    2442.37   0.757505   -69.7226    2.26874    2139.91    2365.74    2.84906    100.537      0.001    117.386    85.7268    85.8404    87.6713          0          0          0          0          0
     11300     0.0629          0    645.883    274.626    133.807    24764.1    20042.9    44806.9    2375.51     2442.3     0.7224   -73.9569    2.31693     2137.2    2362.41    2.85166    90.6507      0.001    119.423    84.8674    85.4955    86.6869          0          0          0          0          0
     11200     0.0577          0    652.168    275.526    130.353    24894.4    20318.4    45212.8    2379.56    2442.11   0.688252   -77.7795    2.36143    2135.08    2359.25    2.85407    87.3672      0.001    120.569    84.7886    85.4945    85.8927          0          0          0          0          0
     11100     0.0537          0    657.934    276.592    123.373    25017.8      20595    45612.8    2383.28    2441.78   0.655809   -81.0305    2.40176    2133.28    2356.33    2.85577    82.0091      0.001    121.148    85.0938    85.6102    85.2995          0          0          0          0          0
     11000     0.0491          0    663.299    277.697    114.526    25132.3    20872.7      46005    2386.65    2441.36   0.625638   -84.0126    2.43776    2131.71    2353.66    2.85754    74.8708      0.001    121.364    85.4689    85.7618    84.9662          0          0          0          0          0
     10900     0.0449          0    668.205    278.752    109.561    25241.9    21151.4    46393.3    2389.65    2440.87   0.598053   -86.7922    2.46954    2130.31    2351.24    2.85877    70.5303      0.001    121.347    85.8178    85.9018    84.7093          0          0          0          0          0
     10800     0.0411          0    672.691    279.753    106.845    25348.7    21431.2    46779.9    2392.29    2440.31    0.57315   -89.2397    2.49736    2129.06    2349.03    2.85986    68.2073      0.001    121.185    86.1768    85.9957    84.4885          0          0          0          0          0
     10700     0.0371          0    676.797    280.697    103.174    25451.9    21711.9    47163.8    2394.57    2439.67   0.550885   -91.3944    2.52155    2127.92    2347.01    2.86083    65.2907      0.001    120.933     86.499    86.0369    84.2838          0          0          0          0          0
     10600     0.0336          0    680.504    281.569     99.038    25550.9    21993.5    47544.4    2396.52    2438.99   0.531126   -93.3965    2.54248    2126.88    2345.15    2.86152    61.9122      0.001    120.631    86.7635    86.0279    84.0819          0          0          0          0          0
     10500       0.03          0     683.86    282.387    96.5828    25647.5    22275.8    47923.4    2398.16    2438.25   0.513688    -95.286    2.56052    2125.91    2343.42    2.86219    59.7411      0.001    120.303    86.9639     85.974    83.8748          0          0          0          0          0
     10400     0.0264          0    686.856    283.143    95.1475    25742.7      22559    48301.7    2399.52    2437.47    0.49836   -97.0156    2.57602       2125    2341.81    2.86267    58.4857      0.001    119.964    87.1019    85.8814    83.6587          0          0          0          0          0
     10300     0.0232          0    689.493     283.84    94.2729    25836.9    22842.8    48679.8    2400.64    2436.65   0.484926   -98.5858    2.58932    2124.14    2340.29    2.86301    57.7054      0.001    119.625    87.1829    85.7562    83.4321          0          0          0          0          0
     10200     0.0201          0     691.81    284.492    93.3009    25930.2    23127.3    49057.6    2401.53    2435.81   0.473177   -100.011    2.60071    2123.31    2338.86    2.86337     56.924      0.001    119.291     87.214    85.6045    83.1954          0          0          0          0          0
     10100     0.0168          0    693.817      285.1    91.2798    26021.5    23412.4    49433.9    2402.23    2434.94   0.462913   -101.364    2.61045    2122.52    2337.51    2.86367    55.2728      0.001    118.967    87.2025    85.4315      82.95          0          0          0          0          0
     10000     0.0137          0    695.494    285.656    88.9422    26110.5    23698.1    49808.5    2402.75    2434.05   0.453951   -102.703    2.61877    2121.75    2336.21     2.8638    53.3477      0.001    118.655    87.1559    85.2693    82.7009          0          0          0          0          0
      9900     0.0107          0    696.861    286.167    86.4426    26196.9    23984.2    50181.2    2403.13    2433.15   0.446128   -104.054    2.62587    2121.01    2334.98    2.86391    51.2648      0.001    118.356     87.082    85.1177    82.4576          0          0          0          0          0
      9800     0.0076          0    697.928    286.635    83.8207    26280.7    24270.9    50551.6    2403.38    2432.25   0.439299   -105.429    2.63194    2120.29    2333.81    2.86396    49.0668      0.001    118.071    86.9877    84.9678    82.2285          0          0          0          0          0
      9700     0.0046          0    698.685    287.054    81.1053    26361.8    24557.9    50919.8    2403.53    2431.36   0.433342   -106.836    2.63712    2119.58     2332.7    2.86389    46.7791      0.001    117.803    86.8785    84.8278    82.0736          0          0          0          0          0
      9600     0.0015          0    699.141    287.429    78.3132    26440.2    24845.4    51285.5     2403.6    2430.51   0.428151   -108.278    2.64155     2118.9    2331.64    2.86375    44.4121      0.001    117.551    86.7591    84.6919    81.9609          0          0          0          0          0
      9500          0          1     699.29    287.755    75.4596    26515.6    25133.1    51648.7    2403.61     2429.7   0.423625   -109.759    2.64532    2118.25    2330.65    2.86355    41.9726      0.001    117.315    86.6333    84.5553    81.8325          0          0          0          0          0
      9400          0          1     699.29    288.088    73.3227    26588.9    25421.2    52010.1    2403.56    2428.91   0.419673   -111.267    2.64855    2117.64     2329.7    2.86397     40.001      0.001    117.094    86.5035    84.4134    81.6876          0          0          0          0          0
      9300          0          1     699.29    288.458     71.586    26660.5    25709.7    52370.2    2403.46    2428.14   0.416221   -112.763    2.65131    2117.09     2328.8    2.86499    38.3557      0.001    116.883    86.3707    84.2655    81.5321          0          0          0          0          0
      9200          0          1     699.29    288.843    70.0622    26730.6    25998.5    52729.1    2403.31    2427.38   0.413195   -114.233    2.65367    2116.57    2327.92    2.86605    36.8955      0.001    116.678    86.2349    84.1121    81.3696          0          0          0          0          0
      9100          0          1     699.29    289.232    68.6812    26799.3    26287.7      53087    2403.13    2426.63   0.410532   -115.671     2.6557    2116.08    2327.08    2.86712    35.5607      0.001    116.476    86.0959    83.9539    81.2024          0          0          0          0          0
      9000          0          1     699.29    289.621    67.4148    26866.7    26577.4      53444    2402.92    2425.89   0.408176   -117.075    2.65743     2115.6    2326.25    2.86817    34.3279      0.001    116.276    85.9536     83.792     81.032          0          0          0          0          0
      8900          0          1     699.29    290.008    66.2607    26932.9    26867.4    53800.3    2402.68    2425.15   0.406082   -118.444    2.65891    2115.14    2325.43    2.86922    33.1932      0.001    116.071     85.808    83.6269    80.8593          0          0          0          0          0
      8800          0          1     699.29    290.394    65.1952    26998.1    27157.8    54155.9    2402.41    2424.41   0.404208   -119.776    2.66018    2114.69    2324.64    2.87025    32.1396      0.001    115.863    85.6588    83.4591    80.6851          0          0          0          0          0
      8700          0          1     699.29    290.779    64.2034    27062.3    27448.5    54510.9    2402.13    2423.67   0.402524   -121.071    2.66128    2114.24    2323.85    2.87128     31.154      0.001    115.653    85.5059    83.2889    80.5097          0          0          0          0          0
      8600          0          1     699.29    291.164    63.2777    27125.6    27739.7    54865.3    2401.83    2422.94      0.401   -122.329    2.66222     2113.8    2323.06     2.8723    30.2299      0.001    115.443    85.3608    83.1168    80.3336          0          0          0          0          0
      8500          0          1     699.29    291.546    62.4107      27188    28031.2    55219.3    2401.51     2422.2   0.399612   -123.549    2.66302    2113.36    2322.29    2.87332    29.3612      0.001    115.233    85.2487    82.9439    80.1569          0          0          0          0          0
      8400          0          1     699.29    291.924    62.0296    27250.1    28323.2    55573.2    2401.18    2421.46   0.398342   -124.723    2.66372    2112.93    2321.52    2.87433    28.8679      0.001    115.024    85.1514    82.7717    79.9802          0          0          0          0          0
      8300     0.0004          0     699.29    292.295    61.9685      27312    28615.5    55927.5    2400.83    2420.73   0.397174   -125.829    2.66431     2112.5    2320.76    2.87534    28.6647      0.001    114.818    85.0594    82.6008    79.8042          0          0          0          0          0
      8200      0.004          0    699.334    292.675    62.1071    27374.1    28908.1    56282.3    2400.48    2419.99   0.396095   -126.857    2.66483    2112.09    2320.02    2.87665    28.6114      0.001    114.614     84.968    82.4311    79.6294          0          0          0          0          0
      8100          0          1     699.73    293.156    62.3452    27436.5    29201.3    56637.8    2400.12    2419.26   0.395099   -127.808    2.66527    2111.74    2319.28    2.87887    28.6316      0.001    114.412    84.8749    82.2631    79.4558          0          0          0          0          0
      8000          0          1     699.73    293.462      62.89    27499.4    29494.8    56994.1    2399.76    2418.54   0.394164   -128.673    2.66565     2111.3    2318.56    2.87842    29.0736      0.001     114.22    84.7792    82.1148    79.2861          0          0          0          0          0
      7900          0          1     699.73    293.783    63.5835      27563    29788.5    57351.5     2399.4    2417.82   0.393279   -129.449    2.66598    2110.89    2317.86    2.87925    29.5491      0.001    114.042    84.6832    81.9836    79.1426          0          0          0          0          0
      7800          0          1     699.73    294.103    64.4377    27627.4    30082.6      57710    2399.04    2417.13   0.392459   -130.135    2.66627    2110.49    2317.18    2.88012    30.1758      0.001    113.875     84.583    81.8715    79.0493          0          0          0          0          0
      7700          0          1     699.73    294.415    65.4408    27692.8    30377.1    58069.9     2398.7    2416.47   0.391704   -130.728    2.66651    2110.12    2316.53    2.88097    30.9392      0.001    113.715    84.4733     81.776    78.9819          0          0          0          0          0
      7600          0          1     699.73    294.718    66.6043    27759.4    30671.8    58431.2    2398.37    2415.85    0.39101   -131.226    2.66673    2109.78    2315.92    2.88179    31.8506      0.001    113.563    84.3588    81.6911    78.9224          0          0          0          0          0
      7500          0          1     699.73    295.009    67.8996    27827.3    30966.8    58794.1    2398.06    2415.27   0.390369   -131.629    2.66691    2109.45    2315.35    2.88258    32.8865      0.001    113.417    84.2424    81.6089    78.8526          0          0          0          0          0
      7400          0          1     699.73     295.29    68.2723    27895.6    31262.1    59157.7    2397.75    2414.71   0.389774   -131.957    2.66707    2109.14     2314.8    2.88333    33.2513      0.001    113.278    84.1258    81.5255    78.7757          0          0          0          0          0
      7300          0          1     699.73    295.562    68.1076    27963.7    31557.6    59521.4    2397.46    2414.17   0.389218   -132.267    2.66721    2108.85    2314.27    2.88406    33.1324      0.001    113.143    84.0099    81.4399    78.6938          0          0          0          0          0
      7200          0          1     699.73    295.826    67.6765    28031.4    31853.5    59884.9    2397.17    2413.65   0.388697   -132.579    2.66733    2108.56    2313.76    2.88476    32.7854      0.001    113.014    83.8951    81.3524    78.6086          0          0          0          0          0
      7100          0          1     699.73    296.083    67.0663    28098.5    32149.5      60248    2396.89    2413.15   0.388206   -132.903    2.66743    2108.29    2313.26    2.88545    32.2832      0.001    112.888    83.7818    81.2633    78.5208          0          0          0          0          0
      7000          0          1     699.73    296.333     66.324    28164.8    32445.9    60610.7    2396.62    2412.65   0.387741   -133.244    2.66752    2108.01    2312.78    2.88612    31.6648      0.001    112.767    83.6701    81.1722    78.4311          0          0          0          0          0
      6900          0          1     699.73    296.578    65.4906    28230.3    32742.5    60972.7    2396.35    2412.17   0.387299   -133.604    2.66759    2107.75    2312.31    2.88678     30.964      0.001    112.649      83.56    81.0773    78.3394          0          0          0          0          0
      6800          0          1     699.73    296.819    64.5849    28294.9    33039.3    61334.1    2396.09     2411.7   0.386877   -133.984    2.66766    2107.49    2311.84    2.88742    30.1975      0.001    112.533    83.4514      80.98    78.2457          0          0          0          0          0
      6700          0          1     699.73    297.055    63.6301    28358.5    33336.3    61694.8    2395.83    2411.23   0.386472   -134.384    2.66772    2107.23    2311.38    2.88806    29.3832      0.001    112.421    83.3441    80.8815    78.1503          0          0          0          0          0
      6600          0          1     699.73    297.288    62.6545    28421.1    33633.6    62054.8    2395.57    2410.77   0.386083   -134.804    2.66777    2106.97    2310.92    2.88868    28.5468      0.001     112.31    83.2382    80.7824    78.0537          0          0          0          0          0
      6500          0          1     699.73    297.518    61.6475    28482.8    33931.1    62413.9    2395.32    2410.31   0.385706   -135.243    2.66781    2106.72    2310.47     2.8893    27.6798      0.001    112.201    83.1336    80.6829    77.9561          0          0          0          0          0
      6400          0          1     699.73    297.745     60.919    28543.7    34228.9    62772.6    2395.06    2409.86   0.385341   -135.694    2.66785    2106.47    2310.03    2.88991    27.0165      0.001    112.094    83.0301    80.5834     77.858          0          0          0          0          0
      6300          0          1     699.73     297.97    60.3549    28604.1    34526.9    63130.9    2394.81    2409.41   0.384987   -136.142    2.66788    2106.22    2309.59    2.89052    26.5011      0.001    111.988    82.9279     80.484    77.7597          0          0          0          0          0
      6200          0          1     699.73    298.192    59.8839    28663.9      34825      63489    2394.56    2408.97   0.384641    -136.58    2.66791    2105.97    2309.15    2.89111     26.064      0.001    111.884    82.8268     80.385    77.6612          0          0          0          0          0
      6100          0          1     699.73    298.412    59.4963    28723.4    35123.5    63846.9    2394.31    2408.53   0.384303   -137.004    2.66794    2105.72    2308.72    2.89171    25.6986      0.001    111.781    82.7269    80.2863    77.5629          0          0          0          0          0
      6000          0          1     699.73     298.63    59.1634    28782.6    35422.1    64204.7    2394.07    2408.09   0.383972   -137.414    2.66796    2105.48    2308.29    2.89229    25.3815      0.001    111.679    82.6279    80.1882    77.4649          0          0          0          0          0
      5900          0          1     699.73    298.846    58.8737    28841.5    35720.9    64562.4    2393.82    2407.65   0.383648   -137.808    2.66798    2105.23    2307.86    2.89287    25.1028      0.001    111.579    82.5301    80.0906    77.3672          0          0          0          0          0
      5800          0          1     699.73     299.06    58.6187    28900.1      36020    64920.1    2393.58    2407.22    0.38333   -138.186    2.66799    2104.99    2307.44    2.89345    24.8556      0.001    111.479    82.4332    79.9936      77.27          0          0          0          0          0
      5700          0          1     699.73    299.272     58.393    28958.5    36319.3    65277.8    2393.33    2406.79   0.383018   -138.549    2.66801    2104.75    2307.02    2.89402    24.6352      0.001    111.381    82.3373    79.8972    77.1733          0          0          0          0          0
      5600          0          1     699.73    299.483    58.1935    29016.7    36618.8    65635.4    2393.09    2406.36    0.38271   -138.896    2.66802    2104.52    2306.61    2.89459     24.439      0.001    111.284    82.2464    79.8016    77.0771          0          0          0          0          0
      5500          0          1     699.73    299.691    58.0172    29074.7    36918.4    65993.1    2392.85    2405.94   0.382407   -139.227    2.66803    2104.28    2306.19    2.89515    24.2644      0.001    111.187     82.173    79.7069    76.9817          0          0          0          0          0
      5400          0          1     699.73    299.895    57.1412    29131.8    37218.3    66350.2    2392.62    2405.52   0.382109   -139.558    2.66804    2104.05    2305.79     2.8957    23.5642      0.001    111.093    82.1093    79.6138    76.8871          0          0          0          0          0
      5300          0          1     699.73    300.094    55.8333    29187.7    37518.4    66706.1    2392.38     2405.1   0.381816   -139.926    2.66805    2103.82    2305.39    2.89624    22.4708      0.001        111    82.0503    79.5225    76.7936          0          0          0          0          0
      5200          0          1     699.73    300.289    54.2962      29242    37818.7    67060.7    2392.15    2404.69   0.381528   -140.346    2.66805    2103.59    2304.99    2.89678    21.1721      0.001    110.908    81.9934    79.4328    76.7014          0          0          0          0          0
      5100          0          1     699.73     300.48    52.6133    29294.6    38119.2    67413.8    2391.92    2404.28   0.381246   -140.823    2.66806    2103.36    2304.61     2.8973    19.7401      0.001    110.819    81.9372    79.3448    76.6105          0          0          0          0          0
      5000          0          1     699.73    300.667    50.7992    29345.4    38419.9    67765.3    2391.69    2403.88   0.380969   -141.358    2.66806    2103.14    2304.23    2.89782    18.1875      0.001    110.732    81.8812    79.2584    76.5211          0          0          0          0          0
      4900          0          1     699.73    300.851     48.904    29394.3    38720.7      68115    2391.46    2403.48   0.380698   -141.953    2.66807    2102.93    2303.85    2.89832    16.5537      0.001    110.647    81.8249    79.1763    76.4334          0          0          0          0          0
      4800          0          1     699.73     301.03    46.9307    29441.2    39021.8      68463    2391.24    2403.09   0.380432   -142.605    2.66807    2102.71    2303.49    2.89881    14.8452      0.001    110.563    81.7683    79.1004    76.3486          0          0          0          0          0
      4700          0          1     699.73    301.206    44.8959    29486.1      39323    68809.1    2391.02    2402.71   0.380173   -143.314    2.66808    2102.51    2303.13     2.8993    13.0732      0.001    110.482    81.7115    79.0281     76.268          0          0          0          0          0
      4600          0          1     699.73    301.377    42.8301    29528.9    39624.3    69153.3    2390.81    2402.34   0.379922   -144.078    2.66808     2102.3    2302.79    2.89977    11.2658      0.001    110.402    81.6546    78.9607    76.2078          0          0          0          0          0
      4500          0          1     699.73    301.544    40.7131    29569.7    39925.9    69495.5     2390.6    2401.98   0.379682   -144.893    2.66808    2102.11    2302.45    2.90023    9.40679      0.001    110.325    81.5976    78.9014    76.1639          0          0          0          0          0
      4400          0          1     699.73    301.706    38.9184    29608.6    40227.6    69836.2    2390.41    2401.65   0.379455   -145.753    2.66808    2101.92    2302.13    2.90067    7.77899      0.001    110.249    81.5409    78.8489    76.1288          0          0          0          0          0
      4300          0          1     699.73    301.862     37.306    29645.9    40529.4    70175.3    2390.22    2401.33    0.37924   -146.637    2.66808    2101.75    2301.83     2.9011    6.31267      0.001    110.176    81.4846    78.8015    76.0991          0          0          0          0          0
      4200          0          1     699.73    302.012    35.7843    29681.7    40831.5    70513.1    2390.05    2401.03   0.379038   -147.537    2.66809    2101.58    2301.54    2.90152    4.91951      0.001    110.106    81.4289    78.7578    76.0728          0          0          0          0          0
      4100          0          1     699.73    302.157    34.3355      29716    41133.6    70849.6    2389.89    2400.75   0.378847   -148.447    2.66809    2101.43    2301.26    2.90191    3.58605      0.001    110.037    81.3739    78.7169    76.0489          0          0          0          0          0
      4000          0          1     699.73    302.296    32.9288    29748.9    41435.9    71184.8    2389.73    2400.48   0.378668   -149.367    2.66809    2101.28       2301     2.9023    2.28696      0.001    109.972    81.3195     78.678    76.0267          0          0          0          0          0
      3900          0          1     699.73     302.43    31.5499    29780.5    41738.3    71518.8    2389.59    2400.23     0.3785   -150.294    2.66809    2101.14    2300.75    2.90267    1.01018      0.001    109.909    81.2658    78.6408    76.0046          0          0          0          0          0
      3800          0          1     699.73    302.559    30.1892    29810.7    42040.9    71851.6    2389.45    2399.99   0.378341   -151.228    2.66809    2101.01    2300.51    2.90302  -0.252287      0.001    109.848    81.2128    78.6037    75.9773          0          0          0          0          0
      3700          0          1     699.73    302.684    28.2723    29838.9    42343.6    72182.5    2389.31    2399.77    0.37819   -152.173    2.66809    2100.88    2300.28    2.90337   -1.89889      0.001    109.789    81.1605    78.5654    75.9459          0          0          0          0          0
      3600          0          1     699.73    302.805    24.7991    29863.7    42646.4    72510.1    2389.18    2399.54   0.378045   -153.199    2.66809    2100.76    2300.06    2.90371   -4.86557      0.001    109.732    81.1088     78.526    75.9115          0          0          0          0          0
      3500          0          1     699.73    302.923    20.6669    29884.4    42949.3    72833.7    2389.06    2399.33   0.377906   -154.364    2.66809    2100.64    2299.85    2.90403   -8.41635      0.001    109.678    81.0576    78.4856    75.8748          0          0          0          0          0
      3400          0          1     699.73    303.038    16.3047    29900.7    43252.3    73153.1    2388.93    2399.11   0.377772   -155.681    2.66809    2100.52    2299.63    2.90436    -12.209      0.001    109.624     81.007    78.4443    75.8366          0          0          0          0          0
      3300          0          1     699.73     303.15    11.7156    29912.4    43555.5    73467.9    2388.81     2398.9   0.377642   -157.145    2.66809     2100.4    2299.43    2.90467   -16.2091      0.001    109.572    80.9589    78.4023     75.797          0          0          0          0          0
      3200          0          1     699.73    303.261    7.45855    29919.9    43858.8    73778.6    2388.69     2398.7   0.377516   -158.752    2.66809    2100.29    2299.22    2.90498    -20.037      0.001    109.522    80.9138    78.3601    75.7565          0          0          0          0          0
      3100          0          1     699.73    303.369    4.54234    29924.4    44162.1    74086.6    2388.58    2398.49   0.377393   -160.431     2.6681    2100.17    2299.02    2.90529   -22.7501      0.001    109.472    80.8701    78.3178    75.7154          0          0          0          0          0
      3000          0          1     699.73    303.475    2.09083    29926.5    44465.6    74392.1    2388.46    2398.29   0.377273   -162.124     2.6681    2100.06    2298.82    2.90559   -25.0661      0.001    109.424    80.8254    78.2756    75.6739          0          0          0          0          0
      2900          0          1     699.73    303.579 -0.0394902    29926.6    44769.2    74695.7    2388.35    2398.09   0.377156    -163.81     2.6681    2099.95    2298.62    2.90589   -27.1096      0.001    109.376    80.7796    78.2334    75.6322          0          0          0          0          0
      2800          0          1     699.73    303.682   -1.94543    29928.5    45072.9    75001.4    2388.23    2397.89   0.377042   -165.479     2.6681    2099.84    2298.43    2.90618   -28.9586      0.001     109.33    80.7333    78.1911    75.5904          0          0          0          0          0
      2700          0          1     699.73    303.783    -3.8597    29932.4    45376.6      75309    2388.12     2397.7    0.37693   -167.125     2.6681    2099.73    2298.24    2.90648   -30.7837      0.001    109.284    80.6869     78.149    75.5485          0          0          0          0          0
      2600          0          1     699.73    303.884    -6.1202    29938.5    45680.5      75619    2388.01     2397.5    0.37682   -168.768     2.6681    2099.62    2298.05    2.90677   -32.8975      0.001    109.238    80.6405     78.107    75.5067          0          0          0          0          0
      2500          0          1     699.73    303.984   -8.48344      29947    45984.5    75931.5     2387.9    2397.31   0.376712   -170.423     2.6681    2099.51    2297.86    2.90705   -35.1008      0.001    109.193    80.5944    78.0651    75.4649          0          0          0          0          0
      2400          0          1     699.73    304.083   -10.8748    29957.8    46288.6    76246.4    2387.79    2397.12   0.376605   -172.094     2.6681    2099.41    2297.67    2.90734   -37.3335      0.001    109.149    80.5486    78.0235    75.4233          0          0          0          0          0
      2300          0          1     699.73    304.181   -13.2912    29971.1    46592.8    76563.9    2387.68    2396.92     0.3765   -173.783     2.6681     2099.3    2297.48    2.90762   -39.5882      0.001    109.105    80.5033    77.9821    75.3818          0          0          0          0          0
      2200          0          1     699.73    304.278    -15.575    29986.7    46897.1    76883.8    2387.57    2396.74   0.376397   -175.487     2.6681     2099.2     2297.3     2.9079   -41.7569      0.001    109.062    80.4584    77.9409    75.3405          0          0          0          0          0
      2100          0          1     699.73    304.374   -17.4462    30004.2    47201.4    77205.6    2387.47    2396.55   0.376295   -177.188     2.6681    2099.09    2297.11    2.90818   -43.5775      0.001    109.019    80.4141       77.9    75.2994          0          0          0          0          0
      2000          0          1     699.73     304.47   -19.1517    30023.3    47505.9    77529.2    2387.36    2396.36   0.376195   -178.868     2.6681    2098.99    2296.93    2.90846   -45.2529      0.001    108.976    80.3703    77.8595    75.2585          0          0          0          0          0
      1900          0          1     699.73    304.565   -20.7329      30044    47810.5    77854.5    2387.25    2396.18   0.376096   -180.524     2.6681    2098.88    2296.75    2.90873    -46.819      0.001    108.933    80.3271    77.8193    75.2179          0          0          0          0          0
      1800          0          1     699.73    304.659   -22.2184    30066.3    48115.1    78181.4    2387.15    2395.99   0.375998   -182.149     2.6681    2098.78    2296.57      2.909   -48.2988      0.001    108.892    80.2845    77.7794    75.1777          0          0          0          0          0
      1700          0          1     699.73    304.752    -23.721      30090    48419.9    78509.9    2387.05    2395.81   0.375901   -183.745     2.6681    2098.68    2296.39    2.90927   -49.7736      0.001     108.85    80.2425    77.7398    75.1377          0          0          0          0          0
      1600          0          1     699.73    304.845   -25.4181    30115.4    48724.7    78840.1    2386.94    2395.63   0.375805   -185.321     2.6681    2098.58    2296.21    2.90954   -51.4084      0.001    108.809    80.2012    77.7006     75.098          0          0          0          0          0
      1500          0          1     699.73    304.936   -27.1685    30142.6    49029.7    79172.2    2386.84    2395.45   0.375711   -186.887     2.6681    2098.48    2296.04    2.90981   -53.0874      0.001    108.768    80.1605    77.6618    75.0587          0          0          0          0          0
      1400          0          1     699.73    305.027   -28.9572    30171.5    49334.7    79506.2    2386.74    2395.27   0.375618   -188.445     2.6681    2098.38    2295.87    2.91007   -54.7971      0.001    108.728    80.1204    77.6234    75.0197          0          0          0          0          0
      1300          0          1     699.73    305.117   -30.7687    30202.3    49639.8    79842.1    2386.64    2395.09   0.375526   -189.997     2.6681    2098.28    2295.69    2.91034   -56.5255      0.001    108.688     80.081    77.5854    74.9811          0          0          0          0          0
      1200          0          1     699.73    305.206   -32.3145    30234.6      49945    80179.6    2386.54    2394.92   0.375435   -191.543     2.6681    2098.18    2295.52     2.9106   -58.0709      0.001    108.648    80.0422    77.5478    74.9428          0          0          0          0          0
      1100          0          1     699.73    305.294   -33.0995    30267.7    50250.3      80518    2386.44    2394.74   0.375346   -193.047     2.6681    2098.08    2295.35    2.91086   -58.9701      0.001    108.609     80.004    77.5107     74.905          0          0          0          0          0
      1000          0          1     699.73    305.381   -33.5619    30301.3    50555.7      80857    2386.34    2394.57   0.375258   -194.483     2.6681    2097.99    2295.19    2.91111   -59.5829      0.001     108.57    79.9665    77.4739    74.8675          0          0          0          0          0
       900          0          1     699.73    305.468   -33.6799    30334.9    50861.2    81196.1    2386.24     2394.4   0.375171   -195.837     2.6681    2097.89    2295.02    2.91137   -59.9009      0.001    108.531    79.9297    77.4375    74.8304          0          0          0          0          0
       800          0          1     699.73    305.553   -33.5397    30368.5    51166.7    81535.2    2386.15    2394.23   0.375085     -197.1     2.6681     2097.8    2294.86    2.91162   -59.9831      0.001    108.493    79.8935    77.4016    74.7937          0          0          0          0          0
       700          0          1     699.73    305.638   -33.0933    30401.6    51472.3    81873.9    2386.05    2394.06   0.375001   -198.267     2.6681     2097.7     2294.7    2.91187   -59.8076      0.001    108.456    79.8578    77.3661    74.7574          0          0          0          0          0
       600          0          1     699.73    305.721    -32.182    30433.8    51778.1    82211.8    2385.96     2393.9   0.374918   -199.323     2.6681    2097.61    2294.54    2.91211   -59.2231      0.001    108.419    79.8228    77.3311    74.7215          0          0          0          0          0
       500          0          1     699.73    305.804   -30.9953    30464.8    52083.9    82548.6    2385.86    2393.73   0.374836   -200.256     2.6681    2097.52    2294.38    2.91236   -58.3859      0.001    108.381    79.7884    77.2965    74.6861          0          0          0          0          0
       400          0          1     699.73    305.886   -29.5082    30494.3    52389.8      82884    2385.77    2393.57   0.374756   -201.061     2.6681    2097.43    2294.22     2.9126   -57.2815      0.001    108.342    79.7545    77.2622     74.651          0          0          0          0          0
       300          0          1     699.73    305.968   -27.7756      30522    52695.7    83217.8    2385.68    2393.41   0.374677   -201.732     2.6681    2097.34    2294.06    2.91284   -55.9471      0.001    108.302     79.721    77.2282    74.6163          0          0          0          0          0
       200          0          1     699.73    306.049   -25.5768    30547.6    53001.8    83549.4    2385.59    2393.25   0.374598   -202.267     2.6681    2097.25    2293.91    2.91308   -54.2373      0.001    108.262    79.6877    77.1944     74.582          0          0          0          0          0
       100          0          1     699.73     306.13   -22.4752    30570.1    53307.9      83878     2385.5    2393.09   0.374521   -202.631     2.6681    2097.17    2293.76    2.91332   -51.7413      0.001    108.222    79.6547    77.1608    74.5479          0          0          0          0          0
         0          0          1     699.73     306.21   -18.8958      30589    53614.1    84203.1    2385.41    2392.94   0.374445     -202.8     2.6681    2097.08    2293.61    2.91355   -48.8091      0.001    108.182    79.6219    77.1274    74.5142          0          0          0          0          0