     20000          0          0          0    187.948    365.085    67.9449     5.7719    73.7168    2341.68    2425.58     0.6884    15.9048    2.49734    2048.25    2344.34    2.72726    282.674      0.001    107.636    92.0964    89.5112    88.8986          0          0          0          0          0
     19900          0          0          0    187.948    364.222    129.283    12.7138    141.996    2341.68    2425.58   0.688551    15.7588    2.49734    2048.25    2344.34    2.72741    281.904      0.001    107.636    92.0964    89.5112    88.8986          0          0          0          0          0
     19800          0          0          0    187.948    363.638    195.625    20.8257    216.451    2341.68    2425.58   0.688701    15.6176    2.49734    2048.25    2344.34    2.72756    281.339      0.001    107.636    92.0964    89.5112    88.8986          0          0          0          0          0
     19700          0          0          0    187.948    363.429    254.876    26.4776    281.354    2341.68    2425.58   0.688851    15.4963    2.49734    2048.25    2344.34     2.7277     281.07      0.001    107.636    92.0964    89.5112    88.8986          0          0          0          0          0
     19600          0          0          0    187.948    363.507    295.549    29.9495    325.498    2341.68    2425.58   0.689002    15.4101    2.49734    2048.25    2344.34    2.72785    281.045      0.001    107.636    92.0964    89.5112    88.8986          0          0          0          0          0
     19500          0          0          0    187.948    361.776    347.853    30.9514    378.804    2341.68    2425.58   0.689152    15.3344    2.49734    2048.25    2344.34      2.728    279.849      0.001    107.636    92.0964    89.5112    88.8986          0          0          0          0          0
     19400          0          0          0    187.948    358.969    409.424    34.5233    443.947    2341.68    2425.58   0.689302    15.1783    2.49734    2048.25    2344.34    2.72815    277.734      0.001    107.636    92.0964    89.5112    88.8986          0          0          0          0          0
     19300          0          0          0    187.948    356.401    469.322    38.1252    507.447    2341.68    2425.58   0.689452    14.9169    2.49734    2048.25    2344.34     2.7283    275.681      0.001    107.636    92.0964    89.5112    88.8986          0          0          0          0          0
     19200          0          0          0    187.948    353.856    520.666    41.7571    562.423    2341.68    2425.58   0.689602    14.5704    2.49734    2048.25    2344.34    2.72845    273.656      0.001    107.636    92.0964    89.5112    88.8986          0          0          0          0          0
     19100          0          0          0    187.948    353.032    570.434     44.899    615.333    2341.68    2425.58   0.689752    14.1716    2.49734    2048.25    2344.34    2.72859    272.757      0.001    107.636    92.0964    89.5112    88.8986          0          0          0          0          0
     19000          0          0          0    187.948    353.243    619.491    48.8509    668.342    2341.68    2425.58   0.689901    13.8067    2.49734    2048.25    2344.34    2.72874    272.733      0.001    107.636    92.0964    89.5112    88.8986          0          0          0          0          0
     18900          0          0          0    187.948    351.625    667.466    53.6128    721.079    2341.68    2425.58   0.690051    13.4738    2.49734    2048.25    2344.34    2.72889    271.574      0.001    107.636    92.0964    89.5112    88.8986          0          0          0          0          0
     18800          0          0          0    187.948    348.984    726.723    55.6346    782.357    2341.68    2425.58   0.690201    13.0782    2.49734    2048.25    2344.34    2.72904    269.522      0.001    107.636    92.0964    89.5112    88.8986          0          0          0          0          0
     18700          0          0          0    187.948     347.18    797.522    58.9565    856.479    2341.68    2425.58    0.69035    12.6065    2.49734    2048.25    2344.34    2.72919    267.947      0.001    107.636    92.0964    89.5112    88.8986          0          0          0          0          0
     18600          0          0          0    187.948    345.791    881.541    64.9084    946.449    2341.68    2425.58     0.6905    12.1058    2.49734    2048.25    2344.34    2.72933    266.739      0.001    107.636    92.0964    89.5112    88.8986          0          0          0          0          0
     18500          0          0          0    187.948    344.457    973.024    65.0803     1038.1    2341.68    2425.58   0.690649    11.5902    2.49734    2048.25    2344.34    2.72948    265.585      0.001    107.636    92.0964    89.5112    88.8986          0          0          0          0          0
     18400          0          0          0    187.948     343.18    1031.19    65.3584    1096.55    2341.68    2425.58   0.690799    11.0617    2.49734    2048.25    2344.34    2.72963    264.469      0.001    107.636    92.0964    89.5112    88.8986          0          0          0          0          0
     18300          0          0          0    187.948    340.131    1076.79    65.4303    1142.22    2341.68    2425.58   0.690948    10.4934    2.49734    2048.25    2344.34    2.72978     262.17      0.001    107.636    92.0964    89.5112    88.8986          0          0          0          0          0
     18200          0          0          0    187.948    335.986    1151.11    65.5022    1216.61    2341.68    2425.58   0.691097    9.80124    2.49734    2048.25    2344.34    2.72992    258.928      0.001    107.636    92.0964    89.5112    88.8986          0          0          0          0          0
     18100          0          0          0    187.948    332.483    1249.38     65.957    1315.34    2341.68    2425.58   0.691246    8.97082    2.49734    2048.25    2344.34    2.73007        256      0.001    107.636    92.0964    89.5112    88.8986          0          0          0          0          0
     18000          0          0          0    187.948    329.233    1343.01    66.0622    1409.07    2341.68    2425.58   0.691395    8.04556    2.49734    2048.25    2344.34    2.73022    253.291      0.001    107.636    92.0964    89.5112    88.8986          0          0          0          0          0
     17900          0          0          0    187.948    328.371    1429.18    67.5841    1496.76    2341.68    2425.58   0.691544     7.0785    2.49734    2048.25    2344.34    2.73037     252.17      0.001    107.636    92.0964    89.5112    88.8986          0          0          0          0          0
     17800          0          0          0    187.948    328.979    1513.34     69.966    1583.31    2341.68    2425.58   0.691693    6.18802    2.49734    2048.25    2344.34    2.73051    252.291      0.001    107.636    92.0964    89.5112    88.8986          0          0          0          0          0
     17700          0          0          0    187.948    327.149    1596.98    71.7379    1668.72    2341.68    2425.58   0.691842    5.37334    2.49734    2048.25    2344.34    2.73066    250.917      0.001    107.636    92.0964    89.5112    88.8986          0          0          0          0          0
     17600          0          0          0    187.948    323.978    1669.68    77.5148     1747.2    2341.68    2425.58   0.691991    4.50658    2.49734    2048.25    2344.34    2.73081    248.376      0.001    107.636    92.0964    89.5112    88.8986          0          0          0          0          0
     17500          0          0          0    187.948    324.104     1726.3    82.9517    1809.25    2341.68    2425.58   0.692139    3.60447    2.49734    2048.25    2344.34    2.73095    247.946      0.001    107.636    92.0964    89.5112    88.8986          0          0          0          0          0
     17400          0          0          0     190.68    356.786    1745.02    84.0543    1829.08    2336.05    2425.89   0.732029    1.99181    2.44051    2088.38     2389.4    2.64408    295.116      0.001    107.812    92.2071    89.5236    88.8622          0          0          0          0          0
     17300          0          0          0    191.542    366.797    1762.87    85.2359     1848.1    2331.99    2427.07   0.764708    1.86103    2.39082    2097.52    2399.37    2.62407    303.876      0.001    107.871    92.3431    89.6804    89.0217          0          0          0          0          0
     17200          0          0          0    192.028    372.881    1772.92     90.293    1863.21    2328.82    2428.51   0.793068    2.14054    2.34741    2102.13    2404.34    2.61438    309.059      0.001    107.809    92.4958    89.9298    89.3245          0          0          0          0          0
     17100          0          0          0    192.504    376.748    1782.51    96.4193    1878.93    2326.26    2430.02   0.817909    2.58904     2.3095    2105.72     2408.1    2.60676    312.389      0.001    107.671    92.6836     90.262    89.7308          0          0          0          0          0
     17000          0          0          0    193.083     379.11    1788.88    105.437    1894.32    2324.16    2431.52   0.839658    3.08647    2.27638    2108.88    2411.18    2.59989    314.496      0.001      107.5    92.9302    90.6702    90.2146          0          0          0          0          0
     16900          0          0          0    193.791    375.599    1789.81     115.27    1905.09    2322.47    2432.98   0.858652     3.4895    2.24743    2111.75    2413.75    2.59358    312.222      0.001     107.33    93.2699    91.1417    90.7569          0          0          0          0          0
     16800          0          0          0    194.625    368.031    1791.11    125.836    1916.95     2321.1     2434.4   0.875196    3.52122     2.2221     2114.4    2415.89     2.5878    306.276      0.001    107.182    93.6708    91.6685    91.3439          0          0          0          0          0
     16700          0          0          0     195.57    359.204    1791.59    138.156    1929.74    2320.01    2435.75   0.889565    3.07904    2.19994    2116.88    2417.68    2.58253    299.034      0.001    107.071    94.1299    92.2406    91.9516          0          0          0          0          0
     16600          0          0          0    196.611    349.242    1793.38    154.695    1948.07    2319.16    2437.03   0.902004    2.17359    2.18051    2119.21    2419.17     2.5777    290.834      0.001    107.004    94.6378    92.8369    92.5072          0          0          0          0          0
     16500          0          0          0    197.735    350.343    1796.56    165.313    1961.87    2318.51    2438.22   0.912736    1.00852    2.16347    2121.41    2420.41    2.57327    290.606      0.001    106.982    95.1784    93.4527    93.1037          0          0          0          0          0
     16400          0          0          0    198.931    358.905    1814.77    180.349    1995.12    2318.03    2439.35   0.921966   0.210559     2.1485    2123.52    2421.44    2.56916    297.343      0.001    107.006    95.7062    94.0883    93.7288          0          0          0          0          0
     16300          0          0          0    200.187    364.253    1843.33    192.679       2036     2317.7    2440.41   0.929874 -0.0567802    2.13534    2125.53     2422.3    2.56533    302.413      0.001     107.07    96.2926     94.731    94.3699          0          0          0          0          0
     16200          0          0          0    201.494    367.896     1877.3     210.63    2087.93    2317.49    2441.41   0.936617 -0.0387478    2.12376    2127.46       2423    2.56172    305.772      0.001    107.173    96.9157    95.3792    95.0175          0          0          0          0          0
     16100          0          0          0    202.842    359.339     1907.5    231.525    2139.03    2317.39    2442.35   0.942334 -0.0183934    2.11354    2129.33    2423.59    2.55829    300.083      0.001     107.31    97.5654    96.0296    95.6143          0          0          0          0          0
     16000          0          0          0    204.225    342.421    1927.16    251.003    2178.17    2317.37    2443.22   0.947139  -0.639916    2.10453    2131.14    2424.08    2.55498    286.639      0.001    107.478    98.2269    96.6656    96.1707          0          0          0          0          0
     15900          0          0          0    205.637    333.887    1941.74    269.219    2210.96    2317.42    2444.01   0.951143   -1.97094    2.09656    2132.89    2424.48    2.55177    278.614      0.001    107.673    98.8731    97.2956    96.7447          0          0          0          0          0
     15800          0          0          0    207.072    330.548    1959.55    284.506    2244.05    2317.53    2444.75   0.954445   -3.45461     2.0895     2134.6     2424.8    2.54862    275.582      0.001    107.889    99.4851    97.9162    97.3246          0          0          0          0          0
     15700          0          0          0    208.528    328.447    1978.29    299.488    2277.78     2317.7    2445.44   0.957128   -4.88082    2.08323    2136.27    2425.08     2.5455    273.802      0.001    108.122    100.118    98.5238    97.9015          0          0          0          0          0
     15600          0          0          0    209.998    327.397    1998.73     312.25    2310.98     2317.9    2446.09   0.959266   -6.20095    2.07766     2137.9     2425.3    2.54238    272.889      0.001     108.37    100.762    99.1203    98.4701          0          0          0          0          0
     15500          0          0          0    211.479    325.549    2019.34    324.301    2343.64    2318.14    2446.69   0.960924   -7.40035    2.07269     2139.5    2425.49    2.53925    271.517      0.001    108.626    101.407    99.7104    99.0053          0          0          0          0          0
     15400          0          0          0    212.967    323.268    2044.97    335.339    2380.31     2318.4    2447.24   0.962153   -8.54156    2.06825    2141.08    2425.66    2.53609    269.712      0.001    108.884    102.044    100.274    99.4514          0          0          0          0          0
     15300          0          0          0    214.461    322.657    2078.94    348.195    2427.14    2318.68    2447.73   0.963003   -9.61692    2.06427    2142.63    2425.81    2.53287    269.148      0.001    109.142    102.639    100.813    99.9089          0          0          0          0          0
     15200          0          0          0    215.958    323.209    2114.26     360.31    2474.57    2318.96    2448.17   0.963521   -10.5426    2.06068    2144.16    2425.94     2.5296    269.684      0.001    109.398    103.193    101.334    100.369          0          0          0          0          0
     15100          0          0          0    217.459    330.346    2159.26    371.624    2530.88    2319.26    2448.57    0.96375   -11.1836    2.05744    2145.68    2426.06    2.52625    275.289      0.001    109.649    103.761    101.835    100.824          0          0          0          0          0
     15000          0          0          0     218.96    342.124    2219.33    381.967     2601.3    2319.56    2448.94   0.963724   -11.2172    2.05449    2147.18    2426.18    2.52283    285.242      0.001    109.897    104.326     102.32    101.268          0          0          0          0          0
     14900          0          0          0    220.459    351.422    2291.22    390.155    2681.37    2319.87    2449.28   0.963476   -10.5943     2.0518    2148.66    2426.31    2.51931    293.808      0.001     110.14    104.882     102.79    101.699          0          0          0          0          0
     14800          0          0          0    221.953    359.374    2375.53    397.481    2773.01    2320.19     2449.6   0.963034   -9.53754    2.04932    2150.14    2426.44    2.51571    301.059      0.001    110.378    105.427    103.249    102.118          0          0          0          0          0
     14700          0          0          0    223.383    351.094    2453.62    403.092    2856.71     2320.5    2449.89   0.962429   -8.41591    2.04703    2151.57    2426.58     2.5125    296.025      0.001    110.612    105.957    103.696     102.52          0          0          0          0          0
     14600          0          0          0    215.781    280.269    2488.85    423.151       2912    2326.53    2450.02   0.916859   -9.39474    2.10852    2109.62     2384.9    2.66814    215.314      0.001    125.925     103.01     101.38    102.321          0          0          0          0          0
     14500          0          0          0    213.412    252.981    2507.28    449.087    2956.37    2331.39    2449.45   0.879807   -14.6196    2.16764    2102.47       2379    2.69174    189.235      0.001    134.718      99.28    98.9893    101.272          0          0          0          0          0
     14400          0          0          0     213.47    236.496    2518.19    476.971    2995.16    2335.88    2448.69   0.843877   -20.7409    2.22428    2098.53    2374.22    2.70064    174.213      0.001    139.598    97.1263     97.977    99.9422          0          0          0          0          0
     14300          0          0          0    214.384    222.229    2526.13    501.737    3027.87    2340.09    2447.74   0.808194   -26.6062    2.27761    2095.51    2369.57    2.70831     162.27      0.001    142.335    96.2149    97.6726    98.7744          0          0          0          0          0
     14200          0          0          0    215.555        210    2527.27    524.735    3052.01    2343.97    2446.62   0.773397   -31.9065    2.32682    2092.86     2365.1    2.71559    152.199      0.001    143.782    96.0764    97.7073    97.9889          0          0          0          0          0
     14100          0          0          0     216.77    203.551    2527.95    546.299    3074.25    2347.46    2445.34   0.740254   -36.4978    2.37142    2090.46    2360.87    2.72237    146.496      0.001     144.42    96.3438    97.8453    97.3581          0          0          0          0          0
     14000          0          0          0     217.96    200.713    2536.34    565.323    3101.66    2350.51     2443.9    0.70932   -40.2375    2.41127    2088.24    2356.91     2.7286    143.947      0.001    144.544    96.7751    97.9633    96.8443          0          0          0          0          0
     13900          0          0          0     219.11    195.704    2549.95    586.783    3136.73    2353.11    2442.32   0.680903    -43.235    2.44648    2086.17    2353.19    2.73435    140.207      0.001     144.34    97.2265    98.0145    96.4015          0          0          0          0          0
     13800          0          0          0     220.22    189.717    2554.93    605.078    3160.01    2355.27    2440.62   0.655109     -45.79    2.47735    2084.24    2349.69     2.7397    135.541      0.001    143.927    97.6208    97.9853    95.9929          0          0          0          0          0
     13700          0          0          0    221.294    185.379    2575.87    625.134    3201.01    2357.01    2438.81   0.631901   -48.0392    2.50423    2082.42    2346.37    2.74474    131.979      0.001    143.382    97.9213    97.8759     95.593          0          0          0          0          0
     13600          0          0          0    222.336    181.968    2589.58    644.003    3233.58    2358.37    2436.93   0.611154    -50.005    2.52752     2080.7    2343.21    2.74952    129.231      0.001    142.753    98.1153    97.7007    95.2638          0          0          0          0          0
     13500          0          0          0     223.35    185.454    2603.36    656.483    3259.84    2359.41    2435.02   0.592707   -51.6272    2.54763    2079.07    2340.19    2.75409    131.384      0.001    142.075    98.2043    97.5016    95.0219          0          0          0          0          0
     13400          0          0          0    224.335    193.116    2615.34    671.188    3286.53    2360.17     2433.1   0.576355   -52.6408    2.56494    2077.52    2337.32    2.75848    137.209      0.001    141.368    98.1977    97.2671    94.7237          0          0          0          0          0
     13300          0          0          0    225.294    189.993    2628.08    682.754    3310.84    2360.67    2431.15   0.561883   -53.2057    2.57981    2076.05    2334.58     2.7627    135.807      0.001    140.648    98.1068    96.9841    94.3774          0          0          0          0          0
     13200          0          0          0     228.87    212.139    2633.87    693.799    3327.67    2353.64    2429.29   0.606363   -53.7202    2.51853    2113.27    2375.06    2.65312    170.175      0.001    133.377    98.0671    96.5405    94.0384          0          0          0          0          0
     13100          0          0          0    231.149    219.045    2645.97    698.515    3344.48    2347.93     2428.3   0.644503   -53.1214    2.46235    2122.29    2383.48    2.62408    176.888      0.001    127.678    98.1243    96.2486    93.8436          0          0          0          0          0
     13000          0          0          0    232.996    225.161    2650.25    704.005    3354.26    2343.09    2427.65   0.678118   -52.1252    2.41206    2126.67    2386.84    2.60906    182.966      0.001    123.236    98.4181    96.2137    93.7996          0          0          0          0          0
     12900          0          0          0    234.488    231.679    2669.92    708.224    3378.14    2338.93    2427.15   0.707694   -50.9356    2.36761    2129.66    2388.91     2.5982    189.094      0.001    119.771    98.8345      96.35     93.901          0          0          0          0          0
     12800          0          0          0    235.632    238.304    2698.08    713.474    3411.56    2335.33    2426.77   0.733707    -49.622    2.32854    2131.88     2390.4    2.58995    195.273      0.001    117.088    99.2823    96.5781    94.1204          0          0          0          0          0
     12700          0          0          0    236.663    240.671    2721.03    719.414    3440.44    2332.22    2426.49   0.756663    -48.314    2.29425    2133.72    2391.59    2.58243    198.106      0.001    114.986      99.76    96.8653    94.4249          0          0          0          0          0
     12600          0          0          0    237.794    239.952    2725.18     726.77    3451.95    2329.54    2426.29   0.776828   -47.2666    2.26412     2135.5    2392.58    2.57446    198.028      0.001    113.334    100.282    97.2247    94.7945          0          0          0          0          0
     12500          0          0          0    238.976    239.775    2731.83    734.781    3466.61    2327.24    2426.16   0.794498   -46.5502    2.23761    2137.21    2393.47    2.56674    198.073      0.001    112.072     100.83    97.6373    95.2157          0          0          0          0          0
     12400          0          0          0     240.19    239.751    2736.35    740.691    3477.04    2325.27    2426.09   0.809972   -46.0838    2.21421    2138.88    2394.28    2.55932    198.301      0.001    111.114    101.383    98.0737    95.6014          0          0          0          0          0
     12300          0          0          0    241.429    238.346    2751.77    746.048    3497.81    2323.58    2426.06   0.823514   -45.8545    2.19352    2140.52    2395.04    2.55216    197.407      0.001    110.392    101.914    98.4813    95.9937          0          0          0          0          0
     12200          0          0          0    242.693    235.905    2781.53    752.658    3534.18    2322.12    2426.05    0.83536   -45.9008    2.17518    2142.14    2395.75    2.54521     195.52      0.001    109.853      102.4    98.8702    96.4109          0          0          0          0          0
     12100          0          0          0    243.982    235.084    2820.31    761.117    3581.43    2320.87    2426.08    0.84571   -46.1859    2.15889    2143.72    2396.41    2.53843    194.764      0.001    109.457    102.852    99.2541    96.8361          0          0          0          0          0
     12000          0          0          0    245.298    235.302    2868.09    765.917    3634.01    2319.81    2426.13   0.854732   -46.5753     2.1444    2145.28    2397.02    2.53177    194.996      0.001    109.173    103.294    99.6508    97.2628          0          0          0          0          0
     11900          0          0          0    246.639    236.553    2921.05    773.833    3694.88    2318.91     2426.2   0.862571   -46.9923    2.13148    2146.82     2397.6    2.52521    196.086      0.001     108.98    103.736    100.057    97.6899          0          0          0          0          0
     11800          0          0          0    248.004    238.554     2980.5    780.869    3761.37    2318.15     2426.3    0.86935   -47.3667    2.11996    2148.35    2398.15    2.51871    197.867      0.001     108.86    104.178    100.469    98.1155          0          0          0          0          0
     11700          0          0          0    249.394    248.472    3053.22    788.057    3841.28    2317.52    2426.41   0.875179   -47.5236    2.10967    2149.87    2398.67    2.51225    205.856      0.001    108.802    104.612    100.885    98.5381          0          0          0          0          0
     11600          0          0          0    237.207    222.436    3106.54    808.214    3914.76    2322.74    2426.35   0.832576   -47.8096    2.16458    2105.27    2357.45    2.69192    164.866      0.001    120.446    101.612     98.592     98.489          0          0          0          0          0
     11500          0          0          0    232.927    204.288     3151.4    841.054    3992.45    2326.72    2425.68   0.799768   -50.4718    2.21768    2097.11    2351.95    2.71619     148.91      0.001    127.351    97.8318    96.2336    97.5344          0          0          0          0          0
     11400          0          0          0     232.21    179.753     3184.2    876.796    4060.99    2330.35    2424.86   0.768065   -54.3706    2.26874    2092.79    2347.54    2.72302      128.6      0.001    131.267    95.5035    95.1283     96.284          0          0          0          0          0
     11300          0          0          0    232.813    168.291    3210.38    909.461    4119.84    2333.77    2423.91   0.736297   -58.7869    2.31693    2089.68    2343.27    2.72881    117.841      0.001      133.5    94.6021     94.852    95.2003          0          0          0          0          0
     11200          0          0          0    233.846     164.16     3231.9    940.465    4172.37    2336.96    2422.84   0.705044   -62.7557    2.36143     2087.1    2339.19    2.73461    113.907      0.001    134.716    94.4621    94.8959    94.4894          0          0          0          0          0
     11100          0          0          0    234.986    156.299    3233.01    970.379    4203.38    2339.86    2421.66   0.675077   -66.1128    2.40176    2084.82    2335.38    2.74015     107.89      0.001    135.276    94.7148     95.047    93.9366          0          0          0          0          0
     11000          0          0          0    236.122    146.647    3240.96    999.057    4240.01    2342.43    2420.36   0.646978   -69.1689    2.43776    2082.75    2331.84    2.74529    100.188      0.001    135.408    95.1314    95.1748    93.5021          0          0          0          0          0
     10900          0          0          0    237.229    141.175    3242.26    1029.43    4271.69    2344.64    2418.96   0.621084   -71.9965    2.46954    2080.85    2328.53    2.75004    95.3791      0.001    135.263    95.4542    95.2191    93.1326          0          0          0          0          0
     10800          0          0          0     238.31     138.07    3255.25    1056.67    4311.92    2346.48    2417.46   0.597531   -74.4683    2.49736    2079.09    2325.42    2.75447    92.6784      0.001    134.933    95.6383    95.1989    92.7918          0          0          0          0          0
     10700          0          0          0    239.371    133.979    3266.57    1083.52    4350.09    2347.98    2415.87   0.576308   -76.6281    2.52155    2077.44    2322.46    2.75867    89.4196      0.001    134.483     95.786    95.1254    92.4606          0          0          0          0          0
     10600          0          0          0     240.41     129.44    3273.59    1110.01     4383.6    2349.16    2414.21   0.557317    -78.622    2.54248    2075.87    2319.64    2.76268    85.7139      0.001    133.954    95.8771    95.0085    92.1292          0          0          0          0          0
     10500          0          0          0    241.423    126.717    3280.35    1136.09    4416.44    2350.04    2412.49   0.540411   -80.4929    2.56052    2074.39    2316.94    2.76653    83.2852      0.001    133.377    95.9014    94.8461    91.8498          0          0          0          0          0
     10400          0          0          0    242.411    125.059    3286.52    1159.88     4446.4    2350.68    2410.77   0.525426   -82.1945    2.57602    2072.98    2314.37    2.77022    81.7983      0.001    132.773    95.8585    94.6533    91.6571          0          0          0          0          0
     10300          0          0          0    243.374    124.001    3299.32     1181.4    4480.73     2351.1    2409.05   0.512176   -83.7292    2.58932    2071.64     2311.9    2.77378    80.8152      0.001    132.155    95.7532    94.4347    91.4227          0          0          0          0          0
     10200          0          0          0    244.312    122.843    3311.29    1202.79    4514.08    2351.34    2407.32   0.500468   -85.1137    2.60071    2070.36    2309.55    2.77722    79.8553      0.001    131.535    95.5926    94.1782    91.1411          0          0          0          0          0
     10100          0          0          0    245.228    120.596    3315.51    1221.26    4536.77     2351.4    2405.58    0.49012   -86.4239    2.61045    2069.13    2307.28    2.78054    78.0147      0.001    130.929    95.4063    93.8845    90.8226          0          0          0          0          0
     10000          0          0          0    246.121    118.008    3317.81    1239.14    4556.95    2351.31    2403.82   0.480965   -87.7215    2.61877    2067.95    2305.08    2.78378    75.8823      0.001    130.334    95.2486    93.5598    90.4744          0          0          0          0          0
      9900          0          0          0    246.988    115.246    3330.92    1256.45    4587.38    2351.09    2402.06   0.472852   -89.0331    2.62587    2066.79    2302.94    2.78693    73.5895      0.001    129.753    95.0964    93.2115    90.1026          0          0          0          0          0
      9800          0          0          0     247.83    112.351     3342.9    1272.37    4615.27    2350.76    2400.29   0.465647   -90.3725    2.63194    2065.67    2300.87    2.78998    71.1753      0.001    129.187    94.9395    92.8454    89.7128          0          0          0          0          0
      9700          0          0          0    248.648    109.348    3361.99    1286.91     4648.9    2350.34    2398.51   0.459234   -91.7487    2.63712    2064.57    2298.86    2.79295    68.6587      0.001    128.635    94.7485    92.4659    89.3095          0          0          0          0          0
      9600          0          0          0    249.447    106.259    3381.67    1300.09    4681.76    2349.83    2396.73   0.453505   -93.1672    2.64155    2063.49    2296.89    2.79584    66.0572      0.001    128.098    94.5026    92.0754    88.8965          0          0          0          0          0
      9500          0          0          0    250.231    103.096    3396.96    1311.94    4708.89    2349.25    2394.95   0.448371   -94.6312    2.64532    2062.44    2294.97    2.79866    63.3812      0.001    127.573    94.2169    91.7362    88.5164          0          0          0          0          0
      9400          0          0          0    250.997     100.73    3398.49    1326.14    4724.63    2348.64    2393.22   0.443771   -96.1258    2.64855    2061.42    2293.12    2.80142    61.2652      0.001    127.062    93.9055    91.4783    88.2759          0          0          0          0          0
      9300          0          0          0    251.739    98.8296    3399.22     1338.2    4737.42    2348.01    2391.55   0.439645   -97.6074    2.65131    2060.46    2291.34    2.80407    59.5577      0.001    126.565    93.5798    91.2141    88.0279          0          0          0          0          0
      9200          0          0          0    252.461     97.179    3399.56    1349.44       4749    2347.36    2389.93   0.435927   -99.0611    2.65367    2059.53    2289.64    2.80664    58.0583      0.001    126.083    93.2448    90.9216    87.7555          0          0          0          0          0
      9100          0          0          0    253.166    95.6977       3408    1358.27    4766.27     2346.7    2388.36    0.43256   -100.481     2.6557    2058.64    2287.99    2.80914    56.7018      0.001    125.614    92.9027    90.6102    87.4624          0          0          0          0          0
      9000          0          0          0     253.86    94.3512    3418.61    1363.71    4782.32    2346.02    2386.81   0.429493   -101.865    2.65743    2057.77    2286.38    2.81157    55.4608      0.001    125.157    92.5551    90.2851    87.1525          0          0          0          0          0
      8900          0          0          0    254.543    93.1329    3418.65    1369.82    4788.47    2345.33    2385.28   0.426682   -103.211    2.65891    2056.91    2284.79    2.81397    54.3285      0.001    124.709    92.2034    89.9499    86.8296          0          0          0          0          0
      8800          0          0          0    255.219    92.0154    3430.18    1375.13    4805.31    2344.63    2383.77   0.424092   -104.518    2.66018    2056.06    2283.23    2.81632    53.2859      0.001    124.261    91.8814    89.6071    86.4966          0          0          0          0          0
      8700          0          0          0    255.884    90.9821    3449.28    1379.64    4828.92    2343.91    2382.27   0.421691   -105.787    2.66128    2055.22    2281.69    2.81865    52.3181      0.001    123.816    91.6649    89.2603    86.1561          0          0          0          0          0
      8600          0          0          0    256.534    90.0249    3473.64    1383.66     4857.3    2343.18    2380.79   0.419455   -107.016    2.66222    2054.39    2280.18    2.82093    51.4181      0.001    123.376    91.4796    88.9138    85.8109          0          0          0          0          0
      8500          0          0          0     257.17    89.1346    3491.87    1387.19    4879.06    2342.45    2379.31   0.417363   -108.206    2.66302    2053.57    2278.69    2.82316    50.5782      0.001    122.944    91.2535     88.578    85.4639          0          0          0          0          0
      8400          0          0          0    257.794    88.7604    3513.66    1390.69    4904.36    2341.71    2377.85   0.415403   -109.347    2.66372    2052.77    2277.23    2.82533    50.1276      0.001    122.532    90.9941    88.3157    85.2012          0          0          0          0          0
      8300          0          0          0    258.401    88.7225    3524.13    1390.79    4914.92       2341    2376.46    0.41358   -110.417    2.66431       2052    2275.83    2.82745    49.9801      0.001    122.143     90.717    88.1092    85.0231          0          0          0          0          0
      8200          0          0          0    258.988    88.9115     3539.1    1390.91       4930     2340.3    2375.12   0.411881   -111.405    2.66483    2051.27     2274.5    2.82948    50.0308      0.001    121.774    90.4327    87.8941    84.8306          0          0          0          0          0
      8100          0          0          0    259.556     89.297    3551.05    1391.01    4942.07    2339.63    2373.83   0.410291   -112.307    2.66527    2050.57    2273.22    2.83144    50.2567      0.001     121.42    90.1456    87.6604    84.6212          0          0          0          0          0
      8000          0          0          0     260.11    89.8428    3571.04     1391.4    4962.44    2338.97    2372.59   0.408794   -113.122    2.66565    2049.89    2271.98    2.83334    50.6287      0.001    121.079    89.8577    87.4153    84.3973          0          0          0          0          0
      7900          0          0          0    260.653    90.6007    3581.92    1392.05    4973.97    2338.32    2371.37   0.407377   -113.848    2.66598    2049.23    2270.77    2.83519    51.1836      0.001    120.749    89.5701    87.1625    84.1619          0          0          0          0          0
      7800          0          0          0    261.186    91.5289    3595.16    1393.54     4988.7    2337.68    2370.18   0.406029   -114.481    2.66627    2048.58    2269.58    2.83701    51.8969      0.001    120.428    89.2838    86.9043    83.9178          0          0          0          0          0
      7700          0          0          0    261.712    92.6136    3610.71    1394.85    5005.56    2337.05       2369   0.404741    -115.02    2.66651    2047.94     2268.4    2.83879    52.7529      0.001    120.114    88.9993    86.6424     83.667          0          0          0          0          0
      7600          0          0          0    262.231     93.865     3624.2    1396.98    5021.18    2336.42    2367.84   0.403504   -115.463    2.66673     2047.3    2267.24    2.84055    53.7626      0.001    119.808     88.717    86.3781    83.4114          0          0          0          0          0
      7500          0          0          0    262.744    95.2527    3632.39     1399.9    5032.29     2335.8    2366.69   0.402311   -115.808    2.66691    2046.67     2266.1    2.84228    54.9014      0.001    119.507    88.4888    86.1126    83.1523          0          0          0          0          0
      7400          0          0          0    263.246    95.6686    3637.35     1403.6    5040.94    2335.18    2365.55   0.401159   -116.077    2.66707    2046.04    2264.97    2.84399    55.3498      0.001    119.212    88.3264    85.8489    82.8913          0          0          0          0          0
      7300          0          0          0    263.734    95.5302    3640.94    1406.05    5046.99    2334.56    2364.41   0.400044   -116.327    2.66721    2045.42    2263.86    2.84566    55.3035      0.001    118.925    88.1887    85.5892    82.6302          0          0          0          0          0
      7200          0          0          0    264.208    95.1106    3641.03    1407.26    5048.29    2333.95    2363.29   0.398964   -116.579    2.66733    2044.81    2262.77    2.84728    55.0188      0.001    118.646    88.0451    85.3417    82.3708          0          0          0          0          0
      7100          0          0          0    264.667    94.5016    3641.83    1409.63    5051.46    2333.34    2362.19   0.397921   -116.844    2.66743    2044.22    2261.71    2.84885    54.5711      0.001    118.376    87.8738    85.1411    82.1509          0          0          0          0          0
      7000          0          0          0    265.113    93.7538    3648.69    1417.14    5065.83    2332.76    2361.13   0.396925   -117.124    2.66752    2043.64    2260.69    2.85038    54.0014      0.001    118.114    87.6865    84.9795    82.0172          0          0          0          0          0
      6900          0          0          0    265.543    92.9119    3655.54    1424.59    5080.13     2332.2    2360.13   0.395982   -117.423    2.66759     2043.1    2259.73    2.85184    53.3453      0.001    117.861    87.4916     84.843    81.9055          0          0          0          0          0
      6800          0          0          0    265.956    91.9961    3664.19    1427.64    5091.83    2331.67    2359.18   0.395088   -117.742    2.66766     2042.6    2258.81    2.85323    52.6207      0.001    117.618    87.2942    84.7073    81.7814          0          0          0          0          0
      6700          0          0          0    266.356    91.0312    3673.29     1431.9    5105.19    2331.16    2358.27   0.394237    -118.08    2.66772    2042.11    2257.94    2.85457    51.8466      0.001    117.383    87.0966    84.5566    81.6466          0          0          0          0          0
      6600          0          0          0    266.746    90.0464    3681.69    1439.24    5120.93    2330.67     2357.4   0.393422   -118.438    2.66777    2041.65    2257.09    2.85587    51.0494      0.001    117.157    86.8997    84.3966     81.502          0          0          0          0          0
      6500          0          0          0    267.127    89.0304    3692.97    1445.27    5138.24    2330.19    2356.55   0.392638   -118.815    2.66781     2041.2    2256.27    2.85714    50.2207      0.001    116.937    86.7038    84.2305    81.3493          0          0          0          0          0
      6400          0          0          0    267.501    88.3085    3704.83    1451.57     5156.4    2329.73    2355.72   0.391881   -119.205    2.66785    2040.75    2255.46    2.85837    49.6022      0.001    116.723    86.5093    84.0603    81.1902          0          0          0          0          0
      6300          0          0          0     267.87    87.7579    3715.91    1456.49     5172.4    2329.27    2354.91   0.391147   -119.591    2.66788    2040.31    2254.67    2.85959    49.1354      0.001    116.513    86.3165    83.8873    81.0262          0          0          0          0          0
      6200          0          0          0    268.233    87.3069    3719.02    1460.93    5179.95    2328.82    2354.12   0.390432   -119.966    2.66791    2039.88    2253.88    2.86078    48.7506      0.001    116.307    86.1255    83.7124    80.8585          0          0          0          0          0
      6100          0          0          0    268.593    86.9446    3721.32    1464.87    5186.19    2328.38    2353.33   0.389734   -120.329    2.66794    2039.45    2253.11    2.86196     48.441      0.001    116.098    85.9362    83.5361    80.6881          0          0          0          0          0
      6000          0          0          0     268.95    86.6407    3734.55    1468.32    5202.87    2327.95    2352.55    0.38905   -120.676    2.66796    2039.02    2252.34    2.86313     48.182      0.001    115.885     85.748    83.3584    80.5157          0          0          0          0          0
      5900          0          0          0    269.307    86.3826    3745.89    1473.93    5219.81    2327.51    2351.77   0.388378   -121.007    2.66798     2038.6    2251.57    2.86429    47.9633      0.001    115.672    85.5606    83.1796    80.3416          0          0          0          0          0
      5800          0          0          0    269.662     86.161    3751.02    1478.09     5229.1    2327.08    2351.01   0.387716   -121.321    2.66799    2038.18    2250.81    2.86544    47.7774      0.001    115.459    85.3796    82.9999    80.1664          0          0          0          0          0
      5700          0          0          0    270.017    85.9703    3765.94     1482.2    5248.14    2326.66    2350.24   0.387062    -121.62    2.66801    2037.76    2250.05    2.86659    47.6196      0.001    115.246    85.2421    82.8201    79.9902          0          0          0          0          0
      5600          0          0          0    270.366    85.8078    3782.61    1486.42    5269.03    2326.23    2349.48   0.386417   -121.903    2.66802    2037.34     2249.3    2.86773     47.487      0.001    115.035    85.1294    82.6417    79.8137          0          0          0          0          0
      5500          0          0          0    270.709    85.6703    3789.37    1490.73    5280.09    2325.81    2348.73   0.385779    -122.17    2.66803    2036.92    2248.56    2.86884     47.377      0.001    114.826    85.0267    82.4655    79.6375          0          0          0          0          0
      5400          0          0          0    271.046    84.8004    3796.79    1495.35    5292.14    2325.39    2347.97    0.38515   -122.437    2.66804    2036.51    2247.83    2.86994    46.7257      0.001    114.621    84.9274    82.2916    79.4623          0          0          0          0          0
      5300          0          0          0    271.377    83.4849    3811.75    1500.28    5312.03    2324.97    2347.23    0.38453   -122.742    2.66805    2036.11     2247.1    2.87102    45.6711      0.001    114.422    84.8287    82.1358    79.2904          0          0          0          0          0
      5200          0          0          0      271.7    81.9294    3814.39    1502.18    5316.56    2324.56    2346.49   0.383921     -123.1    2.66805    2035.71     2246.4    2.87208    44.4027      0.001    114.236      84.73    81.9991    79.1439          0          0          0          0          0
      5100          0          0          0    272.012     80.221    3830.03    1504.99    5335.01    2324.16    2345.78   0.383332   -123.516    2.66806    2035.32    2245.72    2.87311    42.9946      0.001    114.061    84.6246    81.8824    79.0489          0          0          0          0          0
      5000          0          0          0    272.312    78.3764    3851.94     1508.7    5360.64    2323.78    2345.11   0.382769   -123.993    2.66806    2034.96    2245.07    2.87409    41.4605      0.001    113.896    84.5082    81.7829    78.9803          0          0          0          0          0
      4900          0          0          0      272.6    76.4487    3875.29     1511.3     5386.6    2323.42    2344.48   0.382234   -124.529    2.66807    2034.62    2244.46    2.87504    39.8417      0.001    113.738    84.3865    81.6945    78.9191          0          0          0          0          0
      4800          0          0          0    272.876    74.4408    3894.45    1513.43    5407.88    2323.08    2343.88   0.381725   -125.124    2.66807    2034.29    2243.87    2.87594    38.1452      0.001    113.587    84.2629    81.6088    78.8472          0          0          0          0          0
      4700          0          0          0    273.142    72.3708     3907.7    1515.07    5422.77    2322.75    2343.31   0.381238   -125.778    2.66808    2033.99    2243.32     2.8768    36.3827      0.001    113.443    84.1391    81.5219    78.7679          0          0          0          0          0
      4600          0          0          0    273.399    70.2698     3929.8    1518.67    5448.47    2322.44    2342.76   0.380771   -126.487    2.66808    2033.69    2242.79    2.87764    34.5834      0.001    113.305    84.0163    81.4329    78.6838          0          0          0          0          0
      4500          0          0          0    273.648    68.1169    3953.69    1523.22    5476.91    2322.14    2342.23   0.380321   -127.252    2.66808    2033.41    2242.27    2.87845    32.7307      0.001    113.172     83.895    81.3422    78.5961          0          0          0          0          0
      4400          0          0          0    273.891    66.3026    3978.23    1526.01    5504.24    2321.84    2341.71   0.379886   -128.062    2.66808    2033.13    2241.77    2.87923    31.1161      0.001    113.043    83.7756    81.2498    78.5058          0          0          0          0          0
      4300          0          0          0    274.127     64.677    4000.42    1528.64    5529.05    2321.56    2341.21   0.379466   -128.898    2.66808    2032.86    2241.29       2.88    29.6667      0.001    112.918    83.6581    81.1562    78.4136          0          0          0          0          0
      4200          0          0          0    274.358    63.1479     4027.1    1530.79    5557.89    2321.28    2340.72   0.379058   -129.751    2.66809     2032.6    2240.81    2.88075    28.2939      0.001    112.797    83.5426    81.0589    78.3195          0          0          0          0          0
      4100          0          0          0    274.585    61.6961    4057.84    1533.68    5591.52    2321.01    2340.24   0.378661   -130.616    2.66809    2032.34    2240.34    2.88149    26.9835      0.001    112.679    83.4289    80.9589    78.2235          0          0          0          0          0
      4000          0          0          0    274.809    60.2894    4089.03    1535.19    5624.22    2320.74    2339.76   0.378274    -131.49    2.66809    2032.08    2239.87    2.88221    25.7093      0.001    112.564     83.317    80.8575    78.1257          0          0          0          0          0
      3900          0          0          0    275.029    58.9123    4123.04    1535.32    5658.36    2320.47     2339.3   0.377895   -132.373    2.66809    2031.82    2239.41    2.88293    24.4586      0.001     112.45    83.2067    80.7555    78.0266          0          0          0          0          0
      3800          0          0          0    275.246    57.5545     4155.6    1537.11    5692.72    2320.21    2338.83   0.377524   -133.264    2.66809    2031.57    2238.96    2.88363    23.2229      0.001    112.339    83.0979    80.6531    77.9265          0          0          0          0          0
      3700          0          0          0     275.46    55.6109    4192.34    1539.25    5731.59    2319.95    2338.37   0.377159   -134.167    2.66809    2031.32    2238.51    2.88433    21.5897      0.001    112.229    82.9905    80.5507    77.8258          0          0          0          0          0
      3600          0          0          0    275.672    52.0567    4226.64    1541.72    5768.36    2319.69    2337.92     0.3768   -135.154    2.66809    2031.07    2238.06    2.88502    18.6031      0.001    112.121    82.8846    80.4485    77.7248          0          0          0          0          0
      3500          0          0          0    275.882     47.814    4260.12     1542.6    5802.72    2319.44    2337.47   0.376446   -136.283    2.66809    2030.82    2237.62     2.8857    15.0115      0.001    112.015    82.7799    80.3467    77.6237          0          0          0          0          0
      3400          0          0          0    276.089     43.328    4289.59    1544.69    5834.28    2319.19    2337.02   0.376098   -137.568    2.66809    2030.57    2237.19    2.88638    11.1649      0.001     111.91    82.6766    80.2452    77.5227          0          0          0          0          0
      3300          0          0          0    276.295    38.6006     4309.7    1546.63    5856.33    2318.94    2336.58   0.375753   -139.007    2.66809    2030.33    2236.75    2.88704    7.09883      0.001    111.806    82.5744    80.1443    77.4219          0          0          0          0          0
      3200          0          0          0    276.499    34.2239    4331.04    1548.43    5879.47    2318.69    2336.14   0.375414   -140.592    2.66809    2030.09    2236.32    2.88771    3.20869      0.001    111.703    82.4734    80.0439    77.3216          0          0          0          0          0
      3100          0          0          0    276.701    31.2326    4350.82    1550.48     5901.3    2318.44     2335.7   0.375078   -142.252     2.6681    2029.85     2235.9    2.88836    0.45824      0.001    111.602    82.3735    79.9442    77.2217          0          0          0          0          0
      3000          0          0          0    276.901    28.7275    4373.66    1552.79    5926.45     2318.2    2335.26   0.374746   -143.927     2.6681    2029.61    2235.47    2.88901   -1.88189      0.001    111.501    82.2754    79.8452    77.1223          0          0          0          0          0
      2900          0          0          0      277.1    26.5623    4396.98    1554.39    5951.36    2317.95    2334.83   0.374417   -145.597     2.6681    2029.37    2235.05    2.88965   -3.93693      0.001    111.402    82.1946    79.7471    77.0235          0          0          0          0          0
      2800          0          0          0    277.294    24.6355    4420.69    1556.38    5977.07    2317.71     2334.4   0.374092   -147.248     2.6681    2029.13    2234.64    2.89029   -5.78767      0.001    111.304    82.1272    79.6504    76.9255          0          0          0          0          0
      2700          0          0          0    277.485    22.7025    4437.45     1557.8    5995.24    2317.47    2333.98   0.373772   -148.878     2.6681     2028.9    2234.23    2.89092   -7.61111      0.001    111.208    82.0662    79.5556    76.8286          0          0          0          0          0
      2600          0          0          0    277.671    20.4154    4445.03    1561.57     6006.6    2317.24    2333.56   0.373456   -150.503     2.6681    2028.67    2233.83    2.89153   -9.72744      0.001    111.113    82.0081    79.4625    76.7329          0          0          0          0          0
      2500          0          0          0    277.853    18.0232    4464.98    1561.61    6026.59       2317    2333.14   0.373146   -152.141     2.6681    2028.44    2233.43    2.89213    -11.935      0.001    111.021    81.9512    79.3713    76.6386          0          0          0          0          0
      2400          0          0          0    278.031    15.6021    4486.87    1562.04    6048.92    2316.77    2332.73   0.372841   -153.797     2.6681    2028.22    2233.05    2.89272   -14.1732      0.001    110.931    81.8946    79.2818    76.5459          0          0          0          0          0
      2300          0          0          0    278.205    13.1547    4506.76     1563.1    6069.86    2316.54    2332.33   0.372542   -155.469     2.6681       2028    2232.67     2.8933   -16.4348      0.001    110.843    81.8378    79.1954    76.4547          0          0          0          0          0
      2200          0          0          0    278.376    10.8472     4520.1    1564.78    6084.88    2316.31    2331.93   0.372248   -157.159     2.6681    2027.79     2232.3    2.89386   -18.6076      0.001    110.758    81.7807    79.1162    76.3664          0          0          0          0          0
      2100          0          0          0    278.542    8.96647    4540.58    1566.52     6107.1    2316.09    2331.54   0.371961   -158.845     2.6681    2027.58    2231.93    2.89442   -20.4242      0.001    110.674    81.7234    79.0413    76.2817          0          0          0          0          0
      2000          0          0          0    278.705      7.259    4560.94    1568.32    6129.26    2315.88    2331.16   0.371682   -160.511     2.6681    2027.37    2231.58    2.89496   -22.0906      0.001    110.592    81.6658     78.971    76.2154          0          0          0          0          0
      1900          0          0          0    278.863    5.68249     4580.5    1569.65    6150.15    2315.67     2330.8   0.371414   -162.151     2.6681    2027.18    2231.24    2.89548   -23.6433      0.001    110.512    81.6082     78.909    76.1681          0          0          0          0          0
      1800          0          0          0    279.017    4.20709    4601.08       1571    6172.08    2315.47    2330.45    0.37116    -163.76     2.6681    2026.99    2230.91    2.89599   -25.1061      0.001    110.434    81.5508    78.8543     76.131          0          0          0          0          0
      1700          0          0          0    279.165    2.71422    4622.99    1571.54    6194.53    2315.28    2330.13    0.37092   -165.339     2.6681    2026.81     2230.6    2.89648   -26.5632      0.001    110.359    81.4939    78.8052    76.0999          0          0          0          0          0
      1600          0          0          0    279.307    1.02164    4642.13    1572.52    6214.65    2315.11    2329.82   0.370693   -166.898     2.6681    2026.64    2230.31    2.89696   -28.1835      0.001    110.287    81.4374    78.7601    76.0726          0          0          0          0          0
      1500          0          0          0    279.444  -0.725971    4660.85    1573.42    6234.27    2314.94    2329.53   0.370479   -168.445     2.6681    2026.49    2230.03    2.89741   -29.8494      0.001    110.217    81.3816     78.718    76.0479          0          0          0          0          0
      1400          0          0          0    279.575   -2.51382    4680.08    1576.05    6256.12    2314.79    2329.26   0.370278   -169.985     2.6681    2026.34    2229.76    2.89785   -31.5477      0.001     110.15    81.3264    78.6782    76.0251          0          0          0          0          0
      1300          0          0          0    279.702   -4.32557    4695.53    1578.01    6273.55    2314.64    2329.01   0.370088    -171.52     2.6681     2026.2    2229.51    2.89827   -33.2661      0.001    110.085    81.2719    78.6399    76.0019          0          0          0          0          0
      1200          0          0          0    279.823    -5.8586    4699.24    1579.32    6278.56     2314.5    2328.77   0.369909   -173.048     2.6681    2026.07    2229.27    2.89867   -34.7959      0.001    110.023    81.2181    78.6017    75.9732          0          0          0          0          0
      1100          0          0          0    279.941   -6.60564    4706.06    1580.05    6286.12    2314.36    2328.53   0.369738   -174.534     2.6681    2025.94    2229.04    2.89907   -35.6638      0.001    109.963    81.1648    78.5622    75.9404          0          0          0          0          0
      1000          0          0          0    280.055    -7.0164    4715.05    1580.34    6295.39    2314.23    2328.31   0.369575    -175.95     2.6681    2025.82    2228.81    2.89945    -36.236      0.001    109.905    81.1121    78.5216    75.9046          0          0          0          0          0
       900          0          0          0    280.166   -7.06673    4723.68    1580.86    6304.53    2314.11    2328.09   0.369418   -177.283     2.6681    2025.69    2228.59    2.89982   -36.5026      0.001    109.849    81.0598    78.4799    75.8667          0          0          0          0          0
       800          0          0          0    280.274   -6.84761    4731.11     1583.9    6315.02    2313.98    2327.87   0.369267   -178.523     2.6681    2025.58    2228.38    2.90019   -36.5247      0.001    109.795    81.0079    78.4374     75.827          0          0          0          0          0
       700          0          0          0     280.38   -6.30779    4740.83    1587.59    6328.42    2313.86    2327.66   0.369121   -179.664     2.6681    2025.46    2228.17    2.90054   -36.2794      0.001    109.742    80.9564    78.3944    75.7862          0          0          0          0          0
       600          0          0          0    280.484   -5.28582    4740.92    1588.28     6329.2    2313.74    2327.45   0.368978   -180.691     2.6681    2025.35    2227.96     2.9009   -35.6129      0.001     109.69    80.9052    78.3508    75.7444          0          0          0          0          0
       500          0          0          0    280.586   -3.97686     4741.4    1588.34    6329.74    2313.62    2327.24    0.36884   -181.593     2.6681    2025.23    2227.76    2.90124   -34.6846      0.001     109.64    80.8545    78.3071     75.702          0          0          0          0          0
       400          0          0          0    280.688    -2.3548    4754.21    1590.38    6344.59    2313.51    2327.04   0.368705   -182.363     2.6681    2025.12    2227.56    2.90159   -33.4796      0.001     109.59    80.8041    78.2631    75.6591          0          0          0          0          0
       300          0          0          0    280.787  -0.477695    4756.22    1593.44    6349.66    2313.39    2326.84   0.368572   -182.996     2.6681    2025.01    2227.36    2.90193   -32.0368      0.001    109.541    80.7542    78.2191    75.6159          0          0          0          0          0
       200          0          0          0    280.886    1.88662    4764.93    1597.03    6361.97    2313.28    2326.64   0.368442   -183.489     2.6681    2024.89    2227.16    2.90227   -30.2054      0.001    109.493    80.7047    78.1751    75.5724          0          0          0          0          0
       100          0          0          0    280.983    5.18458    4771.19     1597.5     6368.7    2313.17    2326.44   0.368315   -183.807     2.6681    2024.78    2226.96     2.9026   -27.5667      0.001    109.445    80.6557    78.1312    75.5289          0          0          0          0          0
         0          0          0          0     281.08    8.97967     4790.6    1597.88    6388.48    2313.05    2326.24   0.368189   -183.925     2.6681    2024.67    2226.77    2.90293   -24.4767      0.001    109.398    80.6071    78.0874    75.4853          0          0          0          0          0