    20000         0         1         0   187.948   365.085   67.9449    5.7719   73.7168   2341.68   2425.58    0.6884   15.9048   2.49734   2048.25   2344.34   2.72726   282.674     0.001   107.636   92.0964   89.5112   88.8986         0         0         0         0         0
    19900         0         1         0   187.948   364.222   129.283   12.7138   141.996   2341.68   2425.58  0.688551   15.7588   2.49734   2048.25   2344.34   2.72741   281.904     0.001   107.636   92.0964   89.5112   88.8986         0         0         0         0         0
    19800         0         1         0   187.948   363.638   195.625   20.8257   216.451   2341.68   2425.58  0.688701   15.6176   2.49734   2048.25   2344.34   2.72756   281.339     0.001   107.636   92.0964   89.5112   88.8986         0         0         0         0         0
    19700         0         1         0   187.948   363.429   254.876   26.4776   281.354   2341.68   2425.58  0.688851   15.4963   2.49734   2048.25   2344.34    2.7277    281.07     0.001   107.636   92.0964   89.5112   88.8986         0         0         0         0         0
    19600         0         1         0   187.948   363.507   295.549   29.9495   325.498   2341.68   2425.58  0.689002   15.4101   2.49734   2048.25   2344.34   2.72785   281.045     0.001   107.636   92.0964   89.5112   88.8986         0         0         0         0         0
    19500         0         1         0   187.948   361.776   347.853   30.9514   378.804   2341.68   2425.58  0.689152   15.3344   2.49734   2048.25   2344.34     2.728   279.849     0.001   107.636   92.0964   89.5112   88.8986         0         0         0         0         0
    19400         0         1         0   187.948   358.969   409.424   34.5233   443.947   2341.68   2425.58  0.689302   15.1783   2.49734   2048.25   2344.34   2.72815   277.734     0.001   107.636   92.0964   89.5112   88.8986         0         0         0         0         0
    19300         0         1         0   187.948   356.401   469.322   38.1252   507.447   2341.68   2425.58  0.689452   14.9169   2.49734   2048.25   2344.34    2.7283   275.681     0.001   107.636   92.0964   89.5112   88.8986         0         0         0         0         0
    19200         0         1         0   187.948   353.856   520.666   41.7571   562.423   2341.68   2425.58  0.689602   14.5704   2.49734   2048.25   2344.34   2.72845   273.656     0.001   107.636   92.0964   89.5112   88.8986         0         0         0         0         0
    19100         0         1         0   187.948   353.032   570.434    44.899   615.333   2341.68   2425.58  0.689752   14.1716   2.49734   2048.25   2344.34   2.72859   272.757     0.001   107.636   92.0964   89.5112   88.8986         0         0         0         0         0
    19000         0         1         0   187.948   353.243   619.491   48.8509   668.342   2341.68   2425.58  0.689901   13.8067   2.49734   2048.25   2344.34   2.72874   272.733     0.001   107.636   92.0964   89.5112   88.8986         0         0         0         0         0
    18900         0         1         0   187.948   351.625   667.466   53.6128   721.079   2341.68   2425.58  0.690051   13.4738   2.49734   2048.25   2344.34   2.72889   271.574     0.001   107.636   92.0964   89.5112   88.8986         0         0         0         0         0
    18800    0.0012         1    0.0012   187.948   348.983   726.723   55.6346   782.358   2341.68   2425.58  0.690201   13.0782   2.49734   2048.27   2344.36   2.72903   269.511     0.001   107.636   92.0964   89.5112   88.8986         0         0         0         0         0
    18700    0.0317         1    0.1517   187.956   347.133    797.57   58.9487   856.519   2341.68   2425.58  0.690347   12.6053   2.49734   2049.05   2345.28   2.72882   267.577     0.001   107.636   92.0964   89.5113   88.8986         0         0         0         0         0
    18600    0.0046         1    3.2946   188.111   344.794   882.586   64.7379   947.324   2341.72   2425.61  0.690396   12.0712   2.49734   2057.48   2355.35   2.72745   264.411     0.001   107.636   92.0966   89.5132   88.8988         0         0         0         0         0
    18500    0.0115         1    3.7615   188.072   343.904   974.622   64.7855   1039.41   2341.79   2425.68  0.690459   11.5213   2.49734   2050.34   2346.71   2.72896    264.83     0.001   107.638   92.0975   89.5155   88.8998         0         0         0         0         0
    18400    0.0223         1    4.9223   188.097   342.421   1033.55   65.2129   1098.76   2341.85   2425.75  0.690551   10.9644   2.49734   2052.41   2349.18   2.72868   263.129     0.001    107.64   92.0985   89.5167    88.901         0         0         0         0         0
    18300    0.0102         1    7.1402   188.171   338.957   1080.32   65.3641   1145.69   2341.93   2425.83  0.690605   10.3536   2.49734   2055.48   2352.83   2.72829   260.095     0.001   107.642   92.0998   89.5187   88.9023         0         0         0         0         0
    18200         0         1      8.15   188.162   334.978   1155.65   65.5057   1221.15   2342.02   2425.92  0.690674   9.62088   2.49734   2052.15   2348.81   2.72918    257.64     0.001   107.645   92.1016   89.5208    88.904         0         0         0         0         0
    18100         0         1      8.15   188.115   331.756   1254.65   66.1276   1320.78   2342.09   2425.99  0.690801    8.7671   2.49734   2049.23   2345.32   2.72996   255.407     0.001   107.648   92.1033   89.5217   88.9057         0         0         0         0         0
    18000         0         1      8.15   188.093   328.595   1348.92    66.167   1415.08   2342.13   2426.03  0.690959   7.83015   2.49734   2049.11   2345.19   2.73017   252.764     0.001    107.65   92.1049   89.5218    88.907         0         0         0         0         0
    17900    0.0001         1    8.1501   188.079   327.798   1435.66    67.558   1503.22   2342.15   2426.06  0.691124   6.85692   2.49734   2049.04   2345.13   2.73034    251.69     0.001   107.651   92.1062    89.522   88.9079         0         0         0         0         0
    17800    0.0107         1    8.1707    188.07   328.449   1520.35   69.8176   1590.17   2342.17   2426.07  0.691293   5.96367   2.49734   2049.17   2345.29   2.73041   251.749     0.001   107.652   92.1073   89.5222   88.9086         0         0         0         0         0
    17700    0.0278         1    9.2578   188.117   326.329   1604.81   71.4205   1676.23   2342.19   2426.09  0.691429   5.13765   2.49734   2052.43   2349.18    2.7298   249.503     0.001   107.653   92.1082   89.5231   88.9093         0         0         0         0         0
    17600    0.0375         1   12.0475    188.23   322.538   1678.95   76.9154   1755.87   2342.25   2426.15  0.691489   4.23404   2.49734   2057.67   2355.39   2.72883   245.594     0.001   107.654   92.1093   89.5257   88.9102         0         0         0         0         0
    17500    0.0101         1   15.7701    188.35   322.085   1737.59   81.9506   1819.54   2342.36   2426.26  0.691475   3.26654   2.49734   2060.51   2358.71   2.72859   244.489     0.001   107.657    92.111   89.5301    88.912         0         0         0         0         0
    17400    0.0098         1   16.7798   191.046    355.09   1758.01    82.687   1840.69   2336.82   2426.65  0.731308   1.60032   2.44051   2098.22   2400.86   2.64293    292.94     0.001   107.835   92.2241   89.5475   88.8783         0         0         0         0         0
    17300    0.0328         1   17.7828   191.896   365.097   1777.55   83.5144   1861.06   2332.85   2427.92  0.763982   1.42889   2.39082   2107.36   2410.84   2.62288   301.504     0.001   107.896    92.362   89.7089    89.041         0         0         0         0         0
    17200    0.0575         1   21.0875     192.5    370.36   1790.12   88.0991   1878.22   2329.79   2429.49    0.7923   1.64921   2.34741   2126.45   2433.23   2.61153   304.355     0.001   107.836   92.5158   89.9647   89.3476         0         0         0         0         0
    17100    0.0582         1   26.8382   193.183   373.009   1795.98   93.5464   1889.52   2327.42    2431.2  0.817024   1.99481    2.3095   2147.92   2458.46   2.60215   305.128     0.001   107.697   92.7031   90.3102   89.7597         0         0         0         0         0
    17000    0.0654         1   32.6654   193.908   374.674   1797.91   101.738   1899.65   2325.64   2433.03  0.838639   2.36014   2.27638    2155.7   2466.96    2.5949   306.527     0.001   107.523   92.9524   90.7377   90.2528         0         0         0         0         0
    16900    0.0471         1   39.1871   194.768   370.363   1804.08   110.595   1914.67   2324.33    2434.9  0.857507   2.61137   2.24743   2164.73   2476.83    2.5882    303.31     0.001   107.348   93.2892   91.2308   90.8084         0         0         0         0         0
    16800    0.0358         1   43.8858   195.627   362.853   1810.56   120.158   1930.71   2323.39   2436.78  0.873977    2.4971    2.2221    2158.3   2467.88   2.58352   298.626     0.001   107.196   93.6869   91.7782   91.4118         0         0         0         0         0
    16700     0.044         1    47.474   196.559   354.184    1815.1   131.489   1946.59   2322.72   2438.58  0.888334   1.93211   2.19994   2153.27   2460.54   2.57897   292.134     0.001   107.081   94.1447   92.3652   92.0264         0         0         0         0         0
    16600    0.0574         1   51.8874   197.656   343.897   1822.24   146.982   1969.22   2322.24   2440.25  0.900758  0.909475   2.18051   2159.72   2466.93   2.57363   283.077     0.001   107.012   94.6531   92.9707   92.5993         0         0         0         0         0
    16500     0.071         1    57.641   198.901   344.337   1825.06   156.435   1981.49   2321.95   2441.84  0.911432 -0.387181   2.16347   2171.11   2479.13   2.56819   281.383     0.001    106.99   95.1943   93.5982   93.2139         0         0         0         0         0
    16400    0.0992         1   64.7692   200.259   352.025   1836.39   170.143   2006.54   2321.88   2443.39  0.920558  -1.34163    2.1485   2183.93    2492.9   2.56287   286.323     0.001   107.013   95.7296   94.2482   93.8561         0         0         0         0         0
    16300    0.1082         1   74.6982   201.784   355.868   1856.56   180.875   2037.44   2322.03   2444.97  0.928296  -1.81078   2.13534   2205.91    2517.6   2.55705   288.401     0.001   107.076   96.3143   94.9111   94.5147         0         0         0         0         0
    16200    0.1049         1   85.5149   203.334   358.319   1880.96   196.986   2077.95   2322.43   2446.61  0.934834  -2.03613   2.12376   2218.03   2530.31   2.55252   290.253     0.001   107.176   96.9346    95.587   95.1826         0         0         0         0         0
    16100    0.1009         1   96.0009   204.857   349.049   1900.87   215.867   2116.74   2323.03   2448.29  0.940364  -2.27647   2.11354   2221.29   2532.31   2.54897   284.238     0.001    107.31   97.5811   96.2653    95.777         0         0         0         0         0
    16000    0.0995         1   106.089   206.375   331.651   1909.76   233.195   2142.96   2323.75   2449.94  0.945016  -3.15917   2.10453   2222.43   2531.76   2.54569   270.705     0.001   107.474   98.2403   96.9288   96.3681         0         0         0         0         0
    15900    0.1021         1   116.042   207.909   322.645    1913.1   249.139   2162.23   2324.55   2451.53  0.948891   -4.7477   2.09656   2224.45   2532.27   2.54235   262.365     0.001   107.667   98.8915   97.5851   96.9754         0         0         0         0         0
    15800    0.1046         1   126.255   209.478   318.759   1919.11    262.02   2181.13   2325.41   2453.07  0.952067  -6.48914    2.0895   2228.76   2535.52   2.53882   258.722     0.001   107.883   99.5085    98.228   97.5866         0         0         0         0         0
    15700    0.0989         1   136.709   211.071    316.11   1925.52    274.46   2199.98   2326.32   2454.56  0.954619   -8.1756   2.08323   2233.16   2538.87   2.53535   256.403     0.001   108.118   100.143   98.8585   98.1931         0         0         0         0         0
    15600    0.0943         1   146.594   212.639   314.769   1933.33    284.58   2217.91   2327.27      2456  0.956635   -9.7503   2.07766   2232.54   2536.21   2.53234   255.595     0.001   108.368    100.79   99.4798     98.79         0         0         0         0         0
    15500    0.0931         1   156.023     214.2   312.707    1941.1    293.91   2235.01   2328.23   2457.36  0.958182   -11.193   2.07269   2231.67   2533.26   2.52929   254.312     0.001   108.629    101.44   100.084   99.2916         0         0         0         0         0
    15400    0.1093         1   165.349   215.773   310.174   1953.63   302.142   2255.78   2329.18   2458.61  0.959301  -12.5678   2.06825   2232.87   2532.81   2.52589   252.242     0.001   108.894   102.084   100.658   99.7787         0         0         0         0         0
    15300    0.1126         1   176.283   217.439   308.764   1973.72    312.02   2285.74   2330.13    2459.8  0.960007  -13.8863   2.06427   2244.77   2545.16   2.52148   250.135     0.001    109.16   102.692   101.215   100.272         0         0         0         0         0
    15200    0.1313         1   187.561   219.098   308.703   1994.53   320.995   2315.52   2331.11   2460.98  0.960357  -15.0685   2.06068   2251.02   2550.72   2.51748   249.834     0.001   109.423   103.261   101.755   100.763         0         0         0         0         0
    15100    0.1745         1   200.734   220.838   314.668   2023.85    328.93   2352.78   2332.15   2462.16  0.960382  -15.9908   2.05744   2266.39   2567.15   2.51238   253.103     0.001   109.683   103.835   102.281   101.246         0         0         0         0         0
    15000    0.2179         1   218.228   222.754   324.228   2066.03   335.479    2401.5    2333.3   2463.41  0.960064  -16.3705   2.05449   2298.59   2603.63   2.50564    258.55     0.001   109.937   104.403   102.799   101.719         0         0         0         0         0
    14900    0.2035         1   240.003   224.784   330.822   2117.31   339.342   2456.65   2334.66   2464.85  0.959425  -16.1867    2.0518   2333.69   2643.51   2.49892   262.664     0.001   110.184   104.961   103.319   102.184         0         0         0         0         0
    14800    0.1621         1   260.312   226.608   337.495   2179.74   342.012   2521.75   2336.22   2466.48  0.958612  -15.6128   2.04932   2334.47   2642.33   2.49535    269.83     0.001   110.424   105.505   103.837   102.628         0         0         0         0         0
    14700    0.1093         1   276.469   228.125   329.408   2236.15   342.882   2579.03   2337.84   2468.15  0.957758  -14.9427   2.04703   2312.63   2614.36   2.49421   267.558     0.001   110.658   106.036   104.318   102.989         0         0         0         0         0
    14600    0.0847         1   287.375   220.032   261.995    2253.1    358.69   2611.79    2345.7   2470.27  0.912075  -16.2164   2.10852   2174.76   2458.22   2.65483   194.847     0.001   126.148   103.097   101.941   102.722         0         0         0         0         0
    14500    0.0641         1   295.824   217.375     236.4   2254.95   380.662   2635.62   2351.31   2470.45   0.87472  -21.5712   2.16764   2155.02   2437.56   2.68096   171.351     0.001   135.194    99.396   99.5104   101.727         0         0         0         0         0
    14400    0.0909         1   302.261   217.267   221.339   2259.21   404.748   2663.96      2356    2469.8  0.838404  -27.7465   2.22428   2142.73   2422.92   2.69101   158.109     0.001   140.222   97.2877   98.4452   100.435         0         0         0         0         0
    14300    0.1288         1   311.389   218.278   207.146   2266.35    425.62   2691.97   2360.17    2468.7   0.80222  -33.6644   2.27761   2146.34   2426.09   2.69681   144.958     0.001   143.047   96.4415   98.1753   99.2591         0         0         0         0         0
    14200    0.1462         1   324.286   219.724   194.216   2280.99   444.449   2725.44   2364.02   2467.42  0.766762  -39.0775   2.32682   2154.58   2434.35    2.7015    132.82     0.001   144.574    96.369   98.2167   98.4451         0         0         0         0         0
    14100    0.1203         1    338.88   221.218   187.105   2296.76   461.564   2758.32   2367.61   2466.14  0.732876  -43.8472   2.37142    2157.4   2436.09   2.70706   126.158     0.001   145.295   96.6996   98.3813   97.8569         0         0         0         0         0
    14000    0.1274         1   350.917   222.503   184.507   2321.35   476.046    2797.4   2370.87   2464.84  0.701271  -47.7843   2.41127   2148.54   2424.05   2.71429   124.694     0.001   145.484   97.1917   98.5339   97.3772         0         0         0         0         0
    13900    0.1058         1   363.636   223.804    179.19   2351.48   492.812   2844.29   2373.75   2463.47  0.672249  -50.9911   2.44648   2148.55   2422.67   2.71948   120.602     0.001   145.319   97.7012   98.6202   96.9649         0         0         0         0         0
    13800    0.1058         1   374.216   224.959   173.519   2372.66   506.367   2879.03   2376.24   2462.05  0.645939  -53.7505   2.47735   2140.92   2412.29   2.72566   116.958     0.001    144.94   98.1494   98.6157   96.5833         0         0         0         0         0
    13700    0.1037         1   384.794    226.12   169.119   2409.86   521.597   2931.46   2378.34   2460.55  0.622287  -56.1968   2.50423   2139.33   2409.17   2.73037   113.355     0.001   144.414   98.4991   98.5377   96.2075         0         0         0         0         0
    13600    0.0915         1   395.151   227.256   165.643   2439.89   535.546   2975.43   2380.08   2459.02  0.601137  -58.3597   2.52752   2137.25   2405.48   2.73498   110.705     0.001   143.807    98.703   98.3841   95.8243         0         0         0         0         0
    13500    0.0745         1   404.284   228.323   169.219   2469.91   543.053   3012.96    2381.5   2457.43  0.582329  -60.1714   2.54763   2132.25   2398.42   2.74005    113.47     0.001   143.145   98.7463   98.1586   95.4321         0         0         0         0         0
    13400     0.059         1   411.719   229.321   177.122   2497.88   552.772   3050.65   2382.61   2455.81  0.565689  -61.3556   2.56494   2125.79   2389.69   2.74532   120.187     0.001   142.442   98.7042   97.8933   95.1598         0         0         0         0         0
    13300    0.0769         1   417.637   230.275   174.412    2526.2   559.357   3085.56   2383.44   2454.15  0.551017  -62.0647   2.57981   2120.13   2381.96   2.75014   119.512     0.001    141.71   98.6105   97.6133   94.8812         0         0         0         0         0
    13200    0.1372         1   425.387   234.063   195.379   2537.17   565.209   3102.38   2376.61   2452.45  0.595529  -62.7226   2.51853   2192.28   2463.79    2.6376   150.531     0.001   134.372   98.6036    97.182   94.5883         0         0         0         0         0
    13100    0.1621         1   439.132   236.812    200.02    2544.1   566.156   3110.26   2371.35    2451.9   0.63361  -62.3667   2.46235   2245.91   2524.88   2.60359   152.416     0.001   128.603   98.6659   96.9175   94.4291         0         0         0         0         0
    13000    0.1617         1   455.342   239.128   204.227   2560.75   566.798   3127.55   2367.26   2452.03  0.667121  -61.7016   2.41206   2275.84   2558.17   2.58583   155.714     0.001   124.098   98.9263   96.9281   94.4207         0         0         0         0         0
    12900    0.1956         1   471.546   240.986   209.401   2563.37   569.076   3132.44   2364.11   2452.61  0.696629  -60.8905   2.36761   2286.88   2569.38    2.5738     160.4     0.001   120.567   99.3137   97.1177   94.5626         0         0         0         0         0
    12800    0.0857         1   490.996   242.603   213.886   2567.11   570.797   3137.91   2361.72   2453.52  0.722559  -60.0116   2.32854   2313.04   2598.97   2.56347   163.992     0.001   117.823   99.7791   97.4023   94.8282         0         0         0         0         0
    12700    0.0825         1   499.563   243.476   218.034   2567.42    571.67   3139.09   2359.89   2454.61   0.74561  -59.0733   2.29425   2253.95   2527.69   2.56208   173.125     0.001   115.681   100.276   97.7415   95.1838         0         0         0         0         0
    12600    0.0876         1   507.818   244.576   217.512    2585.7   572.245   3157.95   2358.31   2455.58  0.765964  -58.3134   2.26412   2244.98   2515.91   2.55484   173.322     0.001   113.997   100.818   98.1257    95.541         0         0         0         0         0
    12500    0.0923         1   516.582   245.814   217.198   2601.64   573.418   3175.05   2356.93   2456.42   0.78375  -57.8584   2.23761    2247.6    2517.8   2.54674   172.988     0.001   112.706   101.387   98.5091   95.9093         0         0         0         0         0
    12400    0.0838         1   525.804   247.131   216.927   2619.94   574.449   3194.39   2355.78   2457.19  0.799263  -57.6408   2.21421   2251.83   2521.53   2.53886   172.858     0.001   111.728   101.946   98.8842   96.3215         0         0         0         0         0
    12300    0.0749         1   534.175    248.44   215.586   2627.28   576.102   3203.38   2354.83   2457.93  0.812813  -57.6404   2.19352   2248.48   2516.28   2.53202   172.449     0.001    110.99   102.457   99.2678   96.7552         0         0         0         0         0
    12200    0.0617         1   541.652    249.75   213.322   2634.46    576.55   3211.01   2354.05   2458.62  0.824658  -57.8886   2.17518   2243.61   2509.25   2.52556   171.195     0.001    110.44   102.933   99.6818   97.2024         0         0         0         0         0
    12100    0.0431         1   547.803   251.047   212.855   2651.01   577.945   3228.96    2353.4   2459.25  0.835008  -58.3437   2.15889   2235.57   2498.48   2.51963   171.446     0.001   110.036   103.403   100.113   97.6599         0         0         0         0         0
    12000    0.0798         1    552.15   252.315   213.676   2677.17   580.163   3257.33   2352.84    2459.8  0.844044  -58.8632    2.1444    2224.2    2483.8   2.51387   172.717     0.001   109.751   103.874   100.547   98.1218         0         0         0         0         0
    11900    0.1348         1   560.185   253.833   214.072   2707.65   580.884   3288.53   2352.36    2460.3  0.851826  -59.4191   2.13148   2246.64   2508.91   2.50468   171.138     0.001   109.561   104.344   100.972   98.5801         0         0         0         0         0
    11800     0.196         1   573.726   255.603   214.174   2742.72   581.448   3324.16    2352.1   2460.89  0.858408  -60.0041   2.11996   2286.71   2554.66   2.49381    168.55     0.001   109.446    104.81   101.399   99.0029         0         0         0         0         0
    11700    0.1977         1   593.328   257.588    221.28   2788.25   582.453    3370.7   2352.18   2461.72  0.863896  -60.4833   2.10967    2334.2   2609.04   2.48259   171.517     0.001   109.389   105.269   101.815   99.3481         0         0         0         0         0
    11600    0.1832         1   613.083   245.487   195.404   2814.53    594.33   3408.87   2358.82   2463.15  0.820817  -61.1294   2.16458    2211.7   2475.59   2.66249   133.315     0.001   121.255   102.242   99.4873   99.1665         0         0         0         0         0
    11500    0.1692         1   631.389   241.283    177.35   2832.45   618.814   3451.26    2363.7   2463.34  0.787215  -64.0867   2.21768   2197.01    2462.3   2.68887   118.072     0.001   128.437   98.4433   97.0856   98.2484         0         0         0         0         0
    11400    0.1552         1   648.295   240.669   153.199   2838.69   646.098   3484.79   2367.95   2463.08  0.754689  -68.2439   2.26874   2187.72    2451.9   2.69697   98.6964     0.001   132.513   96.1763   95.9432    97.068         0         0         0         0         0
    11300    0.1411         1   663.801    241.39   142.022   2838.78   670.185   3508.96   2371.86   2462.54  0.722146  -72.8917   2.31693   2180.11   2442.16   2.70353   88.7687     0.001   134.856   95.2019   95.5653   95.9627         0         0         0         0         0
    11200    0.1275         1   677.898   242.548   138.161   2843.26   692.487   3535.74   2375.45   2461.77   0.69017   -77.077   2.36143   2173.21   2432.86   2.70997   85.6175     0.001    136.13   95.1596   95.5295   95.1313         0         0         0         0         0
    11100    0.1144         1   690.634   243.805   130.679   2867.77   713.581   3581.35   2378.72   2460.84  0.659562  -80.6352   2.40176   2166.85   2424.11   2.71611   80.4325     0.001   136.714   95.4152   95.6401   94.5966         0         0         0         0         0
    11000     0.102         1   702.062   245.055   121.449   2900.92   733.326   3634.25   2381.64    2459.8  0.630907   -83.874   2.43776    2160.9   2415.88   2.72183   73.5738     0.001   136.845   95.6823   95.7625   94.1647         0         0         0         0         0
    10900    0.0902         1    712.25   246.271   116.336   2924.46   754.655   3679.11   2384.19   2458.64  0.604538  -86.8657   2.46954   2155.34   2408.15   2.72718   69.5339     0.001    136.68   96.0017   95.8309   93.7984         0         0         0         0         0
    10800     0.079         1   721.259   247.447   113.569   2935.97   772.758   3708.73   2386.37   2457.39  0.580584   -89.485   2.49736   2150.07   2400.83   2.73221   67.5545     0.001   136.321   96.3033    95.827   93.4637         0         0         0         0         0
    10700    0.0683         1   729.148   248.582    109.84   2948.79   790.401   3739.19   2388.19   2456.04  0.559033  -91.7761   2.52155   2145.08   2393.89   2.73697   65.0044     0.001   135.837   96.5412   95.7497   93.1362         0         0         0         0         0
    10600    0.0562         1   735.966   249.679   105.672   2965.54   807.621   3773.16   2389.67   2454.62  0.539781   -93.884   2.54248   2140.28   2387.22   2.74154   62.0061     0.001   135.273    96.696   95.6037   92.8005         0         0         0         0         0
    10500    0.0449         1   741.575   250.734   103.334   2982.16   824.387   3806.54   2390.83   2453.11  0.522672  -95.8508   2.56052   2135.11   2380.17   2.74606   60.3388     0.001   134.659   96.7632   95.4105    92.449         0         0         0         0         0
    10400    0.0362         1   746.056   251.752   102.056      2999   838.836   3837.83    2391.7   2451.53  0.507523   -97.631   2.57602   2130.22   2373.49    2.7504   59.5664     0.001   134.015   96.7476   95.2156   92.0886         0         0         0         0         0
    10300    0.0286         1   749.669   252.743   101.327   3008.86   850.993   3859.86   2392.31    2449.9  0.494142  -99.2288   2.58932   2126.14   2367.79   2.75447   59.1697     0.001   133.355   96.6589   95.0138   91.8068         0         0         0         0         0
    10200    0.0212         1   752.521   253.705   100.478   3019.26   862.988   3882.25   2392.71   2448.26  0.482354  -100.662   2.60071   2122.43   2362.58   2.75835    58.742     0.001   132.693   96.5082   94.8122   91.6062         0         0         0         0         0
    10100    0.0142         1   754.634   254.635   98.5516   3045.52   872.053   3917.57   2392.93   2446.63  0.471976  -102.005   2.61045   2118.84   2357.55   2.76211   57.4312     0.001   132.035   96.3056    94.565   91.3599         0         0         0         0         0
    10000     0.007         1   756.047   255.537    96.287   3064.94   880.515   3945.45   2392.99   2444.99  0.462834  -103.323   2.61877    2115.4   2352.72   2.76576   55.8188     0.001   131.389   96.0587   94.2749   91.0695         0         0         0         0         0
     9900    0.0008         1   756.741   256.412   93.8625   3073.21   888.404   3961.61    2392.9   2443.34  0.454768  -104.639   2.62587   2111.94   2347.89   2.76935   54.0571     0.001   130.764   95.7744   93.9489   90.7429         0         0         0         0         0
     9800         0         1    756.82   257.265   91.2934   3082.29   894.882   3977.17   2392.67   2441.65  0.447637  -105.971   2.63194   2108.84   2343.51   2.77277   52.0992     0.001   130.153   95.4633   93.5939    90.387         0         0         0         0         0
     9700         0         1    756.82    258.12   88.4989   3084.05   899.949      3984   2392.33   2439.94  0.441304   -107.33   2.63712   2107.35   2341.04   2.77578   49.7767     0.001   129.558   95.2294   93.2164   90.0074         0         0         0         0         0
     9600         0         1    756.82   258.965   85.5686   3085.06   903.616   3988.67   2391.89   2438.22  0.435653  -108.728   2.64155   2106.18   2338.95   2.77864   47.3045     0.001   128.981   95.0466   92.8252   89.6096         0         0         0         0         0
     9500         0         1    756.82   259.791   82.5392   3090.33   905.899   3996.23   2391.37   2436.49  0.430594   -110.17   2.64532   2105.06   2336.94   2.78143   44.7363     0.001   128.424   94.8387   92.4258   89.1992         0         0         0         0         0
     9400         0         1    756.82   260.601   80.2727   3112.32   910.499   4022.82   2390.78   2434.75  0.426046  -111.643   2.64855   2103.99   2335.01   2.78413   42.7046     0.001   127.884    94.574   92.0208   88.7803         0         0         0         0         0
     9300         0         1    756.82   261.396   78.4496   3133.43   912.902   4046.33   2390.15   2433.02  0.421944  -113.104   2.65131   2102.95   2333.12   2.78677   41.0648     0.001   127.359     94.27   91.6895   88.4371         0         0         0         0         0
     9200         0         1    756.82   262.173    76.861    3153.4   914.429   4067.83    2389.5   2431.35   0.41825  -114.536   2.65367   2101.95   2331.32   2.78933   39.6216     0.001   126.849   93.9424   91.4341   88.1998         0         0         0         0         0
     9100         0         1    756.82   262.927    75.432   3165.23   915.356   4080.59   2388.84   2429.73  0.414914  -115.933    2.6557   2101.01   2329.59   2.79179   38.3126     0.001   126.355   93.6027   91.1589   87.9425         0         0         0         0         0
     9000         0         1    756.82   263.661   74.1304   3174.84   919.717   4094.56   2388.16   2428.16  0.411887  -117.294   2.65743   2100.11   2327.93   2.79418   37.1125     0.001   125.877   93.2554   90.8578   87.6635         0         0         0         0         0
     8900         0         1    756.82   264.382   72.9512   3195.06   923.449   4118.51   2387.48   2426.63  0.409124  -118.617   2.65891   2099.24   2326.32    2.7965    36.016     0.001   125.413   92.9025   90.5399   87.3659         0         0         0         0         0
     8800         0         1    756.82   265.091   71.8683   3203.67   928.015   4131.68   2386.79   2425.12  0.406587  -119.901   2.66018   2098.38   2324.74   2.79877   35.0052     0.001    124.96   92.5456   90.2102   87.0534         0         0         0         0         0
     8700         0         1    756.82   265.792   70.8652   3204.69   933.407    4138.1   2386.09   2423.63  0.404242  -121.145   2.66128   2097.53   2323.19   2.80099   34.0658     0.001   124.514   92.1862   89.8718   86.7292         0         0         0         0         0
     8600         0         1    756.82   266.486   69.9328   3208.96   939.342    4148.3   2385.37   2422.14  0.402062   -122.35   2.66222    2096.7   2321.65   2.80319   33.1908     0.001   124.067   91.8635   89.5268   86.3959         0         0         0         0         0
     8500         0         1    756.82   267.171   69.0638   3210.79   945.813   4156.61   2384.65   2420.67  0.400023  -123.516   2.66302   2095.86   2320.13   2.80536   32.3738     0.001   123.623   91.6466   89.1788   86.0559         0         0         0         0         0
     8400         0         1    756.82    267.84   68.7005   3212.52   952.353   4164.88   2383.91   2419.21  0.398109  -124.635   2.66372   2095.04   2318.63   2.80749   31.9396     0.001   123.187   91.4554   88.8321    85.712         0         0         0         0         0
     8300    0.0004         1    756.82   268.496   68.6659   3222.12    962.55   4184.67   2383.17   2417.75  0.396303  -125.683   2.66431   2094.23   2317.17   2.80957   31.8004     0.001    122.76   91.2221   88.5092   85.3735         0         0         0         0         0
     8200    0.0041         1   756.864    269.14   68.8411   3227.22   972.815   4200.03   2382.43   2416.32  0.394603  -126.652   2.66483   2093.61   2315.93   2.81154   31.8135     0.001   122.359   90.9586   88.2648   85.1507         0         0         0         0         0
     8100         0         1    757.27    269.78   69.1324   3235.42   983.145   4218.57   2381.72   2414.96  0.393007  -127.539   2.66527    2093.9   2315.77   2.81327   31.8945     0.001   121.979   90.6802   88.0641   84.9723         0         0         0         0         0
     8000         0         1    757.27   270.374   69.7283   3235.55   993.794   4229.35   2381.04   2413.66  0.391515  -128.338   2.66565   2092.03   2313.12   2.81542   32.4305     0.001   121.618    90.396   87.8456   84.7769         0         0         0         0         0
     7900         0         1    757.27   270.954   70.4789   3244.79   1004.75   4249.54   2380.37    2412.4  0.390116  -129.047   2.66598   2091.31   2311.83   2.81726    32.988     0.001    121.27   90.1098   87.6106   84.5657         0         0         0         0         0
     7800         0         1    757.27   271.522   71.3942   3251.69   1016.57   4268.26   2379.71   2411.17  0.388792  -129.664   2.66627   2090.63    2310.6   2.81903   33.6984     0.001   120.933    89.823   87.3652    84.341         0         0         0         0         0
     7700         0         1    757.27    272.08   72.4615   3256.29   1028.25   4284.54   2379.07   2409.97  0.387532  -130.187   2.66651   2089.97   2309.39   2.82076   34.5475     0.001   120.607   89.5368   87.1128   84.1058         0         0         0         0         0
     7600         0         1    757.27    272.63   73.6914   3262.98   1040.78   4303.76   2378.43   2408.78  0.386327  -130.615   2.66673   2089.32   2308.21   2.82245   35.5466     0.001    120.29    89.252   86.8556   83.8624         0         0         0         0         0
     7500         0         1    757.27   273.172   75.0544   3274.99   1054.13   4329.11   2377.79   2407.62  0.385169  -130.947   2.66691   2088.68   2307.04   2.82412   36.6716     0.001    119.98   88.9692    86.595   83.6129         0         0         0         0         0
     7400         0         1    757.27   273.707   75.4623   3290.23   1068.29   4358.52   2377.16   2406.46  0.384052  -131.204   2.66707   2088.04   2305.89   2.82576   37.1148     0.001   119.677   88.6888   86.3324    83.359         0         0         0         0         0
     7300         0         1    757.27   274.237   75.3221   3306.85   1081.25    4388.1   2376.54   2405.32   0.38297  -131.442   2.66721   2087.41   2304.75   2.82738   37.0685     0.001   119.379   88.4712    86.069   83.1019         0         0         0         0         0
     7200         0         1    757.27   274.754    74.907   3327.15      1093   4420.15   2375.92   2404.19  0.381922  -131.683   2.66733   2086.78   2303.63   2.82898   36.7888     0.001   119.088   88.3128   85.8078   82.8432         0         0         0         0         0
     7100         0         1    757.27   275.258    74.308   3348.14   1105.96    4454.1    2375.3   2403.06  0.380903  -131.936   2.66743   2086.16   2302.52   2.83054     36.35     0.001   118.804   88.1767   85.5507   82.5847         0         0         0         0         0
     7000         0         1    757.27   275.746   73.5743   3361.46   1124.11   4485.57   2374.68   2401.95  0.379915  -132.207   2.66752   2085.55   2301.44   2.83206   35.7923     0.001   118.528   88.0322   85.3106   82.3285         0         0         0         0         0
     6900         0         1    757.27   276.221   72.7489   3374.77   1142.23      4517   2374.08   2400.85  0.378958  -132.497   2.66759   2084.96   2300.39   2.83353   35.1506     0.001   118.261   87.8609   85.1176   82.1256         0         0         0         0         0
     6800    0.0002         1    757.27    276.68   71.8518   3386.27   1156.01   4542.27   2373.49   2399.81  0.378046  -132.805   2.66766   2084.39   2299.39   2.83495    34.441     0.001   118.002   87.6747   84.9619   82.0016         0         0         0         0         0
     6700    0.0162         1   757.306   277.124   70.8994    3397.3   1171.03   4568.33   2372.94   2398.82  0.377182  -133.133   2.66772   2084.14   2298.76   2.83615   33.5666     0.001   117.753   87.4814   84.8283   81.8891         0         0         0         0         0
     6600    0.0482         1   758.958   277.624   69.5669   3409.38   1189.25   4598.63   2372.43   2397.89  0.376328  -133.494   2.66777   2088.87   2303.89   2.83597   31.8345     0.001   117.516    87.286   84.6938    81.765         0         0         0         0         0
     6500    0.0682         1   763.798   278.225   67.7246   3419.41   1206.38   4625.79      2372   2397.07   0.37543  -133.911   2.66781   2098.48   2314.62   2.83452   29.3181     0.001   117.305   87.0908   84.5469   81.6313         0         0         0         0         0
     6400     0.058         1   770.608   278.839   66.2301   3429.63   1224.02   4653.64   2371.68   2396.39  0.374493  -134.384   2.66785   2104.52    2321.2   2.83398   27.5762     0.001    117.12   86.8982   84.3948   81.4897         0         0         0         0         0
     6300    0.0464         1   776.396   279.336   65.5015    3440.8    1240.4   4681.21   2371.44   2395.79  0.373591  -134.867   2.66788   2101.64   2317.48   2.83561   27.2994     0.001   116.942   86.7101   84.2396   81.3424         0         0         0         0         0
     6200    0.0354         1   781.025   279.762   65.0621   3459.93   1256.37    4716.3   2371.22   2395.22  0.372758  -135.332   2.66791      2098   2312.92   2.83752   27.2979     0.001   116.753   86.5266    84.081   81.1909         0         0         0         0         0
     6100    0.0233         1   784.553   280.144   64.8211   3479.76   1271.86   4751.62   2370.99   2394.65  0.371989  -135.767   2.66794    2094.3   2308.35   2.83946   27.4558     0.001   116.555   86.3463   83.9189   81.0358         0         0         0         0         0
     6000    0.0149         1   786.875    280.49   64.7506   3488.42   1286.85   4775.27   2370.73   2394.04  0.371277  -136.167   2.66796    2090.2   2303.32    2.8415   27.7648     0.001   116.353   86.1679   83.7535   80.8775         0         0         0         0         0
     5900    0.0066         1   788.357   280.824   64.7209   3498.74   1303.97   4802.72   2370.43    2393.4   0.37061   -136.53   2.66798   2087.09   2299.46    2.8433   28.0123     0.001    116.14   85.9902   83.5851   80.7162         0         0         0         0         0
     5800    0.0003         1    789.01   281.147   64.7596   3515.01   1319.62   4834.64    2370.1   2392.73   0.36998   -136.86   2.66799      2084   2295.63   2.84509   28.3048     0.001   115.921   85.8122   83.4138   80.5521         0         0         0         0         0
     5700         0         1    789.04   281.466   64.8131   3521.25   1335.19   4856.44   2369.74   2392.03  0.369379  -137.158   2.66801   2081.56   2292.56    2.8467   28.5206     0.001   115.697   85.6329   83.2398   80.3853         0         0         0         0         0
     5600         0         1    789.04   281.807   64.7714   3525.62   1350.84   4876.46   2369.35   2391.31  0.368792  -137.433   2.66802   2080.89   2291.54   2.84786   28.4981     0.001   115.474   85.4521   83.0637   80.2162         0         0         0         0         0
     5500         0         1    789.04   282.158   64.7144   3539.82    1366.6   4906.42   2368.96   2390.58  0.368208  -137.689   2.66803    2080.4    2290.7   2.84897   28.4571     0.001   115.253   85.2983   82.8863    80.045         0         0         0         0         0
     5400         0         1    789.04   282.513   63.9165   3553.28   1382.69   4935.97   2368.56   2389.84  0.367628  -137.944   2.66804   2079.93   2289.91   2.85005   27.8636     0.001   115.036   85.1782   82.7093   79.8724         0         0         0         0         0
     5300         0         1    789.04   282.865   62.6649   3559.13   1399.11   4958.24   2368.16   2389.11  0.367053  -138.237   2.66805   2079.49   2289.15   2.85113   26.8595     0.001   114.823   85.0718   82.5339   79.6993         0         0         0         0         0
     5200         0         1    789.04   283.212   61.1683   3577.26   1412.52   4989.78   2367.76   2388.39  0.366483  -138.583   2.66805   2079.07    2288.4   2.85218   25.6373     0.001   114.614   84.9707   82.3605   79.5264         0         0         0         0         0
     5100         0         1    789.04   283.555   59.5152   3582.33   1426.87    5009.2   2367.37   2387.66  0.365919  -138.988   2.66806   2078.66   2287.67   2.85321   24.2727     0.001   114.412    84.871   82.1958   79.3549         0         0         0         0         0
     5000         0         1    789.04   283.892   57.7237   3583.59   1442.16   5025.75   2366.97   2386.94  0.365362  -139.452   2.66806   2078.25   2286.96   2.85422   22.7809     0.001   114.223   84.7715   82.0528   79.1934         0         0         0         0         0
     4900         0         1    789.04   284.218   55.8477   3586.34   1456.38   5042.72   2366.58   2386.24   0.36482  -139.977   2.66807   2077.86   2286.28    2.8552   21.2038     0.001   114.047   84.6722   81.9282   79.0827         0         0         0         0         0
     4800         0         1    789.04   284.533   53.8914   3587.73   1470.17    5057.9   2366.21   2385.57  0.364299  -140.559   2.66807   2077.49   2285.62   2.85615   19.5489     0.001   113.879   84.5638   81.8229   79.0062         0         0         0         0         0
     4700         0         1    789.04   284.835   51.8732   3594.98    1483.5   5078.48   2365.86   2384.94  0.363804  -141.198   2.66808   2077.14      2285   2.85706   17.8283     0.001   113.719   84.4471   81.7312    78.946         0         0         0         0         0
     4600         0         1    789.04   285.125   49.8242   3596.63   1498.83   5095.46   2365.53   2384.35  0.363333  -141.892   2.66808   2076.81   2284.41   2.85793    16.071     0.001   113.567   84.3266   81.6457   78.8788         0         0         0         0         0
     4500         0         1    789.04   285.404   47.7241   3600.13   1515.13   5115.26   2365.21   2383.78  0.362884  -142.639   2.66808    2076.5   2283.85   2.85876   14.2609     0.001   113.421    84.205     81.56    78.803         0         0         0         0         0
     4400         0         1    789.04   285.673   45.9553   3604.32    1529.7   5134.03    2364.9   2383.23  0.362453  -143.432   2.66808    2076.2   2283.31   2.85956   12.6849     0.001   113.281   84.0836   81.4724   78.7214         0         0         0         0         0
     4300         0         1    789.04   285.934   44.3722    3606.2   1544.14   5150.34    2364.6   2382.71  0.362039  -144.248   2.66808   2075.92    2282.8   2.86033   11.2717     0.001   113.147   83.9633   81.3829   78.6357         0         0         0         0         0
     4200         0         1    789.04   286.187   42.8827   3612.62   1558.13   5170.75   2364.31    2382.2  0.361639  -145.081   2.66809   2075.64    2282.3   2.86108   9.93308     0.001   113.017   83.8445   81.2918   78.5472         0         0         0         0         0
     4100         0         1    789.04   286.435   41.4683   3623.14   1572.86      5196   2364.03    2381.7  0.361253  -145.925   2.66809   2075.37   2281.81   2.86181   8.65518     0.001   112.892   83.7275   81.1993   78.4564         0         0         0         0         0
     4000         0         1    789.04   286.676   40.0975   3634.13   1586.24   5220.37   2363.75   2381.21  0.360878  -146.779   2.66809    2075.1   2281.33   2.86253   7.41223     0.001    112.77   83.6124   81.1057   78.3641         0         0         0         0         0
     3900         0         1    789.04   286.913   38.7553   3647.99   1598.25   5246.24   2363.48   2380.73  0.360513  -147.641   2.66809   2074.84   2280.86   2.86323   6.19189     0.001   112.652   83.4993   81.0102   78.2706         0         0         0         0         0
     3800         0         1    789.04   287.145   37.4316   3660.43   1611.94   5272.37   2363.22   2380.26  0.360158   -148.51   2.66809   2074.58   2280.39   2.86392   4.98589     0.001   112.536    83.388   80.9119   78.1755         0         0         0         0         0
     3700         0         1    789.04   287.374   35.5359   3677.09   1625.99   5303.09   2362.95   2379.79  0.359811   -149.39   2.66809   2074.32   2279.94    2.8646   3.38916     0.001   112.423   83.2783   80.8122   78.0789         0         0         0         0         0
     3600         0         1    789.04     287.6   32.0569   3691.39   1640.39   5331.79   2362.69   2379.33  0.359471  -150.354   2.66809   2074.07   2279.48   2.86527  0.457114     0.001   112.312   83.1703   80.7119   77.9813         0         0         0         0         0
     3500         0         1    789.04   287.822   27.9049   3704.96   1653.22   5358.18   2362.44   2378.88  0.359137  -151.458   2.66809   2073.82   2279.04   2.86593  -3.06867     0.001   112.202   83.0637   80.6113   77.8828         0         0         0         0         0
     3400         0         1    789.04   288.042   23.5172   3714.62   1667.26   5381.88   2362.18   2378.43  0.358809  -152.716   2.66809   2073.57   2278.59   2.86658  -6.84237     0.001   112.095   82.9585   80.5108   77.7838         0         0         0         0         0
     3300         0         1    789.04    288.26   18.8961   3715.02   1681.17   5396.19   2361.93   2377.98  0.358486  -154.124   2.66809   2073.32   2278.15   2.86723   -10.829     0.001   111.989   82.8547   80.4104   77.6846         0         0         0         0         0
     3200         0         1    789.04   288.476   14.6176   3716.75   1694.94    5411.7   2361.68   2377.54  0.358168  -155.676   2.66809   2073.07   2277.72   2.86787  -14.6416     0.001   111.884   82.7521   80.3104   77.5853         0         0         0         0         0
     3100         0         1    789.04   288.689   11.7024   3717.01   1708.98   5425.99   2361.43    2377.1  0.357854  -157.301    2.6681   2072.83   2277.29    2.8685  -17.3281     0.001   111.781   82.6508   80.2108   77.4862         0         0         0         0         0
     3000         0         1    789.04     288.9   9.26226   3720.38   1723.28   5443.67   2361.18   2376.66  0.357543  -158.942    2.6681   2072.59   2276.86   2.86913  -19.6117     0.001   111.679   82.5506   80.1118   77.3874         0         0         0         0         0
     2900         0         1    789.04    289.11   7.15223   3724.29   1736.89   5461.18   2360.93   2376.22  0.357237  -160.576    2.6681   2072.34   2276.43   2.86975  -21.6171     0.001   111.578   82.4515   80.0134   77.2889         0         0         0         0         0
     2800         0         1    789.04   289.318   5.27297   3728.64   1750.91   5479.55   2360.69   2375.79  0.356934  -162.193    2.6681    2072.1   2276.01   2.87037  -23.4239     0.001   111.478   82.3536   79.9156    77.191         0         0         0         0         0
     2700         0         1    789.04   289.524   3.38554    3731.2   1761.53   5492.74   2360.45   2375.36  0.356634  -163.787    2.6681   2071.87   2275.59   2.87098  -25.2056     0.001   111.379   82.2591   79.8185   77.0935         0         0         0         0         0
     2600         0         1    789.04   289.727   1.14764   3742.89   1777.36   5520.25   2360.21   2374.93  0.356338  -165.378    2.6681   2071.63   2275.18   2.87158  -27.2781     0.001   111.282   82.1831   79.7223   76.9967         0         0         0         0         0
     2500         0         1    789.04   289.927   -1.1942   3743.62   1789.39   5533.01   2359.97   2374.51  0.356045  -166.982    2.6681    2071.4   2274.77   2.87218  -29.4412     0.001   111.185   82.1187   79.6277   76.9007         0         0         0         0         0
     2400         0         1    789.04   290.123  -3.56433   3746.35   1801.91   5548.26   2359.73   2374.09  0.355756  -168.602    2.6681   2071.16   2274.36   2.87277  -31.6343     0.001   111.091   82.0597   79.5349   76.8058         0         0         0         0         0
     2300         0         1    789.04   290.314  -5.95996   3747.12   1815.08    5562.2    2359.5   2373.68  0.355471  -170.241    2.6681   2070.94   2273.97   2.87335  -33.8503     0.001   110.999   82.0032   79.4439   76.7122         0         0         0         0         0
     2200         0         1    789.04     290.5  -8.21918   3752.85   1828.88   5581.72   2359.26   2373.27  0.355191  -171.895    2.6681   2070.71   2273.58   2.87391  -35.9792     0.001   110.908   81.9476   79.3546   76.6199         0         0         0         0         0
     2100         0         1    789.04   290.683  -10.0589    3754.3   1842.76   5597.06   2359.03   2372.86  0.354917  -173.546    2.6681   2070.49    2273.2   2.87447  -37.7565     0.001    110.82   81.8922    79.267   76.5292         0         0         0         0         0
     2000         0         1    789.04   290.862  -11.7295   3755.67   1856.72    5612.4   2358.81   2372.46  0.354647  -175.178    2.6681   2070.27   2272.82   2.87501  -39.3866     0.001   110.734   81.8365   79.1832   76.4401         0         0         0         0         0
     1900         0         1    789.04   291.037  -13.2727   3756.28   1870.23    5626.5   2358.58   2372.07  0.354383  -176.784    2.6681   2070.06   2272.45   2.87554  -40.9057     0.001   110.649   81.7805   79.1062    76.354         0         0         0         0         0
     1800         0         1    789.04   291.208  -14.7179   3757.93   1883.77    5641.7   2358.36   2371.68  0.354125  -178.361    2.6681   2069.85    2272.1   2.87606  -42.3371     0.001   110.567   81.7242   79.0329   76.2718         0         0         0         0         0
     1700         0         1    789.04   291.375  -16.1806   3760.95   1896.51   5657.46   2358.15   2371.31  0.353875  -179.907    2.6681   2069.65   2271.75   2.87657  -43.7634     0.001   110.487   81.6677   78.9646   76.2098         0         0         0         0         0
     1600         0         1    789.04   291.537  -17.8405   3761.22   1907.76   5668.99   2357.94   2370.95  0.353637  -181.434    2.6681   2069.45   2271.41   2.87707  -45.3514     0.001   110.408   81.6112   78.9045   76.1648         0         0         0         0         0
     1500         0         1    789.04   291.695  -19.5544   3761.33   1920.91   5682.25   2357.75   2370.61  0.353411  -182.951    2.6681   2069.27   2271.09   2.87755  -46.9846     0.001   110.332   81.5549   78.8514   76.1292         0         0         0         0         0
     1400         0         1    789.04   291.847  -21.3075   3761.77   1935.81   5697.58   2357.56   2370.29  0.353197  -184.459    2.6681   2069.09   2270.78   2.87801  -48.6493     0.001   110.259   81.4989   78.8035    76.099         0         0         0         0         0
     1300         0         1    789.04   291.993  -23.0837   3765.07   1950.07   5715.14   2357.39   2369.99  0.352997  -185.963    2.6681   2068.93   2270.49   2.87846  -50.3336     0.001   110.188   81.4435   78.7594   76.0724         0         0         0         0         0
     1200         0         1    789.04   292.133  -24.5878    3780.1   1963.69   5743.78   2357.22   2369.71  0.352809   -187.46    2.6681   2068.77   2270.22   2.87889  -51.8326     0.001   110.119   81.3887   78.7182   76.0483         0         0         0         0         0
     1100         0         1    789.04   292.269   -25.319   3791.99   1976.75   5768.73   2357.07   2369.44  0.352633  -188.915    2.6681   2068.62   2269.95   2.87931  -52.6786     0.001   110.053   81.3345   78.6791    76.026         0         0         0         0         0
     1000         0         1    789.04   292.399  -25.7213   3801.71   1989.38   5791.09   2356.92   2369.19  0.352468  -190.301    2.6681   2068.49    2269.7   2.87971  -53.2343     0.001    109.99   81.2809   78.6417   76.0036         0         0         0         0         0
      900         0         1    789.04   292.524  -25.7718   3811.78   2002.25   5814.04   2356.78   2368.95  0.352312  -191.605    2.6681   2068.35   2269.47   2.88009  -53.4906     0.001   109.929   81.2279   78.6042   75.9758         0         0         0         0         0
      800         0         1    789.04   292.645  -25.5589   3823.06   2011.58   5834.63   2356.65   2368.72  0.352165  -192.818    2.6681   2068.23   2269.24   2.88046  -53.5076     0.001    109.87   81.1757   78.5657    75.944         0         0         0         0         0
      700         0         1    789.04   292.762  -25.0333   3832.07   2020.27   5852.34   2356.52    2368.5  0.352024  -193.934    2.6681    2068.1   2269.02   2.88083  -53.2629     0.001   109.813   81.1273   78.5256   75.9091         0         0         0         0         0
      600         0         1    789.04   292.875   -24.035    3850.9   2031.97   5882.88   2356.39   2368.28  0.351889  -194.937    2.6681   2067.98    2268.8   2.88118  -52.6042     0.001   109.758   81.0864   78.4846   75.8719         0         0         0         0         0
      500         0         1    789.04   292.985  -22.7561   3870.17   2044.32   5914.48   2356.27   2368.07   0.35176  -195.817    2.6681   2067.87   2268.59   2.88153  -51.6891     0.001   109.705   81.0533   78.4432   75.8332         0         0         0         0         0
      400         0         1    789.04   293.091  -21.1711   3901.79   2054.68   5956.47   2356.15   2367.86  0.351636  -196.568    2.6681   2067.75   2268.39   2.88187  -50.5028     0.001   109.654   81.0264   78.4019   75.7934         0         0         0         0         0
      300         0         1    789.04   293.193  -19.3362   3922.66   2070.15   5992.81   2356.03   2367.65  0.351516  -197.185    2.6681   2067.64   2268.19    2.8822  -49.0835     0.001   109.605   81.0035    78.361    75.753         0         0         0         0         0
      200         0         1    789.04    293.29  -17.0253   3950.29   2086.14   6036.43   2355.92   2367.45  0.351401  -197.663    2.6681   2067.53   2267.99   2.88252  -47.2831     0.001   109.557   80.9823   78.3207   75.7125         0         0         0         0         0
      100         0         1    789.04   293.385  -13.7974   3963.01   2098.07   6061.09    2355.8   2367.25   0.35129   -197.97    2.6681   2067.42    2267.8   2.88283  -44.6876     0.001   109.512   80.9606   78.2811   75.6721         0         0         0         0         0
        0         0         1    789.04   293.476  -10.0829   3963.36   2110.09   6073.45   2355.69   2367.06  0.351184   -198.08    2.6681   2067.31   2267.62   2.88313  -41.6496     0.001   109.468   80.9355   78.2421   75.6319         0         0         0         0         0