20.00	2342.09	2355.04	2158.68	2425.40	2419.59	2385.44	0.68	0.55	1.72	15.95	17.37	44.40	7.57	7.51	7.90	0.00	0.00	0.00	0.00	0.00	0.00	0.00
19.90	2342.09	2354.76	2185.29	2425.40	2419.59	2385.44	0.68	0.55	1.58	15.95	17.37	44.12	7.57	7.52	7.85	0.00	0.00	0.00	0.00	0.00	0.00	0.00
19.80	2342.09	2354.90	2173.69	2425.40	2419.59	2385.44	0.68	0.55	1.64	15.82	17.23	43.97	7.57	7.51	7.87	0.00	0.00	0.00	0.00	0.00	0.00	0.00
19.70	2342.09	2355.07	2159.16	2425.40	2419.59	2385.44	0.68	0.55	1.71	15.68	17.10	44.14	7.57	7.51	7.90	0.00	0.00	0.00	0.00	0.00	0.00	0.00
19.60	2342.09	2354.76	2184.92	2425.40	2419.59	2385.44	0.68	0.55	1.58	15.56	16.96	43.38	7.57	7.52	7.85	0.00	0.00	0.00	0.00	0.00	0.00	0.00
19.50	2342.08	2355.00	2159.96	2425.40	2419.59	2385.44	0.68	0.55	1.71	15.47	16.82	42.90	7.57	7.51	7.90	0.00	0.00	0.00	0.00	0.00	0.00	0.00
19.40	2342.08	2354.67	2186.20	2425.40	2419.59	2385.44	0.68	0.55	1.57	15.39	16.75	42.55	7.57	7.52	7.85	0.00	0.00	0.00	0.00	0.00	0.00	0.00
19.30	2342.08	2355.01	2158.94	2425.40	2419.59	2385.44	0.69	0.55	1.71	15.24	16.62	43.00	7.57	7.51	7.90	0.00	0.00	0.00	0.00	0.00	0.00	0.00
19.20	2342.08	2354.71	2186.61	2425.40	2419.59	2385.44	0.69	0.55	1.57	15.00	16.36	42.39	7.57	7.52	7.84	0.00	0.00	0.00	0.00	0.00	0.00	0.00
19.10	2342.08	2355.01	2158.83	2425.40	2419.59	2385.44	0.69	0.55	1.72	14.66	16.00	41.82	7.57	7.51	7.90	0.00	0.00	0.00	0.00	0.00	0.00	0.00
19.00	2342.08	2354.72	2185.66	2425.40	2419.59	2385.44	0.69	0.55	1.58	14.27	15.60	41.02	7.57	7.52	7.85	0.00	0.00	0.00	0.00	0.00	0.00	0.00
18.90	2342.08	2355.02	2158.80	2425.40	2419.59	2385.44	0.69	0.55	1.72	13.90	15.24	41.01	7.57	7.51	7.90	0.00	0.00	0.00	0.00	0.00	0.00	0.00
18.80	2342.09	2354.71	2188.66	2425.40	2419.59	2385.44	0.69	0.55	1.56	13.56	14.89	40.29	7.57	7.52	7.84	0.00	0.00	0.00	0.00	0.00	0.00	0.00
18.70	2342.38	2405.37	2184.50	2425.40	2419.59	2385.44	0.69	0.49	1.72	13.04	-7.59	20.47	7.57	7.37	7.85	0.00	0.12	0.00	0.00	0.03	0.00	0.03
18.60	2347.48	2541.87	2246.67	2425.40	2419.59	2385.50	0.68	0.35	1.81	10.30	-63.67	-38.34	7.55	7.02	7.71	0.00	3.28	0.00	0.00	0.00	0.00	0.00
18.50	2342.99	2355.67	2172.94	2425.42	2419.64	2385.93	0.69	0.56	1.68	11.79	12.91	34.14	7.56	7.51	7.87	0.00	3.72	0.02	0.00	0.01	0.00	0.01
18.40	2344.26	2464.24	2208.52	2425.46	2419.65	2385.66	0.68	0.43	1.75	10.71	-33.61	-3.55	7.56	7.20	7.80	0.00	4.70	0.20	0.00	0.02	0.00	0.02
18.30	2345.80	2498.13	2219.99	2425.50	2419.72	2385.89	0.68	0.39	1.77	9.49	-47.69	-15.54	7.56	7.12	7.77	0.00	6.96	0.20	0.00	0.01	0.00	0.01
18.20	2343.39	2355.81	2155.47	2425.57	2419.79	2386.15	0.69	0.55	1.74	10.00	11.24	35.88	7.56	7.51	7.91	0.00	7.99	0.20	0.00	0.00	0.00	0.00
18.10	2342.46	2354.85	2155.02	2425.65	2419.86	2386.06	0.69	0.56	1.74	9.74	11.04	36.26	7.57	7.52	7.91	0.00	7.99	0.20	0.00	0.00	0.00	0.00
18.00	2342.40	2354.76	2155.50	2425.72	2419.91	2385.79	0.69	0.56	1.74	8.96	10.30	36.27	7.57	7.52	7.91	0.00	7.99	0.20	0.00	0.00	0.00	0.00
17.90	2342.43	2354.75	2158.04	2425.76	2419.95	2385.82	0.69	0.56	1.72	8.02	9.36	34.83	7.57	7.52	7.90	0.00	7.99	0.20	0.00	0.00	0.00	0.00
17.80	2342.48	2362.87	2165.90	2425.79	2419.99	2385.85	0.69	0.55	1.70	7.05	4.84	30.84	7.57	7.49	7.89	0.00	8.00	0.20	0.00	0.01	0.00	0.01
17.70	2344.31	2453.69	2205.73	2425.80	2420.00	2385.85	0.68	0.44	1.74	5.35	-34.43	-5.13	7.56	7.23	7.81	0.00	9.02	0.20	0.00	0.03	0.00	0.03
17.60	2346.93	2528.30	2244.15	2425.82	2420.02	2385.97	0.68	0.36	1.80	3.36	-65.01	-41.31	7.55	7.05	7.72	0.00	11.70	0.21	0.00	0.04	0.00	0.04
17.50	2348.11	2491.56	2221.56	2425.85	2420.06	2386.36	0.68	0.40	1.78	1.97	-51.51	-23.28	7.55	7.13	7.77	0.00	15.43	0.25	0.00	0.01	0.00	0.01
17.40	2343.73	2356.74	2177.68	2425.91	2420.14	2386.78	0.69	0.56	1.68	2.99	3.75	21.11	7.56	7.51	7.87	0.00	16.11	0.62	0.00	0.01	0.00	0.01
17.30	2339.69	2461.07	2210.96	2426.26	2420.81	2391.22	0.72	0.46	1.76	1.06	-43.29	-10.21	7.57	7.22	7.80	0.00	17.07	0.66	0.00	0.03	0.00	0.03
17.20	2339.14	2599.80	2261.21	2427.48	2422.17	2393.87	0.75	0.34	1.87	-0.85	-97.98	-57.85	7.58	6.91	7.70	0.00	20.35	0.66	0.00	0.06	0.00	0.06
17.10	2339.85	2688.29	2295.58	2429.08	2423.89	2396.53	0.77	0.28	1.95	-2.41	-130.01	-90.02	7.58	6.77	7.61	0.00	26.08	0.66	0.00	0.06	0.00	0.06
17.00	2337.52	2637.02	2299.98	2430.80	2425.74	2399.51	0.80	0.35	1.95	-2.14	-113.96	-91.69	7.59	6.85	7.61	0.00	31.93	0.73	0.00	0.05	0.02	0.07
16.90	2334.27	2576.60	2363.32	2432.61	2427.68	2402.82	0.82	0.43	1.72	-1.19	-93.26	-96.35	7.61	6.96	7.44	0.00	36.84	2.82	0.01	0.04	0.01	0.05
16.80	2351.65	2519.28	2246.29	2434.46	2429.66	2406.03	0.81	0.51	1.85	-8.86	-71.01	-35.10	7.56	7.09	7.76	0.64	40.60	3.56	0.02	0.02	0.00	0.04
16.70	2377.63	2484.46	2244.90	2436.36	2431.57	2407.56	0.79	0.57	1.81	-20.15	-58.21	-28.87	7.50	7.18	7.76	2.44	42.82	3.58	0.03	0.02	0.00	0.05
16.60	2405.87	2558.59	2276.60	2438.18	2433.39	2408.68	0.77	0.50	1.86	-32.46	-87.29	-57.66	7.42	7.01	7.69	5.31	45.29	3.63	0.04	0.03	0.00	0.07
16.50	2433.91	2636.35	2291.90	2439.89	2435.13	2410.73	0.74	0.42	1.94	-44.76	-116.16	-78.92	7.35	6.87	7.66	9.17	48.62	3.64	0.05	0.04	-0.00	0.09
16.40	2462.18	2741.60	2410.01	2441.46	2436.78	2413.12	0.71	0.32	1.69	-57.07	-152.17	-117.80	7.27	6.72	7.34	14.01	53.01	3.58	0.06	0.06	0.01	0.13
16.30	2503.07	2812.98	2446.14	2442.98	2438.38	2415.42	0.67	0.27	1.83	-73.47	-176.15	-156.42	7.17	6.64	7.24	20.22	58.78	4.18	0.08	0.05	0.02	0.14
16.20	2552.03	2747.83	2405.01	2444.50	2440.00	2418.57	0.62	0.34	1.98	-91.70	-156.75	-150.86	7.05	6.71	7.37	28.34	63.53	5.77	0.10	0.03	0.02	0.15
16.10	2604.03	2688.06	2354.36	2446.06	2441.63	2421.00	0.56	0.41	2.17	-109.93	-137.85	-145.30	6.95	6.80	7.52	38.50	66.10	8.21	0.12	0.01	0.03	0.16
16.00	2655.96	2659.02	2434.52	2447.66	2443.26	2422.87	0.51	0.44	1.82	-127.33	-128.32	-143.75	6.86	6.84	7.30	50.72	66.63	11.37	0.14	0.00	0.03	0.17
15.90	2697.27	2697.90	2399.03	2449.24	2444.87	2424.60	0.47	0.41	1.99	-141.14	-141.48	-146.65	6.80	6.79	7.40	64.45	66.63	14.27	0.15	0.00	0.02	0.18
15.80	2738.13	2736.51	2361.17	2450.78	2446.42	2426.19	0.43	0.37	2.17	-154.95	-154.68	-149.37	6.74	6.74	7.52	79.65	66.63	16.59	0.17	0.00	0.02	0.18
15.70	2779.88	2775.89	2388.52	2452.27	2447.93	2427.79	0.39	0.34	2.07	-168.78	-167.88	-153.03	6.69	6.69	7.44	96.36	66.63	18.31	0.17	0.00	0.01	0.19
15.60	2795.60	2791.33	2448.23	2453.71	2449.39	2429.36	0.37	0.32	1.81	-174.54	-173.55	-153.63	6.68	6.68	7.28	113.80	66.63	19.49	0.17	0.00	0.01	0.18
15.50	2799.54	2794.87	2425.45	2455.11	2450.79	2430.82	0.37	0.32	1.89	-176.69	-175.50	-151.99	6.67	6.67	7.35	131.23	66.63	20.41	0.18	0.00	0.01	0.18
15.40	2803.90	2798.89	2384.71	2456.44	2452.13	2432.12	0.37	0.32	2.05	-178.85	-177.46	-150.03	6.67	6.67	7.47	148.78	66.63	21.12	0.18	0.02	0.00	0.20
15.30	2808.45	3004.85	2412.73	2457.69	2453.38	2433.33	0.37	0.14	2.29	-181.04	-236.46	-197.46	6.67	6.48	7.39	166.33	68.94	21.31	0.16	0.04	0.00	0.21
15.20	2772.83	2973.59	2449.75	2458.87	2454.58	2434.72	0.41	0.17	2.15	-171.31	-229.27	-201.23	6.71	6.51	7.29	182.46	73.33	21.33	0.15	0.03	0.03	0.22
15.10	2737.94	2887.84	2428.88	2460.01	2455.81	2437.13	0.44	0.26	2.63	-161.46	-208.99	-247.10	6.76	6.58	7.35	197.33	76.63	24.75	0.14	0.03	0.09	0.25
15.00	2704.50	2822.39	2616.66	2461.21	2457.09	2439.83	0.48	0.33	2.27	-151.62	-193.56	-297.96	6.80	6.65	6.91	210.96	79.14	33.55	0.13	0.02	0.13	0.28
14.90	2704.70	2769.42	2474.96	2462.53	2458.56	2443.60	0.48	0.42	2.77	-151.72	-178.94	-297.31	6.81	6.71	7.24	224.33	80.87	46.61	0.15	0.01	0.12	0.27
14.80	2729.04	2731.56	2454.06	2464.05	2460.21	2447.25	0.46	0.45	2.68	-158.69	-165.67	-271.86	6.77	6.77	7.31	238.84	81.42	58.48	0.15	0.00	0.08	0.24
14.70	2755.52	2832.56	2491.46	2465.77	2461.92	2448.84	0.43	0.31	1.95	-165.69	-190.01	-190.44	6.74	6.65	7.21	254.29	81.62	66.76	0.14	0.05	0.00	0.19
14.60	2709.39	3068.35	2485.30	2467.54	2463.59	2448.75	0.48	0.10	2.15	-150.29	-252.05	-212.33	6.81	6.45	7.23	268.48	86.68	66.99	0.09	0.07	0.00	0.16
14.50	2597.03	2946.90	2485.60	2469.77	2465.11	2440.41	0.58	0.17	1.86	-111.73	-218.67	-185.27	7.01	6.54	7.20	277.48	93.50	66.99	0.05	0.07	0.00	0.11
14.40	2483.13	2823.06	2443.21	2470.30	2465.46	2438.62	0.70	0.26	1.84	-73.24	-185.31	-166.15	7.29	6.66	7.32	282.01	100.04	67.07	0.00	0.09	0.00	0.10
14.30	2390.82	3051.36	2515.08	2469.90	2464.87	2436.57	0.79	0.04	1.90	-41.44	-251.19	-217.92	7.55	6.46	7.12	282.49	109.24	67.49	0.00	0.13	-0.00	0.13
14.20	2383.91	3128.20	2525.95	2468.95	2463.79	2434.54	0.77	-0.05	1.98	-42.84	-273.45	-239.86	7.57	6.41	7.09	282.49	122.67	67.49	0.00	0.15	0.00	0.15
14.10	2388.63	3174.57	2472.28	2467.70	2462.43	2432.48	0.74	-0.10	2.27	-48.59	-287.44	-254.18	7.55	6.38	7.22	282.49	137.62	67.49	0.00	0.12	0.01	0.13
14.00	2394.78	2870.53	2396.70	2466.32	2460.94	2430.33	0.70	0.12	2.21	-54.29	-212.55	-212.68	7.53	6.61	7.43	282.64	149.39	68.07	0.04	0.08	0.02	0.14
13.90	2464.63	2874.20	2476.40	2464.87	2459.40	2428.24	0.58	0.09	1.90	-83.68	-216.00	-221.82	7.33	6.60	7.20	286.21	157.40	70.53	0.02	0.08	0.03	0.13
13.80	2434.73	2866.43	2498.64	2463.38	2457.83	2426.26	0.59	0.07	1.84	-74.50	-215.79	-228.81	7.41	6.61	7.13	287.97	165.30	73.52	0.01	0.07	0.04	0.12
13.70	2406.08	2734.58	2390.92	2461.87	2456.25	2424.28	0.61	0.18	2.23	-65.27	-179.29	-224.86	7.49	6.75	7.43	288.64	172.40	77.72	0.00	0.06	0.06	0.11
13.60	2390.22	2701.90	2385.77	2460.35	2454.66	2422.33	0.61	0.19	2.20	-60.69	-170.47	-220.05	7.53	6.80	7.44	288.65	178.16	83.43	0.00	0.06	0.05	0.10
13.50	2389.44	2685.03	2358.79	2458.81	2453.07	2420.44	0.59	0.18	2.06	-61.84	-165.20	-192.11	7.53	6.82	7.51	288.65	183.67	87.98	0.00	0.05	0.03	0.08
13.40	2390.16	2668.74	2403.49	2457.25	2451.44	2418.17	0.57	0.17	1.62	-63.36	-159.95	-165.15	7.52	6.84	7.37	288.65	188.89	90.80	0.00	0.05	0.01	0.06
13.30	2390.75	2648.99	2315.29	2455.65	2449.77	2415.79	0.55	0.17	1.81	-64.37	-153.35	-140.77	7.51	6.87	7.61	288.65	193.80	92.09	0.01	0.06	0.01	0.08
13.20	2420.56	2809.61	2378.39	2453.99	2448.08	2415.34	0.50	0.02	1.93	-76.39	-204.35	-194.42	7.43	6.65	7.44	289.60	199.42	93.58	0.02	0.13	0.00	0.15
13.10	2446.51	3384.81	2441.80	2452.32	2446.77	2417.25	0.50	-0.36	2.64	-89.19	-345.77	-306.62	7.35	6.26	7.26	291.35	211.98	93.86	0.03	0.14	0.01	0.18
13.00	2475.64	2986.36	2410.96	2451.59	2446.31	2419.82	0.50	-0.06	2.44	-101.72	-258.34	-266.23	7.26	6.49	7.36	294.28	225.96	94.73	0.05	0.10	0.04	0.19
12.90	2508.19	3213.81	2455.06	2451.48	2446.42	2422.45	0.48	-0.20	2.56	-114.39	-312.93	-298.57	7.18	6.34	7.24	298.81	236.27	98.58	0.05	0.15	0.02	0.23
12.80	2535.60	2724.45	2433.31	2451.81	2446.94	2424.84	0.48	0.23	2.59	-124.52	-189.62	-288.69	7.11	6.75	7.31	304.21	251.54	100.44	0.07	0.04	0.01	0.12
12.70	2563.93	2765.04	2344.01	2452.48	2447.76	2427.22	0.46	0.18	1.96	-134.11	-195.83	-163.09	7.04	6.70	7.57	311.43	255.30	101.45	0.08	0.04	0.00	0.12
12.60	2593.01	2789.55	2351.07	2453.42	2448.79	2428.98	0.45	0.18	2.00	-143.71	-203.11	-169.53	6.98	6.68	7.55	319.79	259.06	101.45	0.10	0.04	0.00	0.13
12.50	2622.65	2814.38	2412.15	2454.53	2449.95	2430.22	0.43	0.17	1.80	-153.32	-210.38	-176.28	6.93	6.65	7.38	329.30	262.75	101.45	0.11	0.04	0.00	0.14
12.40	2651.41	2834.80	2443.26	2455.70	2451.17	2431.49	0.41	0.17	1.73	-162.58	-216.46	-182.50	6.88	6.63	7.30	339.94	266.38	101.45	0.11	0.03	0.00	0.14
12.30	2669.21	2777.20	2370.40	2456.89	2452.39	2432.68	0.41	0.23	1.93	-168.33	-199.73	-166.15	6.85	6.70	7.51	351.31	269.14	101.45	0.12	0.01	0.00	0.13
12.20	2686.95	2722.15	2404.90	2458.05	2453.58	2433.83	0.40	0.29	1.66	-174.09	-183.24	-151.25	6.83	6.77	7.41	363.44	270.48	101.45	0.12	0.00	0.00	0.13
12.10	2683.69	2686.50	2405.55	2459.18	2454.72	2434.81	0.41	0.34	1.59	-173.51	-172.50	-141.97	6.83	6.82	7.41	375.86	270.61	101.45	0.09	0.02	0.00	0.11
12.00	2595.96	2819.02	2378.41	2460.26	2455.81	2435.70	0.52	0.22	2.00	-146.19	-213.37	-179.30	6.99	6.65	7.49	384.75	272.34	101.45	0.06	0.07	0.00	0.13
11.90	2513.54	3043.62	2470.23	2461.27	2456.82	2436.34	0.63	0.04	2.07	-118.94	-274.37	-237.91	7.19	6.46	7.23	390.26	279.57	101.45	0.02	0.14	0.00	0.16
11.80	2436.16	3320.52	2486.47	2462.20	2457.76	2437.01	0.74	-0.15	2.52	-91.72	-337.79	-298.34	7.40	6.30	7.19	392.53	293.20	101.45	0.00	0.20	0.00	0.20
11.70	2394.69	3492.57	2484.81	2463.07	2458.62	2437.58	0.80	-0.25	2.83	-76.68	-372.22	-332.01	7.52	6.22	7.20	392.61	313.45	101.45	0.00	0.20	0.00	0.20
11.60	2388.25	3409.67	2504.67	2463.83	2459.39	2437.92	0.81	-0.19	2.61	-74.57	-356.64	-317.02	7.54	6.26	7.15	392.61	333.86	101.45	0.00	0.19	0.00	0.19
11.50	2390.81	3338.34	2556.67	2464.68	2459.80	2432.54	0.78	-0.17	2.25	-73.84	-341.25	-304.90	7.54	6.29	7.01	392.61	352.79	101.45	0.00	0.17	0.00	0.17
11.40	2392.80	3264.16	2432.43	2464.40	2459.37	2430.88	0.75	-0.14	2.61	-75.26	-326.05	-289.95	7.53	6.33	7.33	392.61	370.23	101.45	0.00	0.16	0.00	0.16
11.30	2394.14	3188.65	2542.09	2463.60	2458.44	2428.93	0.72	-0.11	2.00	-77.98	-311.06	-277.63	7.53	6.37	7.04	392.61	386.16	101.45	0.00	0.14	0.00	0.14
11.20	2395.15	3114.60	2444.29	2462.54	2457.25	2426.82	0.69	-0.08	2.24	-81.32	-296.20	-263.42	7.52	6.41	7.28	392.61	400.58	101.45	0.00	0.13	0.00	0.13
11.10	2396.00	3044.59	2452.65	2461.26	2455.85	2424.60	0.67	-0.06	2.05	-84.39	-281.40	-249.64	7.52	6.46	7.25	392.61	413.58	101.45	0.00	0.12	0.00	0.12
11.00	2396.69	2978.87	2483.75	2459.88	2454.37	2422.36	0.64	-0.03	1.77	-86.96	-266.68	-235.91	7.51	6.50	7.16	392.61	425.23	101.45	0.00	0.10	0.00	0.10
10.90	2397.20	2915.28	2372.60	2458.43	2452.82	2420.16	0.61	0.01	2.07	-89.26	-251.95	-221.56	7.50	6.56	7.47	392.61	435.62	101.45	0.00	0.09	0.00	0.09
10.80	2397.49	2856.77	2368.33	2456.89	2451.20	2417.95	0.59	0.03	1.97	-91.37	-237.37	-208.31	7.50	6.61	7.47	392.61	444.81	101.45	0.00	0.08	0.00	0.08
10.70	2397.55	2799.99	2424.01	2455.31	2449.54	2415.81	0.57	0.05	1.58	-93.18	-222.80	-195.85	7.49	6.67	7.31	392.61	452.86	101.45	0.00	0.07	0.00	0.07
10.60	2397.39	2746.19	2373.14	2453.67	2447.85	2413.61	0.55	0.08	1.67	-94.74	-208.32	-182.14	7.49	6.73	7.45	392.61	459.84	101.45	0.00	0.06	0.00	0.06
10.50	2397.00	2694.63	2350.89	2451.99	2446.10	2411.48	0.53	0.11	1.63	-96.14	-193.90	-168.69	7.49	6.79	7.50	392.61	465.80	101.45	0.00	0.05	0.00	0.05
10.40	2396.38	2644.86	2297.14	2450.26	2444.32	2409.36	0.51	0.14	1.74	-97.44	-179.50	-155.07	7.48	6.87	7.64	392.61	470.78	101.45	0.00	0.04	0.00	0.04
10.30	2395.58	2597.50	2340.35	2448.50	2442.51	2407.27	0.50	0.17	1.42	-98.60	-165.35	-142.28	7.48	6.95	7.52	392.61	474.83	101.45	0.00	0.03	0.00	0.03
10.20	2394.62	2550.83	2262.50	2446.69	2440.69	2405.07	0.49	0.21	1.65	-99.64	-151.30	-128.82	7.48	7.04	7.72	392.61	477.99	101.45	0.00	0.02	0.00	0.02
10.10	2393.31	2496.46	2264.86	2444.96	2438.91	2403.08	0.48	0.25	1.50	-100.44	-133.09	-114.20	7.48	7.17	7.71	392.61	480.14	101.45	0.00	0.01	0.00	0.01
10.00	2392.21	2452.17	2261.48	2443.23	2437.16	2401.12	0.47	0.28	1.41	-101.29	-118.17	-102.46	7.48	7.29	7.71	392.61	481.54	101.45	0.00	0.01	0.00	0.01
9.90	2391.04	2425.72	2209.34	2441.53	2435.42	2399.22	0.46	0.30	1.54	-102.15	-109.36	-89.27	7.47	7.36	7.82	392.61	482.23	101.45	0.00	0.00	0.00	0.00
9.80	2389.98	2403.53	2229.61	2439.81	2433.69	2397.27	0.45	0.32	1.38	-103.11	-102.31	-84.75	7.47	7.42	7.78	392.61	482.31	101.45	0.00	0.00	0.00	0.00
9.70	2389.58	2403.09	2225.45	2438.11	2431.95	2395.45	0.45	0.31	1.39	-104.38	-103.59	-85.89	7.47	7.41	7.78	392.61	482.31	101.45	0.00	0.00	0.00	0.00
9.60	2389.20	2402.71	2226.06	2436.38	2430.21	2393.56	0.44	0.30	1.38	-105.74	-104.98	-87.73	7.47	7.41	7.78	392.61	482.31	101.45	0.00	0.00	0.00	0.00
9.50	2388.75	2402.33	2219.09	2434.63	2428.46	2391.62	0.43	0.30	1.41	-107.15	-106.39	-89.31	7.46	7.41	7.79	392.61	482.31	101.45	0.00	0.00	0.00	0.00
9.40	2388.22	2401.93	2194.85	2432.87	2426.68	2389.72	0.43	0.29	1.52	-108.59	-107.84	-90.48	7.46	7.40	7.84	392.61	482.31	101.45	0.00	0.00	0.00	0.00
9.30	2387.62	2401.36	2197.00	2431.10	2424.91	2387.86	0.42	0.29	1.50	-110.07	-109.26	-91.39	7.45	7.40	7.83	392.61	482.31	101.45	0.00	0.00	0.00	0.00
9.20	2386.97	2400.67	2198.54	2429.36	2423.16	2386.07	0.42	0.28	1.49	-111.53	-110.73	-92.94	7.45	7.39	7.82	392.61	482.31	101.45	0.00	0.00	0.00	0.00
9.10	2386.30	2400.03	2191.43	2427.67	2421.46	2384.36	0.42	0.28	1.52	-112.96	-112.17	-94.30	7.45	7.39	7.83	392.61	482.31	101.45	0.00	0.00	0.00	0.00
9.00	2385.63	2399.28	2196.51	2426.03	2419.82	2382.68	0.41	0.28	1.49	-114.36	-113.59	-96.15	7.45	7.39	7.82	392.61	482.31	101.45	0.00	0.00	0.00	0.00
8.90	2384.94	2398.43	2213.78	2424.43	2418.22	2381.04	0.41	0.27	1.39	-115.74	-114.97	-97.73	7.44	7.39	7.78	392.61	482.31	101.45	0.00	0.00	0.00	0.00
8.80	2384.24	2397.90	2193.08	2422.89	2416.67	2379.47	0.41	0.27	1.49	-117.06	-116.27	-98.63	7.44	7.38	7.82	392.61	482.31	101.45	0.00	0.00	0.00	0.00
8.70	2383.55	2397.00	2217.66	2421.38	2415.14	2377.96	0.40	0.27	1.36	-118.33	-117.58	-100.35	7.44	7.38	7.76	392.61	482.31	101.45	0.00	0.00	0.00	0.00
8.60	2382.82	2396.39	2197.20	2419.86	2413.64	2376.41	0.40	0.27	1.46	-119.59	-118.85	-101.81	7.44	7.38	7.80	392.61	482.31	101.45	0.00	0.00	0.00	0.00
8.50	2382.10	2395.71	2190.82	2418.37	2412.14	2374.90	0.40	0.26	1.49	-120.81	-120.07	-103.08	7.43	7.38	7.81	392.61	482.31	101.45	0.00	0.00	0.00	0.00
8.40	2381.36	2394.90	2198.50	2416.89	2410.66	2373.40	0.40	0.26	1.44	-121.98	-121.23	-104.11	7.43	7.37	7.80	392.61	482.31	101.45	0.00	0.00	0.00	0.00
8.30	2380.63	2394.07	2214.16	2415.41	2409.18	2371.92	0.40	0.26	1.36	-123.10	-122.36	-105.38	7.43	7.37	7.76	392.61	482.31	101.45	0.00	0.00	0.00	0.00
8.20	2379.96	2410.37	2195.75	2413.96	2407.72	2370.46	0.39	0.24	1.49	-124.18	-129.61	-111.18	7.43	7.32	7.80	392.61	482.34	101.45	0.00	0.00	0.00	0.00
8.10	2379.48	2393.07	2179.88	2412.54	2406.30	2369.04	0.39	0.25	1.52	-125.26	-124.50	-106.88	7.43	7.37	7.83	392.61	482.69	101.45	0.00	0.00	0.00	0.00
8.00	2378.47	2391.93	2208.32	2411.17	2404.93	2367.72	0.39	0.25	1.37	-126.05	-125.27	-107.73	7.42	7.37	7.76	392.61	482.69	101.45	0.00	0.00	0.00	0.00
7.90	2377.75	2391.16	2202.94	2409.86	2403.63	2366.33	0.39	0.25	1.40	-126.85	-126.08	-108.55	7.42	7.37	7.77	392.61	482.69	101.45	0.00	0.00	0.00	0.00
7.80	2377.07	2390.54	2192.52	2408.60	2402.36	2365.07	0.39	0.25	1.44	-127.57	-126.77	-108.81	7.42	7.36	7.79	392.61	482.69	101.45	0.00	0.00	0.00	0.00
7.70	2376.41	2389.89	2190.93	2407.36	2401.12	2363.83	0.39	0.25	1.45	-128.20	-127.40	-109.39	7.42	7.36	7.79	392.61	482.69	101.45	0.00	0.00	0.00	0.00
7.60	2375.78	2389.15	2205.12	2406.17	2399.92	2362.65	0.38	0.25	1.37	-128.73	-127.93	-110.05	7.42	7.36	7.76	392.61	482.69	101.45	0.00	0.00	0.00	0.00
7.50	2375.13	2388.57	2195.96	2404.98	2398.74	2361.45	0.38	0.25	1.41	-129.18	-128.36	-110.15	7.42	7.36	7.78	392.61	482.69	101.45	0.00	0.00	0.00	0.00
7.40	2374.50	2388.04	2173.98	2403.82	2397.57	2360.29	0.38	0.25	1.52	-129.52	-128.68	-109.95	7.41	7.36	7.82	392.61	482.69	101.45	0.00	0.00	0.00	0.00
7.30	2373.87	2387.20	2205.72	2402.67	2396.42	2359.15	0.38	0.25	1.36	-129.79	-128.94	-110.39	7.41	7.36	7.75	392.61	482.69	101.45	0.00	0.00	0.00	0.00
7.20	2373.24	2386.74	2177.96	2401.53	2395.28	2357.98	0.38	0.24	1.49	-130.03	-129.17	-110.20	7.41	7.35	7.81	392.61	482.69	101.45	0.00	0.00	0.00	0.00
7.10	2372.62	2386.16	2172.65	2400.39	2394.14	2356.85	0.38	0.24	1.52	-130.27	-129.40	-110.21	7.41	7.35	7.82	392.61	482.69	101.45	0.00	0.00	0.00	0.00
7.00	2372.00	2385.53	2171.09	2399.26	2393.02	2355.72	0.38	0.24	1.52	-130.53	-129.66	-110.47	7.41	7.35	7.82	392.61	482.69	101.45	0.00	0.00	0.00	0.00
6.90	2371.38	2384.82	2179.10	2398.15	2391.91	2354.60	0.38	0.24	1.48	-130.80	-129.96	-111.31	7.41	7.35	7.80	392.61	482.69	101.45	0.00	0.00	0.00	0.00
6.80	2370.78	2384.16	2188.37	2397.06	2390.81	2353.52	0.38	0.24	1.43	-131.08	-130.25	-111.71	7.41	7.35	7.78	392.61	482.69	101.45	0.00	0.00	0.00	0.00
6.70	2370.24	2396.42	2161.93	2396.02	2389.77	2352.49	0.38	0.23	1.59	-131.40	-135.51	-115.32	7.40	7.31	7.83	392.61	482.71	101.45	0.00	0.02	0.00	0.02
6.60	2372.45	2529.79	2226.45	2395.03	2388.79	2351.49	0.37	0.09	1.63	-132.78	-183.39	-161.51	7.39	6.97	7.68	392.61	484.28	101.45	0.00	0.05	0.00	0.05
6.50	2377.06	2725.17	2276.28	2394.10	2387.85	2350.57	0.36	-0.08	1.86	-135.07	-244.20	-217.15	7.38	6.67	7.54	392.61	489.09	101.45	0.00	0.07	0.00	0.07
6.40	2379.44	2729.37	2353.50	2393.20	2386.95	2349.68	0.36	-0.09	1.52	-136.51	-246.06	-220.40	7.37	6.66	7.32	392.61	496.08	101.45	0.00	0.06	0.00	0.06
6.30	2377.65	2667.32	2328.04	2392.34	2386.09	2348.81	0.36	-0.04	1.49	-136.39	-228.27	-203.54	7.37	6.74	7.39	392.61	501.98	101.45	0.00	0.05	0.00	0.05
6.20	2375.35	2605.57	2245.40	2391.49	2385.25	2347.96	0.36	0.02	1.72	-136.10	-210.29	-186.28	7.38	6.83	7.62	392.61	506.74	101.45	0.00	0.04	0.00	0.04
6.10	2372.91	2534.51	2225.20	2390.67	2384.42	2347.14	0.36	0.09	1.65	-135.72	-187.70	-165.95	7.38	6.95	7.67	392.61	510.31	101.45	0.00	0.02	0.00	0.02
6.00	2370.68	2479.76	2219.55	2389.87	2383.62	2346.34	0.37	0.13	1.54	-135.40	-169.46	-150.56	7.38	7.07	7.68	392.61	512.73	101.45	0.00	0.02	0.00	0.02
5.90	2368.79	2438.90	2210.42	2389.08	2382.83	2345.55	0.37	0.17	1.46	-135.18	-155.26	-136.29	7.39	7.17	7.71	392.61	514.28	101.45	0.00	0.01	0.00	0.01
5.80	2366.97	2395.38	2188.29	2388.29	2382.04	2344.76	0.37	0.21	1.45	-134.98	-139.79	-121.29	7.39	7.29	7.76	392.61	514.97	101.45	0.00	0.00	0.00	0.00
5.70	2365.57	2378.87	2192.58	2387.52	2381.27	2344.00	0.37	0.23	1.37	-134.91	-134.07	-115.42	7.39	7.34	7.74	392.61	515.02	101.45	0.00	0.00	0.00	0.00
5.60	2364.99	2378.46	2164.91	2386.75	2380.50	2343.22	0.37	0.23	1.51	-135.15	-134.33	-115.83	7.39	7.33	7.81	392.61	515.02	101.45	0.00	0.00	0.00	0.00
5.50	2364.55	2377.82	2195.13	2385.98	2379.73	2342.46	0.37	0.23	1.36	-135.42	-134.60	-116.56	7.39	7.33	7.74	392.61	515.02	101.45	0.00	0.00	0.00	0.00
5.40	2364.11	2377.54	2165.69	2385.21	2378.97	2341.69	0.37	0.23	1.50	-135.68	-134.83	-116.02	7.39	7.33	7.80	392.61	515.02	101.45	0.00	0.00	0.00	0.00
5.30	2363.69	2377.14	2164.41	2384.45	2378.21	2340.92	0.37	0.23	1.51	-135.93	-135.09	-116.44	7.39	7.33	7.80	392.61	515.02	101.45	0.00	0.00	0.00	0.00
5.20	2363.27	2376.62	2179.72	2383.70	2377.45	2340.18	0.36	0.23	1.43	-136.22	-135.41	-117.14	7.39	7.33	7.77	392.61	515.02	101.45	0.00	0.00	0.00	0.00
5.10	2362.85	2376.30	2166.34	2382.95	2376.70	2339.42	0.36	0.23	1.49	-136.56	-135.72	-117.02	7.39	7.33	7.79	392.61	515.02	101.45	0.00	0.00	0.00	0.00
5.00	2362.43	2375.90	2159.12	2382.21	2375.96	2338.69	0.36	0.23	1.53	-136.96	-136.15	-117.82	7.39	7.33	7.81	392.61	515.02	101.45	0.00	0.00	0.00	0.00
4.90	2362.02	2375.42	2170.74	2381.48	2375.23	2337.96	0.36	0.23	1.46	-137.42	-136.64	-118.80	7.39	7.33	7.78	392.61	515.02	101.45	0.00	0.00	0.00	0.00
4.80	2361.62	2374.97	2190.55	2380.78	2374.53	2337.26	0.36	0.23	1.36	-137.94	-137.16	-119.63	7.38	7.33	7.73	392.61	515.02	101.45	0.00	0.00	0.00	0.00
4.70	2361.23	2374.70	2163.31	2380.10	2373.85	2336.58	0.36	0.22	1.50	-138.51	-137.73	-119.85	7.38	7.33	7.80	392.61	515.02	101.45	0.00	0.00	0.00	0.00
4.60	2360.88	2374.30	2169.04	2379.48	2373.23	2335.96	0.36	0.22	1.47	-139.14	-138.35	-120.45	7.38	7.33	7.78	392.61	515.02	101.45	0.00	0.00	0.00	0.00
4.50	2360.54	2373.79	2175.72	2378.88	2372.63	2335.36	0.36	0.22	1.43	-139.83	-139.07	-121.73	7.38	7.32	7.76	392.61	515.02	101.45	0.00	0.00	0.00	0.00
4.40	2360.21	2373.53	2161.87	2378.31	2372.06	2334.79	0.36	0.22	1.50	-140.57	-139.82	-122.51	7.38	7.32	7.79	392.61	515.02	101.45	0.00	0.00	0.00	0.00
4.30	2359.89	2373.06	2195.67	2377.76	2371.52	2334.25	0.36	0.22	1.33	-141.36	-140.61	-123.67	7.38	7.32	7.71	392.61	515.02	101.45	0.00	0.00	0.00	0.00
4.20	2359.59	2372.97	2177.71	2377.23	2370.98	2333.72	0.36	0.22	1.42	-142.17	-141.43	-124.30	7.38	7.32	7.76	392.61	515.02	101.45	0.00	0.00	0.00	0.00
4.10	2359.30	2372.84	2170.29	2376.72	2370.47	2333.21	0.36	0.22	1.45	-143.00	-142.27	-125.26	7.38	7.32	7.77	392.61	515.02	101.45	0.00	0.00	0.00	0.00
4.00	2359.01	2372.50	2164.97	2376.22	2369.97	2332.71	0.36	0.22	1.48	-143.85	-143.13	-126.25	7.38	7.32	7.78	392.61	515.02	101.45	0.00	0.00	0.00	0.00
3.90	2358.73	2372.02	2165.46	2375.73	2369.48	2332.22	0.36	0.22	1.47	-144.70	-143.98	-127.15	7.38	7.32	7.78	392.61	515.02	101.45	0.00	0.00	0.00	0.00
3.80	2358.46	2371.62	2174.08	2375.24	2369.00	2331.73	0.36	0.22	1.43	-145.57	-144.85	-128.21	7.38	7.32	7.76	392.61	515.02	101.45	0.00	0.00	0.00	0.00
3.70	2358.19	2371.45	2180.25	2374.77	2368.53	2331.26	0.36	0.22	1.40	-146.44	-145.73	-129.20	7.38	7.32	7.75	392.61	515.02	101.45	0.00	0.00	0.00	0.00
3.60	2357.93	2371.36	2199.59	2374.32	2368.06	2330.81	0.36	0.22	1.30	-147.31	-146.63	-130.41	7.38	7.32	7.70	392.61	515.02	101.45	0.00	0.00	0.00	0.00
3.50	2357.67	2371.23	2169.69	2373.85	2367.61	2330.35	0.36	0.22	1.44	-148.27	-147.59	-131.25	7.38	7.32	7.77	392.61	515.02	101.45	0.00	0.00	0.00	0.00
3.40	2357.41	2370.74	2156.92	2373.39	2367.14	2329.89	0.36	0.22	1.51	-149.36	-148.69	-132.39	7.38	7.32	7.80	392.61	515.02	101.45	0.00	0.00	0.00	0.00
3.30	2357.15	2370.26	2172.13	2372.94	2366.69	2329.43	0.36	0.22	1.43	-150.61	-149.94	-133.91	7.37	7.32	7.76	392.61	515.02	101.45	0.00	0.00	0.00	0.00
3.20	2356.90	2370.09	2203.94	2372.49	2366.24	2328.99	0.36	0.22	1.27	-152.00	-151.32	-135.54	7.37	7.32	7.68	392.61	515.02	101.45	0.00	0.00	0.00	0.00
3.10	2356.65	2370.32	2157.86	2372.05	2365.80	2328.55	0.36	0.22	1.50	-153.53	-152.88	-136.85	7.37	7.31	7.79	392.61	515.02	101.45	0.00	0.00	0.00	0.00
3.00	2356.40	2369.81	2170.68	2371.61	2365.36	2328.11	0.36	0.22	1.43	-155.15	-154.50	-138.66	7.37	7.32	7.76	392.61	515.02	101.45	0.00	0.00	0.00	0.00
2.90	2356.15	2369.38	2151.42	2371.17	2364.92	2327.67	0.36	0.22	1.53	-156.79	-156.15	-140.30	7.37	7.32	7.80	392.61	515.02	101.45	0.00	0.00	0.00	0.00
2.80	2355.90	2368.98	2197.77	2370.73	2364.48	2327.23	0.35	0.22	1.29	-158.43	-157.79	-142.45	7.37	7.31	7.69	392.61	515.02	101.45	0.00	0.00	0.00	0.00
2.70	2355.65	2369.28	2159.47	2370.30	2364.05	2326.80	0.35	0.22	1.49	-160.06	-159.42	-143.71	7.37	7.31	7.78	392.61	515.02	101.45	0.00	0.00	0.00	0.00
2.60	2355.42	2368.87	2164.11	2369.87	2363.62	2326.37	0.35	0.22	1.46	-161.66	-161.00	-145.02	7.37	7.31	7.77	392.61	515.02	101.45	0.00	0.00	0.00	0.00
2.50	2355.16	2368.34	2155.82	2369.45	2363.20	2325.95	0.35	0.22	1.50	-163.26	-162.58	-146.39	7.37	7.31	7.79	392.61	515.02	101.45	0.00	0.00	0.00	0.00
2.40	2354.93	2368.11	2204.19	2369.02	2362.77	2325.52	0.35	0.22	1.26	-164.86	-164.22	-148.93	7.37	7.31	7.67	392.61	515.02	101.45	0.00	0.00	0.00	0.00
2.30	2354.69	2368.27	2188.51	2368.61	2362.36	2325.11	0.35	0.21	1.33	-166.49	-165.85	-150.54	7.37	7.31	7.71	392.61	515.02	101.45	0.00	0.00	0.00	0.00
2.20	2354.45	2367.70	2166.34	2368.19	2361.94	2324.69	0.35	0.22	1.44	-168.12	-167.49	-151.94	7.37	7.31	7.76	392.61	515.02	101.45	0.00	0.00	0.00	0.00
2.10	2354.22	2367.26	2179.70	2367.78	2361.54	2324.28	0.35	0.22	1.37	-169.79	-169.13	-153.65	7.37	7.31	7.73	392.61	515.02	101.45	0.00	0.00	0.00	0.00
2.00	2354.00	2367.48	2177.73	2367.38	2361.13	2323.88	0.35	0.21	1.38	-171.44	-170.81	-155.48	7.37	7.31	7.73	392.61	515.02	101.45	0.00	0.00	0.00	0.00
1.90	2353.77	2367.19	2173.85	2366.98	2360.74	2323.49	0.35	0.21	1.40	-173.08	-172.45	-157.08	7.37	7.31	7.74	392.61	515.02	101.45	0.00	0.00	0.00	0.00
1.80	2353.55	2366.58	2173.91	2366.59	2360.35	2323.10	0.35	0.22	1.40	-174.70	-174.06	-158.66	7.37	7.31	7.74	392.61	515.02	101.45	0.00	0.00	0.00	0.00
1.70	2353.33	2366.56	2205.25	2366.21	2359.96	2322.72	0.35	0.21	1.25	-176.28	-175.65	-160.56	7.37	7.31	7.66	392.61	515.02	101.45	0.00	0.00	0.00	0.00
1.60	2353.12	2366.76	2153.97	2365.84	2359.59	2322.35	0.35	0.21	1.50	-177.83	-177.20	-161.61	7.37	7.31	7.79	392.61	515.02	101.45	0.00	0.00	0.00	0.00
1.50	2352.92	2365.96	2173.21	2365.50	2359.25	2322.02	0.35	0.22	1.40	-179.35	-178.72	-163.15	7.37	7.31	7.74	392.61	515.02	101.45	0.00	0.00	0.00	0.00
1.40	2352.74	2365.95	2205.31	2365.17	2358.92	2321.68	0.35	0.21	1.24	-180.89	-180.25	-165.10	7.36	7.31	7.66	392.61	515.02	101.45	0.00	0.00	0.00	0.00
1.30	2352.56	2366.19	2153.00	2364.85	2358.61	2321.37	0.35	0.21	1.50	-182.40	-181.77	-166.15	7.36	7.31	7.79	392.61	515.02	101.45	0.00	0.00	0.00	0.00
1.20	2352.38	2365.46	2163.08	2364.57	2358.32	2321.08	0.35	0.21	1.44	-183.91	-183.27	-167.54	7.36	7.31	7.76	392.61	515.02	101.45	0.00	0.00	0.00	0.00
1.10	2352.22	2365.40	2202.31	2364.29	2358.04	2320.81	0.35	0.21	1.25	-185.40	-184.74	-168.96	7.36	7.31	7.67	392.61	515.02	101.45	0.00	0.00	0.00	0.00
1.00	2352.07	2365.66	2158.50	2364.04	2357.79	2320.55	0.35	0.21	1.47	-186.87	-186.20	-170.10	7.36	7.30	7.77	392.61	515.02	101.45	0.00	0.00	0.00	0.00
0.90	2351.93	2365.02	2161.87	2363.79	2357.54	2320.30	0.35	0.21	1.45	-188.27	-187.60	-171.52	7.36	7.31	7.76	392.61	515.02	101.45	0.00	0.00	0.00	0.00
0.80	2351.79	2365.33	2145.97	2363.55	2357.30	2320.07	0.35	0.21	1.53	-189.59	-188.91	-172.55	7.36	7.30	7.80	392.61	515.02	101.45	0.00	0.00	0.00	0.00
0.70	2351.66	2365.15	2154.11	2363.32	2357.07	2319.84	0.35	0.21	1.49	-190.82	-190.13	-173.60	7.36	7.30	7.78	392.61	515.02	101.45	0.00	0.00	0.00	0.00
0.60	2351.54	2364.78	2148.09	2363.10	2356.85	2319.62	0.35	0.21	1.52	-191.95	-191.25	-174.51	7.36	7.30	7.79	392.61	515.02	101.45	0.00	0.00	0.00	0.00
0.50	2351.41	2364.99	2194.51	2362.89	2356.64	2319.41	0.35	0.21	1.29	-192.97	-192.25	-175.57	7.36	7.30	7.68	392.61	515.02	101.45	0.00	0.00	0.00	0.00
0.40	2351.29	2364.42	2166.29	2362.68	2356.43	2319.20	0.35	0.21	1.42	-193.86	-193.13	-176.22	7.36	7.30	7.75	392.61	515.02	101.45	0.00	0.00	0.00	0.00
0.30	2351.17	2364.76	2155.88	2362.47	2356.22	2318.99	0.35	0.21	1.48	-194.64	-193.85	-175.94	7.36	7.30	7.77	392.61	515.02	101.45	0.00	0.00	0.00	0.00
0.20	2351.05	2364.33	2145.14	2362.26	2356.01	2318.78	0.35	0.21	1.53	-195.27	-194.51	-176.84	7.36	7.30	7.80	392.61	515.02	101.45	0.00	0.00	0.00	0.00
0.10	2350.94	2364.05	2178.32	2362.06	2355.81	2318.57	0.35	0.21	1.36	-195.77	-194.98	-177.21	7.36	7.30	7.72	392.61	515.02	101.45	0.00	0.00	0.00	0.00
0.00	2350.82	2364.36	2162.89	2361.86	2355.61	2318.38	0.35	0.21	1.44	-196.11	-195.33	-177.56	7.36	7.30	7.76	392.61	515.02	101.45	0.00	0.00	0.00	0.00
