20.00	2342.09	2355.04	2158.68	2425.40	2419.59	2385.44	0.68	0.55	1.72	15.95	17.37	44.40	7.57	7.51	7.90	0.00	0.00	0.00	0.00	0.00	0.00	0.00
19.90	2342.09	2354.76	2185.29	2425.40	2419.59	2385.44	0.68	0.55	1.58	15.95	17.37	44.12	7.57	7.52	7.85	0.00	0.00	0.00	0.00	0.00	0.00	0.00
19.80	2342.09	2354.90	2173.69	2425.40	2419.59	2385.44	0.68	0.55	1.64	15.82	17.23	43.97	7.57	7.51	7.87	0.00	0.00	0.00	0.00	0.00	0.00	0.00
19.70	2342.09	2355.07	2159.16	2425.40	2419.59	2385.44	0.68	0.55	1.71	15.68	17.10	44.14	7.57	7.51	7.90	0.00	0.00	0.00	0.00	0.00	0.00	0.00
19.60	2342.09	2354.76	2184.92	2425.40	2419.59	2385.44	0.68	0.55	1.58	15.56	16.96	43.38	7.57	7.52	7.85	0.00	0.00	0.00	0.00	0.00	0.00	0.00
19.50	2342.08	2355.00	2159.96	2425.40	2419.59	2385.44	0.68	0.55	1.71	15.47	16.82	42.90	7.57	7.51	7.90	0.00	0.00	0.00	0.00	0.00	0.00	0.00
19.40	2342.08	2354.67	2186.20	2425.40	2419.59	2385.44	0.68	0.55	1.57	15.39	16.75	42.55	7.57	7.52	7.85	0.00	0.00	0.00	0.00	0.00	0.00	0.00
19.30	2342.08	2355.01	2158.94	2425.40	2419.59	2385.44	0.69	0.55	1.71	15.24	16.62	43.00	7.57	7.51	7.90	0.00	0.00	0.00	0.00	0.00	0.00	0.00
19.20	2342.08	2354.71	2186.61	2425.40	2419.59	2385.44	0.69	0.55	1.57	15.00	16.36	42.39	7.57	7.52	7.84	0.00	0.00	0.00	0.00	0.00	0.00	0.00
19.10	2342.08	2355.01	2158.83	2425.40	2419.59	2385.44	0.69	0.55	1.72	14.66	16.00	41.82	7.57	7.51	7.90	0.00	0.00	0.00	0.00	0.00	0.00	0.00
19.00	2342.08	2354.72	2185.66	2425.40	2419.59	2385.44	0.69	0.55	1.58	14.27	15.60	41.02	7.57	7.52	7.85	0.00	0.00	0.00	0.00	0.00	0.00	0.00
18.90	2342.08	2355.02	2158.80	2425.40	2419.59	2385.44	0.69	0.55	1.72	13.90	15.24	41.01	7.57	7.51	7.90	0.00	0.00	0.00	0.00	0.00	0.00	0.00
18.80	2342.09	2354.71	2188.66	2425.40	2419.59	2385.44	0.69	0.55	1.56	13.56	14.89	40.29	7.57	7.52	7.84	0.00	0.00	0.00	0.00	0.00	0.00	0.00
18.70	2342.39	2406.11	2203.74	2425.71	2471.51	2430.96	0.69	0.49	1.64	13.04	-7.46	20.70	7.57	7.52	7.90	0.00	0.12	0.00	0.00	0.03	0.00	0.03
18.60	2347.62	2555.50	2336.06	2430.97	2621.63	2573.81	0.68	0.32	1.45	10.30	-66.37	-35.56	7.57	7.51	7.90	0.00	3.27	0.00	0.00	0.00	0.00	0.00
18.50	2343.03	2356.00	2170.62	2426.36	2421.23	2395.87	0.68	0.55	1.69	11.79	12.85	35.78	7.57	7.52	7.90	0.00	3.72	0.02	0.00	0.01	0.00	0.01
18.40	2344.32	2464.40	2257.54	2427.66	2530.11	2489.51	0.68	0.42	1.56	10.69	-32.55	-4.73	7.57	7.51	7.90	0.00	4.70	0.21	0.00	0.02	0.00	0.02
18.30	2345.98	2485.68	2282.74	2429.32	2551.52	2516.69	0.68	0.40	1.52	9.46	-41.47	-16.11	7.57	7.51	7.90	0.00	7.03	0.21	0.00	0.01	0.00	0.01
18.20	2343.44	2355.90	2155.72	2426.77	2421.05	2387.25	0.68	0.55	1.74	9.98	11.24	36.21	7.57	7.52	7.91	0.00	8.07	0.21	0.00	0.00	0.00	0.00
18.10	2342.47	2354.86	2155.32	2425.80	2420.01	2386.20	0.69	0.56	1.74	9.74	11.04	36.25	7.57	7.52	7.91	0.00	8.07	0.21	0.00	0.00	0.00	0.00
18.00	2342.40	2354.75	2155.96	2425.73	2419.93	2385.81	0.69	0.56	1.73	8.96	10.30	36.26	7.57	7.52	7.91	0.00	8.07	0.21	0.00	0.00	0.00	0.00
17.90	2342.43	2354.74	2158.71	2425.76	2419.96	2385.82	0.69	0.56	1.72	8.02	9.36	34.84	7.57	7.52	7.90	0.00	8.07	0.21	0.00	0.00	0.00	0.00
17.80	2342.48	2360.72	2167.66	2425.81	2425.99	2392.19	0.69	0.55	1.69	7.06	5.81	30.99	7.57	7.52	7.90	0.00	8.07	0.21	0.00	0.01	0.00	0.01
17.70	2344.36	2457.43	2248.28	2427.70	2523.08	2479.14	0.68	0.43	1.57	5.33	-34.92	-5.78	7.57	7.51	7.90	0.00	9.10	0.21	0.00	0.03	0.00	0.03
17.60	2347.06	2537.36	2332.05	2430.42	2603.41	2569.15	0.68	0.34	1.45	3.35	-66.36	-41.41	7.57	7.51	7.90	0.00	11.79	0.21	0.00	0.04	0.00	0.04
17.50	2348.25	2492.71	2280.80	2431.61	2558.52	2513.49	0.68	0.39	1.53	1.98	-50.30	-21.08	7.57	7.51	7.90	0.00	15.52	0.25	0.00	0.01	0.00	0.01
17.40	2343.78	2357.16	2182.00	2427.12	2422.48	2406.91	0.69	0.55	1.67	2.99	3.76	21.02	7.57	7.52	7.89	0.00	16.19	0.62	0.00	0.01	0.00	0.01
17.30	2339.70	2462.45	2257.25	2428.28	2533.69	2491.18	0.72	0.45	1.58	1.07	-42.75	-10.66	7.58	7.53	7.90	0.00	17.14	0.67	0.00	0.03	0.00	0.03
17.20	2339.29	2566.51	2378.23	2433.14	2643.94	2623.85	0.75	0.36	1.42	-0.85	-83.87	-59.31	7.59	7.54	7.91	0.00	20.41	0.67	0.00	0.06	0.00	0.06
17.10	2340.15	2673.86	2466.68	2438.74	2756.72	2720.75	0.77	0.27	1.32	-2.43	-121.96	-91.46	7.61	7.55	7.91	0.00	26.16	0.67	0.00	0.06	0.00	0.06
17.00	2337.76	2648.07	2466.87	2440.51	2735.36	2722.93	0.80	0.32	1.33	-2.13	-114.12	-91.07	7.62	7.56	7.91	0.00	31.97	0.75	0.00	0.05	0.02	0.07
16.90	2334.57	2585.61	2479.85	2441.01	2676.83	2736.96	0.82	0.41	1.31	-1.20	-93.13	-94.42	7.63	7.57	7.91	0.00	36.90	2.50	0.01	0.04	0.01	0.05
16.80	2351.92	2509.87	2325.54	2461.58	2603.87	2573.21	0.81	0.51	1.53	-8.89	-65.66	-34.57	7.63	7.58	7.92	0.64	40.66	3.12	0.02	0.02	0.00	0.04
16.70	2377.87	2504.29	2311.14	2490.41	2601.26	2558.72	0.79	0.53	1.55	-20.20	-64.08	-29.03	7.64	7.59	7.92	2.45	42.89	3.14	0.03	0.02	0.00	0.05
16.60	2406.02	2552.40	2387.99	2521.07	2652.34	2641.46	0.77	0.49	1.45	-32.45	-82.74	-60.40	7.64	7.60	7.92	5.31	45.36	3.19	0.04	0.03	0.00	0.07
16.50	2434.14	2635.33	2440.76	2551.41	2737.83	2699.21	0.74	0.41	1.39	-44.76	-112.81	-80.89	7.65	7.60	7.92	9.16	48.70	3.24	0.05	0.04	-0.00	0.09
16.40	2462.48	2710.76	2539.47	2581.67	2815.80	2806.78	0.71	0.34	1.27	-57.07	-138.96	-117.10	7.65	7.60	7.92	14.02	53.00	3.20	0.06	0.06	0.01	0.13
16.30	2503.46	2829.06	2667.21	2624.34	2936.43	2944.48	0.67	0.23	1.13	-73.47	-176.04	-158.05	7.65	7.60	7.92	20.22	58.65	3.85	0.08	0.05	0.02	0.14
16.20	2552.40	2763.60	2641.51	2674.72	2872.47	2919.17	0.62	0.30	1.17	-91.67	-156.90	-149.80	7.65	7.61	7.93	28.34	63.40	5.39	0.10	0.03	0.02	0.15
16.10	2604.49	2697.17	2635.20	2728.07	2807.27	2910.87	0.56	0.37	1.17	-109.93	-136.15	-146.45	7.65	7.61	7.92	38.50	65.97	7.82	0.12	0.00	0.03	0.16
16.00	2656.41	2673.52	2630.65	2781.10	2784.72	2905.73	0.51	0.40	1.18	-127.34	-128.51	-144.75	7.65	7.62	7.92	50.73	66.45	11.01	0.14	0.00	0.03	0.17
15.90	2697.62	2712.66	2633.65	2823.25	2824.90	2909.84	0.46	0.37	1.18	-141.11	-141.60	-146.61	7.65	7.62	7.93	64.45	66.45	13.91	0.15	0.00	0.02	0.17
15.80	2738.59	2751.46	2635.71	2865.03	2864.60	2912.85	0.42	0.33	1.18	-154.96	-154.74	-148.45	7.65	7.62	7.93	79.66	66.45	16.21	0.17	0.00	0.02	0.18
15.70	2780.29	2790.84	2653.43	2907.42	2904.77	2930.90	0.38	0.30	1.16	-168.77	-167.84	-155.36	7.64	7.61	7.93	96.36	66.45	17.89	0.17	0.00	0.01	0.19
15.60	2796.06	2806.08	2659.28	2923.77	2920.61	2936.00	0.37	0.28	1.15	-174.54	-173.44	-158.00	7.64	7.62	7.92	113.81	66.45	19.02	0.17	0.00	0.01	0.18
15.50	2800.01	2809.36	2644.25	2928.22	2924.41	2921.14	0.37	0.28	1.17	-176.69	-175.40	-154.32	7.65	7.62	7.93	131.24	66.45	19.89	0.18	0.00	0.01	0.18
15.40	2804.36	2813.19	2616.19	2932.98	2928.55	2896.35	0.37	0.28	1.22	-178.85	-177.42	-147.29	7.65	7.62	7.93	148.79	66.45	20.53	0.18	0.02	0.00	0.20
15.30	2809.01	2988.82	2775.91	2937.97	3105.29	3063.67	0.37	0.12	1.04	-181.04	-226.76	-195.39	7.65	7.61	7.93	166.35	68.55	20.76	0.16	0.04	0.00	0.20
15.20	2773.49	2978.36	2793.36	2902.72	3095.15	3082.00	0.40	0.13	1.02	-171.32	-224.79	-200.80	7.65	7.61	7.93	182.50	72.62	20.83	0.15	0.03	0.04	0.22
15.10	2738.65	2900.64	2985.07	2868.08	3018.52	3288.34	0.44	0.21	0.85	-161.46	-204.92	-251.40	7.65	7.62	7.93	197.38	75.59	24.49	0.14	0.02	0.09	0.25
15.00	2705.41	2851.87	3221.27	2835.02	2971.04	3543.38	0.48	0.26	0.66	-151.62	-192.04	-305.27	7.65	7.62	7.93	211.02	77.80	33.79	0.13	0.01	0.14	0.29
14.90	2705.74	2807.04	3227.12	2835.48	2926.49	3550.97	0.48	0.30	0.66	-151.71	-179.08	-305.51	7.65	7.63	7.93	224.40	79.23	47.73	0.15	0.00	0.13	0.27
14.80	2730.10	2771.52	3126.53	2859.92	2890.57	3440.79	0.46	0.34	0.74	-158.69	-167.78	-282.14	7.65	7.63	7.93	238.91	79.62	60.25	0.15	0.00	0.08	0.24
14.70	2756.30	2852.77	2747.50	2886.17	2970.15	3032.82	0.43	0.26	1.08	-165.68	-190.05	-184.08	7.65	7.62	7.93	254.36	79.81	68.32	0.14	0.05	0.00	0.19
14.60	2710.30	3092.02	2860.59	2840.22	3210.01	3154.72	0.48	0.05	0.97	-150.37	-251.84	-215.05	7.65	7.61	7.93	268.56	84.73	68.54	0.09	0.07	0.00	0.16
14.50	2597.58	2941.32	2713.84	2722.44	3053.10	2992.15	0.58	0.15	1.10	-111.74	-212.09	-180.04	7.65	7.60	7.92	277.56	91.32	68.54	0.05	0.06	0.00	0.11
14.40	2483.25	2816.85	2659.95	2602.68	2922.40	2929.58	0.70	0.24	1.14	-73.13	-179.14	-168.04	7.65	7.60	7.91	282.11	97.44	68.67	0.00	0.09	0.01	0.10
14.30	2391.34	3075.11	2824.01	2505.44	3175.64	3104.36	0.79	-0.01	0.96	-41.46	-251.40	-219.95	7.64	7.57	7.91	282.60	106.51	69.18	0.00	0.13	0.00	0.13
14.20	2384.70	3154.76	2890.77	2493.53	3249.94	3174.09	0.77	-0.10	0.89	-42.94	-273.51	-242.48	7.63	7.56	7.91	282.60	119.97	69.18	0.00	0.15	0.00	0.15
14.10	2389.50	3194.40	2930.10	2493.17	3284.30	3214.31	0.73	-0.15	0.84	-48.68	-285.43	-256.40	7.62	7.54	7.91	282.60	134.94	69.18	0.00	0.12	0.01	0.13
14.00	2395.50	2890.44	2760.30	2494.25	2974.24	3028.36	0.70	0.07	0.99	-54.36	-212.70	-215.29	7.60	7.54	7.90	282.75	146.72	69.76	0.04	0.08	0.02	0.14
13.90	2465.15	2894.58	2786.78	2559.26	2973.57	3053.97	0.58	0.04	0.95	-83.68	-216.02	-225.28	7.59	7.53	7.90	286.31	154.74	72.17	0.02	0.08	0.03	0.13
13.80	2435.29	2888.43	2787.46	2525.11	2962.90	3054.59	0.59	0.02	0.94	-74.50	-216.08	-227.47	7.58	7.52	7.89	288.07	162.63	75.15	0.01	0.07	0.04	0.12
13.70	2406.60	2754.15	2778.05	2492.46	2824.40	3041.64	0.61	0.12	0.94	-65.27	-179.41	-227.60	7.57	7.52	7.89	288.74	169.72	79.38	0.00	0.06	0.06	0.12
13.60	2390.80	2720.94	2754.10	2473.01	2787.22	3013.87	0.61	0.13	0.95	-60.72	-170.72	-222.43	7.56	7.51	7.89	288.74	175.45	85.19	0.00	0.05	0.05	0.10
13.50	2389.94	2699.35	2654.29	2468.81	2761.64	2903.42	0.59	0.14	1.04	-61.87	-165.19	-196.07	7.55	7.50	7.88	288.74	180.95	89.78	0.00	0.05	0.03	0.08
13.40	2390.54	2678.96	2563.60	2466.35	2737.67	2803.84	0.57	0.14	1.12	-63.38	-159.76	-170.32	7.54	7.49	7.88	288.74	186.16	92.60	0.00	0.05	0.01	0.06
13.30	2391.04	2657.48	2468.17	2464.06	2712.89	2701.86	0.55	0.15	1.23	-64.38	-153.46	-139.72	7.54	7.48	7.88	288.74	191.07	93.87	0.01	0.06	0.01	0.08
13.20	2420.91	2826.71	2644.37	2491.49	2880.32	2889.80	0.50	-0.02	1.03	-76.40	-204.88	-195.12	7.53	7.47	7.88	289.70	196.69	95.33	0.02	0.12	0.00	0.14
13.10	2447.03	3338.12	3064.52	2521.82	3398.21	3344.09	0.50	-0.38	0.66	-89.16	-329.32	-302.51	7.54	7.48	7.89	291.45	209.11	95.64	0.03	0.14	0.01	0.17
13.00	2476.29	3012.44	2923.80	2555.75	3076.95	3192.45	0.49	-0.12	0.78	-101.70	-258.14	-270.03	7.55	7.49	7.88	294.38	222.88	96.41	0.05	0.10	0.03	0.18
12.90	2508.92	3249.92	3070.15	2592.64	3319.77	3352.25	0.48	-0.27	0.68	-114.38	-313.28	-302.75	7.56	7.50	7.89	298.90	233.21	99.63	0.05	0.15	0.02	0.22
12.80	2536.49	2753.82	3038.32	2624.04	2827.86	3321.04	0.47	0.15	0.72	-124.51	-190.00	-294.77	7.57	7.52	7.89	304.30	248.39	101.46	0.07	0.04	0.01	0.12
12.70	2564.31	2774.60	2559.54	2655.14	2850.04	2807.80	0.46	0.15	1.19	-134.10	-195.36	-164.88	7.57	7.53	7.89	311.52	252.16	102.32	0.08	0.04	0.00	0.12
12.60	2593.37	2800.01	2584.37	2687.17	2878.78	2835.66	0.45	0.15	1.17	-143.71	-202.64	-171.44	7.58	7.53	7.89	319.88	255.92	102.32	0.10	0.04	0.00	0.13
12.50	2623.03	2829.15	2607.67	2719.42	2910.86	2861.81	0.43	0.13	1.15	-153.32	-210.84	-177.49	7.58	7.54	7.89	329.39	259.62	102.32	0.11	0.04	0.00	0.14
12.40	2651.80	2845.87	2631.07	2750.49	2930.17	2887.32	0.41	0.13	1.13	-162.58	-215.61	-184.19	7.59	7.55	7.89	340.03	263.25	102.32	0.11	0.03	0.00	0.14
12.30	2669.59	2785.45	2572.62	2770.29	2871.70	2825.29	0.41	0.20	1.20	-168.33	-198.71	-165.98	7.59	7.55	7.90	351.40	265.84	102.32	0.12	0.01	0.00	0.13
12.20	2687.31	2734.67	2526.96	2789.76	2822.59	2778.03	0.40	0.27	1.27	-174.10	-184.08	-151.86	7.59	7.56	7.90	363.53	267.14	102.32	0.12	0.00	0.00	0.13
12.10	2683.97	2694.77	2515.35	2787.94	2784.05	2745.68	0.41	0.32	1.22	-173.50	-172.37	-142.51	7.60	7.56	7.87	375.96	267.29	102.32	0.09	0.02	0.00	0.11
12.00	2596.34	2784.34	2603.42	2701.68	2875.70	2858.77	0.52	0.24	1.18	-146.22	-199.84	-176.92	7.61	7.56	7.90	384.84	268.91	102.32	0.06	0.07	0.00	0.13
11.90	2514.02	3066.64	2822.28	2620.59	3160.34	3095.51	0.63	-0.01	0.96	-118.96	-274.44	-240.18	7.61	7.56	7.90	390.36	275.92	102.32	0.02	0.14	0.00	0.16
11.80	2436.73	3347.43	3075.61	2544.36	3443.44	3369.11	0.73	-0.21	0.74	-91.69	-336.11	-301.90	7.62	7.55	7.90	392.62	289.58	102.32	0.00	0.20	0.00	0.20
11.70	2395.88	3540.21	3239.37	2504.42	3638.00	3545.93	0.80	-0.33	0.62	-76.80	-372.85	-336.82	7.63	7.55	7.91	392.70	309.81	102.32	0.00	0.20	0.00	0.20
11.60	2389.55	3459.77	3161.33	2498.85	3558.05	3462.30	0.81	-0.27	0.68	-74.73	-358.45	-320.69	7.63	7.55	7.91	392.70	330.28	102.32	0.00	0.19	0.00	0.19
11.50	2392.03	3369.20	3093.92	2496.76	3462.25	3386.09	0.78	-0.23	0.72	-73.99	-340.10	-309.10	7.62	7.55	7.90	392.70	349.25	102.32	0.00	0.17	0.00	0.17
11.40	2393.90	3295.36	3021.57	2493.89	3382.84	3304.75	0.75	-0.21	0.77	-75.39	-325.67	-294.36	7.61	7.54	7.89	392.70	366.73	102.32	0.00	0.16	0.00	0.16
11.30	2395.12	3212.47	2950.52	2490.52	3294.62	3225.38	0.72	-0.17	0.82	-78.09	-309.84	-280.97	7.59	7.53	7.89	392.70	382.69	102.32	0.00	0.14	0.00	0.14
11.20	2396.03	3141.71	2875.92	2486.92	3218.68	3143.77	0.69	-0.14	0.87	-81.42	-296.46	-266.44	7.58	7.52	7.89	392.70	397.15	102.32	0.00	0.13	0.00	0.13
11.10	2396.76	3073.36	2806.20	2483.22	3145.24	3066.84	0.66	-0.11	0.93	-84.47	-282.83	-251.57	7.57	7.51	7.88	392.70	410.16	102.32	0.00	0.12	0.00	0.12
11.00	2397.37	3003.08	2751.45	2479.59	3070.14	3004.33	0.64	-0.08	0.96	-87.03	-267.76	-239.34	7.56	7.50	7.88	392.70	421.84	102.32	0.00	0.10	0.00	0.10
10.90	2397.83	2932.56	2686.14	2475.96	2995.04	2932.59	0.61	-0.04	1.02	-89.36	-251.77	-224.28	7.55	7.49	7.87	392.70	432.25	102.32	0.00	0.09	0.00	0.09
10.80	2398.02	2871.74	2628.12	2472.38	2929.93	2868.79	0.59	-0.01	1.07	-91.46	-237.51	-210.67	7.54	7.48	7.87	392.70	441.45	102.32	0.00	0.08	0.00	0.08
10.70	2397.97	2812.21	2574.36	2468.90	2866.49	2809.09	0.56	0.02	1.12	-93.22	-222.82	-196.94	7.53	7.48	7.87	392.70	449.51	102.32	0.00	0.07	0.00	0.07
10.60	2397.74	2756.50	2523.27	2465.45	2807.17	2752.38	0.54	0.05	1.16	-94.77	-208.41	-183.27	7.52	7.47	7.86	392.70	456.50	102.32	0.00	0.06	0.00	0.06
10.50	2396.98	2653.91	2461.15	2461.74	2701.19	2683.89	0.53	0.13	1.23	-96.04	-179.07	-165.26	7.51	7.46	7.86	392.70	462.31	102.32	0.00	0.05	0.00	0.05
10.40	2396.01	2643.65	2407.18	2458.06	2687.85	2624.37	0.51	0.13	1.28	-97.22	-177.15	-149.19	7.51	7.45	7.85	392.70	466.95	102.32	0.00	0.04	0.00	0.04
10.30	2395.17	2567.73	2368.39	2454.74	2609.18	2581.21	0.50	0.19	1.32	-98.39	-154.10	-137.70	7.50	7.45	7.85	392.70	470.63	102.32	0.00	0.03	0.00	0.03
10.20	2394.34	2533.49	2330.73	2451.62	2572.43	2539.43	0.49	0.22	1.36	-99.47	-143.91	-126.36	7.49	7.44	7.85	392.70	473.54	102.32	0.00	0.02	0.00	0.02
10.10	2393.38	2511.03	2291.54	2448.60	2547.67	2497.19	0.48	0.23	1.41	-100.43	-137.40	-113.71	7.49	7.43	7.85	392.70	475.71	102.32	0.00	0.01	0.00	0.01
10.00	2392.29	2460.16	2258.43	2445.64	2494.73	2459.48	0.47	0.27	1.45	-101.30	-120.68	-102.31	7.48	7.43	7.84	392.70	477.14	102.32	0.00	0.01	0.00	0.01
9.90	2391.08	2420.19	2226.27	2442.72	2452.85	2421.55	0.46	0.31	1.48	-102.15	-107.38	-90.86	7.48	7.42	7.83	392.70	477.85	102.32	0.00	0.00	0.00	0.00
9.80	2389.99	2403.49	2233.90	2440.01	2433.90	2397.48	0.45	0.32	1.36	-103.11	-102.31	-84.78	7.47	7.42	7.77	392.70	477.93	102.32	0.00	0.00	0.00	0.00
9.70	2389.57	2403.15	2219.95	2438.11	2431.98	2395.38	0.45	0.31	1.42	-104.39	-103.60	-86.12	7.47	7.41	7.79	392.70	477.93	102.32	0.00	0.00	0.00	0.00
9.60	2389.20	2402.74	2220.27	2436.36	2430.21	2393.46	0.44	0.30	1.41	-105.76	-104.98	-87.83	7.47	7.41	7.79	392.70	477.93	102.32	0.00	0.00	0.00	0.00
9.50	2388.75	2402.27	2226.11	2434.62	2428.45	2391.58	0.43	0.30	1.37	-107.16	-106.40	-89.40	7.46	7.41	7.77	392.70	477.93	102.32	0.00	0.00	0.00	0.00
9.40	2388.22	2401.94	2194.26	2432.87	2426.68	2389.72	0.43	0.29	1.53	-108.59	-107.84	-90.49	7.46	7.40	7.84	392.70	477.93	102.32	0.00	0.00	0.00	0.00
9.30	2387.62	2401.33	2201.86	2431.10	2424.91	2387.87	0.42	0.29	1.48	-110.07	-109.26	-91.41	7.45	7.40	7.82	392.70	477.93	102.32	0.00	0.00	0.00	0.00
9.20	2386.97	2400.63	2204.27	2429.36	2423.16	2386.09	0.42	0.28	1.46	-111.53	-110.73	-92.97	7.45	7.39	7.81	392.70	477.93	102.32	0.00	0.00	0.00	0.00
9.10	2386.30	2400.02	2193.83	2427.67	2421.46	2384.36	0.42	0.28	1.51	-112.96	-112.17	-94.32	7.45	7.39	7.83	392.70	477.93	102.32	0.00	0.00	0.00	0.00
9.00	2385.63	2399.31	2192.32	2426.03	2419.82	2382.68	0.41	0.28	1.51	-114.36	-113.59	-96.10	7.45	7.39	7.83	392.70	477.93	102.32	0.00	0.00	0.00	0.00
8.90	2384.94	2398.47	2207.47	2424.44	2418.23	2381.05	0.41	0.27	1.43	-115.73	-114.97	-97.70	7.44	7.39	7.79	392.70	477.93	102.32	0.00	0.00	0.00	0.00
8.80	2384.24	2397.86	2198.72	2422.90	2416.67	2379.49	0.41	0.27	1.46	-117.06	-116.27	-98.59	7.44	7.38	7.81	392.70	477.93	102.32	0.00	0.00	0.00	0.00
8.70	2383.55	2397.02	2213.20	2421.38	2415.14	2377.96	0.40	0.27	1.39	-118.34	-117.58	-100.32	7.44	7.38	7.77	392.70	477.93	102.32	0.00	0.00	0.00	0.00
8.60	2382.83	2396.44	2191.61	2419.86	2413.64	2376.41	0.40	0.26	1.49	-119.59	-118.85	-101.73	7.44	7.38	7.82	392.70	477.93	102.32	0.00	0.00	0.00	0.00
8.50	2382.10	2395.74	2186.58	2418.37	2412.14	2374.91	0.40	0.26	1.51	-120.80	-120.07	-103.04	7.43	7.38	7.82	392.70	477.93	102.32	0.00	0.00	0.00	0.00
8.40	2381.37	2394.94	2192.34	2416.89	2410.66	2373.41	0.40	0.26	1.47	-121.98	-121.23	-104.04	7.43	7.37	7.81	392.70	477.93	102.32	0.00	0.00	0.00	0.00
8.30	2380.63	2394.06	2214.75	2415.42	2409.18	2371.92	0.40	0.26	1.36	-123.10	-122.36	-105.40	7.43	7.37	7.76	392.70	477.93	102.32	0.00	0.00	0.00	0.00
8.20	2379.96	2411.21	2197.26	2414.03	2425.92	2385.38	0.39	0.24	1.49	-124.19	-130.03	-111.29	7.43	7.37	7.82	392.70	477.96	102.32	0.00	0.00	0.00	0.00
8.10	2379.49	2393.04	2182.90	2412.89	2406.67	2369.40	0.39	0.25	1.51	-125.27	-124.51	-106.91	7.43	7.37	7.82	392.70	478.33	102.32	0.00	0.00	0.00	0.00
8.00	2378.47	2392.01	2200.87	2411.21	2404.97	2367.76	0.39	0.25	1.41	-126.05	-125.27	-107.66	7.42	7.37	7.78	392.70	478.33	102.32	0.00	0.00	0.00	0.00
7.90	2377.76	2391.13	2208.62	2409.88	2403.63	2366.38	0.39	0.25	1.37	-126.85	-126.08	-108.82	7.42	7.37	7.76	392.70	478.33	102.32	0.00	0.00	0.00	0.00
7.80	2377.07	2390.49	2198.92	2408.60	2402.36	2365.07	0.39	0.25	1.41	-127.57	-126.77	-108.87	7.42	7.36	7.78	392.70	478.33	102.32	0.00	0.00	0.00	0.00
7.70	2376.41	2389.85	2198.05	2407.36	2401.12	2363.83	0.39	0.25	1.41	-128.20	-127.40	-109.46	7.42	7.36	7.78	392.70	478.33	102.32	0.00	0.00	0.00	0.00
7.60	2375.77	2389.14	2209.27	2406.16	2399.92	2362.63	0.38	0.25	1.35	-128.74	-127.93	-110.03	7.42	7.36	7.75	392.70	478.33	102.32	0.00	0.00	0.00	0.00
7.50	2375.13	2388.61	2188.40	2404.98	2398.74	2361.45	0.38	0.25	1.45	-129.18	-128.36	-110.06	7.42	7.36	7.79	392.70	478.33	102.32	0.00	0.00	0.00	0.00
7.40	2374.50	2388.02	2176.73	2403.82	2397.57	2360.28	0.38	0.25	1.51	-129.52	-128.68	-109.97	7.41	7.36	7.82	392.70	478.33	102.32	0.00	0.00	0.00	0.00
7.30	2373.87	2387.21	2205.79	2402.66	2396.42	2359.12	0.38	0.25	1.36	-129.79	-128.94	-110.35	7.41	7.36	7.75	392.70	478.33	102.32	0.00	0.00	0.00	0.00
7.20	2373.24	2386.70	2184.58	2401.52	2395.28	2357.98	0.38	0.24	1.46	-130.03	-129.17	-110.25	7.41	7.35	7.79	392.70	478.33	102.32	0.00	0.00	0.00	0.00
7.10	2372.62	2386.13	2176.69	2400.38	2394.14	2356.84	0.38	0.24	1.50	-130.27	-129.40	-110.26	7.41	7.35	7.81	392.70	478.33	102.32	0.00	0.00	0.00	0.00
7.00	2372.00	2385.50	2174.27	2399.26	2393.02	2355.72	0.38	0.24	1.51	-130.53	-129.66	-110.52	7.41	7.35	7.81	392.70	478.33	102.32	0.00	0.00	0.00	0.00
6.90	2371.38	2384.85	2172.95	2398.15	2391.90	2354.60	0.38	0.24	1.51	-130.80	-129.96	-111.25	7.41	7.35	7.81	392.70	478.33	102.32	0.00	0.00	0.00	0.00
6.80	2370.78	2384.21	2179.99	2397.06	2390.81	2353.52	0.38	0.24	1.47	-131.08	-130.25	-111.63	7.41	7.35	7.79	392.70	478.33	102.32	0.00	0.00	0.00	0.00
6.70	2370.24	2398.43	2183.65	2396.05	2404.76	2362.35	0.38	0.22	1.48	-131.40	-136.01	-115.50	7.40	7.35	7.80	392.70	478.35	102.32	0.00	0.02	0.00	0.02
6.60	2372.54	2529.09	2303.53	2397.96	2536.19	2496.26	0.37	0.08	1.33	-132.79	-181.69	-161.74	7.40	7.35	7.82	392.70	479.94	102.32	0.00	0.05	0.00	0.05
6.50	2377.32	2736.73	2475.81	2402.35	2744.26	2682.30	0.36	-0.11	1.12	-135.08	-244.65	-218.60	7.40	7.36	7.83	392.70	484.78	102.32	0.00	0.07	0.00	0.07
6.40	2379.73	2737.84	2484.29	2404.39	2745.05	2690.78	0.36	-0.11	1.11	-136.52	-245.46	-221.63	7.40	7.36	7.83	392.70	491.72	102.32	0.00	0.06	0.00	0.06
6.30	2377.91	2676.57	2425.50	2402.18	2683.14	2627.48	0.36	-0.06	1.18	-136.40	-228.56	-204.13	7.40	7.35	7.82	392.70	497.60	102.32	0.00	0.05	0.00	0.05
6.20	2375.60	2613.83	2372.17	2399.50	2619.78	2569.33	0.36	-0.00	1.24	-136.11	-210.41	-187.22	7.40	7.35	7.82	392.70	502.36	102.32	0.00	0.04	0.00	0.04
6.10	2373.24	2534.22	2309.45	2396.78	2539.53	2501.51	0.36	0.07	1.32	-135.78	-185.94	-166.37	7.40	7.35	7.82	392.70	506.00	102.32	0.00	0.02	0.00	0.02
6.00	2370.83	2477.74	2264.60	2394.01	2482.48	2452.35	0.37	0.13	1.38	-135.41	-167.75	-151.07	7.40	7.34	7.81	392.70	508.44	102.32	0.00	0.02	0.00	0.02
5.90	2368.89	2450.15	2221.44	2391.72	2454.33	2406.74	0.37	0.16	1.44	-135.20	-158.77	-136.46	7.40	7.34	7.81	392.70	510.01	102.32	0.00	0.01	0.00	0.01
5.80	2367.02	2396.76	2188.64	2389.49	2399.91	2362.33	0.37	0.21	1.45	-134.99	-140.22	-121.70	7.39	7.34	7.79	392.70	510.73	102.32	0.00	0.00	0.00	0.00
5.70	2365.58	2379.01	2167.07	2387.68	2381.45	2344.15	0.37	0.23	1.50	-134.92	-134.08	-115.36	7.39	7.34	7.80	392.70	510.78	102.32	0.00	0.00	0.00	0.00
5.60	2364.99	2378.27	2184.93	2386.76	2380.52	2343.23	0.37	0.23	1.41	-135.15	-134.33	-116.06	7.39	7.34	7.76	392.70	510.78	102.32	0.00	0.00	0.00	0.00
5.50	2364.54	2377.97	2162.79	2385.98	2379.73	2342.45	0.37	0.23	1.52	-135.42	-134.60	-116.15	7.39	7.33	7.81	392.70	510.78	102.32	0.00	0.00	0.00	0.00
5.40	2364.11	2377.34	2195.33	2385.21	2378.97	2341.68	0.37	0.23	1.35	-135.68	-134.83	-116.33	7.39	7.33	7.73	392.70	510.78	102.32	0.00	0.00	0.00	0.00
5.30	2363.69	2376.98	2181.33	2384.45	2378.21	2340.92	0.37	0.23	1.42	-135.93	-135.09	-116.58	7.39	7.33	7.76	392.70	510.78	102.32	0.00	0.00	0.00	0.00
5.20	2363.27	2376.67	2163.07	2383.70	2377.45	2340.18	0.36	0.23	1.51	-136.22	-135.41	-116.97	7.39	7.33	7.80	392.70	510.78	102.32	0.00	0.00	0.00	0.00
5.10	2362.85	2376.23	2175.58	2382.95	2376.70	2339.42	0.36	0.23	1.45	-136.56	-135.72	-117.05	7.39	7.33	7.77	392.70	510.78	102.32	0.00	0.00	0.00	0.00
5.00	2362.43	2375.76	2194.77	2382.22	2375.96	2338.70	0.36	0.23	1.35	-136.96	-136.15	-118.08	7.39	7.33	7.73	392.70	510.78	102.32	0.00	0.00	0.00	0.00
4.90	2362.02	2375.43	2191.73	2381.48	2375.23	2337.96	0.36	0.23	1.36	-137.42	-136.64	-118.99	7.39	7.33	7.73	392.70	510.78	102.32	0.00	0.00	0.00	0.00
4.80	2361.62	2375.18	2160.85	2380.78	2374.53	2337.26	0.36	0.22	1.51	-137.93	-137.16	-119.33	7.38	7.33	7.80	392.70	510.78	102.32	0.00	0.00	0.00	0.00
4.70	2361.23	2374.59	2188.28	2380.10	2373.85	2336.58	0.36	0.23	1.37	-138.51	-137.73	-120.10	7.38	7.33	7.74	392.70	510.78	102.32	0.00	0.00	0.00	0.00
4.60	2360.88	2374.26	2161.61	2379.48	2373.23	2335.96	0.36	0.22	1.50	-139.14	-138.35	-120.36	7.38	7.33	7.80	392.70	510.78	102.32	0.00	0.00	0.00	0.00
4.50	2360.54	2373.71	2181.66	2378.88	2372.63	2335.37	0.36	0.23	1.40	-139.83	-139.07	-121.74	7.38	7.33	7.75	392.70	510.78	102.32	0.00	0.00	0.00	0.00
4.40	2360.22	2373.52	2154.17	2378.31	2372.06	2334.80	0.36	0.22	1.54	-140.57	-139.82	-122.40	7.38	7.32	7.81	392.70	510.78	102.32	0.00	0.00	0.00	0.00
4.30	2359.90	2373.16	2186.12	2377.77	2371.52	2334.25	0.36	0.22	1.37	-141.36	-140.61	-123.57	7.38	7.32	7.74	392.70	510.78	102.32	0.00	0.00	0.00	0.00
4.20	2359.59	2372.94	2196.75	2377.24	2370.98	2333.73	0.36	0.22	1.32	-142.16	-141.43	-124.37	7.38	7.32	7.71	392.70	510.78	102.32	0.00	0.00	0.00	0.00
4.10	2359.30	2372.82	2182.13	2376.72	2370.47	2333.21	0.36	0.22	1.39	-143.00	-142.27	-125.41	7.38	7.32	7.74	392.70	510.78	102.32	0.00	0.00	0.00	0.00
4.00	2359.01	2372.46	2170.11	2376.22	2369.97	2332.71	0.36	0.22	1.45	-143.85	-143.13	-126.31	7.38	7.32	7.77	392.70	510.78	102.32	0.00	0.00	0.00	0.00
3.90	2358.73	2371.99	2167.83	2375.73	2369.48	2332.21	0.36	0.22	1.46	-144.70	-143.98	-127.19	7.38	7.32	7.78	392.70	510.78	102.32	0.00	0.00	0.00	0.00
3.80	2358.46	2371.61	2174.83	2375.24	2369.00	2331.73	0.36	0.22	1.42	-145.57	-144.85	-128.22	7.38	7.32	7.76	392.70	510.78	102.32	0.00	0.00	0.00	0.00
3.70	2358.19	2371.46	2179.45	2374.77	2368.53	2331.26	0.36	0.22	1.40	-146.44	-145.73	-129.19	7.38	7.32	7.75	392.70	510.78	102.32	0.00	0.00	0.00	0.00
3.60	2357.93	2371.37	2198.61	2374.32	2368.06	2330.81	0.36	0.22	1.30	-147.31	-146.63	-130.40	7.38	7.32	7.70	392.70	510.78	102.32	0.00	0.00	0.00	0.00
3.50	2357.67	2371.23	2170.78	2373.85	2367.61	2330.35	0.36	0.22	1.44	-148.27	-147.59	-131.26	7.38	7.32	7.77	392.70	510.78	102.32	0.00	0.00	0.00	0.00
3.40	2357.41	2370.75	2156.02	2373.39	2367.14	2329.89	0.36	0.22	1.51	-149.36	-148.69	-132.38	7.38	7.32	7.80	392.70	510.78	102.32	0.00	0.00	0.00	0.00
3.30	2357.15	2370.28	2169.88	2372.94	2366.69	2329.43	0.36	0.22	1.44	-150.61	-149.93	-133.88	7.37	7.32	7.77	392.70	510.78	102.32	0.00	0.00	0.00	0.00
3.20	2356.90	2370.08	2204.20	2372.49	2366.24	2328.99	0.36	0.22	1.27	-152.00	-151.32	-135.54	7.37	7.32	7.68	392.70	510.78	102.32	0.00	0.00	0.00	0.00
3.10	2356.65	2370.33	2157.74	2372.05	2365.80	2328.55	0.36	0.22	1.50	-153.53	-152.88	-136.84	7.37	7.31	7.79	392.70	510.78	102.32	0.00	0.00	0.00	0.00
3.00	2356.40	2369.80	2172.19	2371.61	2365.36	2328.11	0.36	0.22	1.42	-155.15	-154.49	-138.67	7.37	7.32	7.76	392.70	510.78	102.32	0.00	0.00	0.00	0.00
2.90	2356.15	2369.39	2150.52	2371.17	2364.92	2327.67	0.36	0.22	1.53	-156.79	-156.15	-140.28	7.37	7.31	7.81	392.70	510.78	102.32	0.00	0.00	0.00	0.00
2.80	2355.90	2368.98	2196.90	2370.73	2364.48	2327.24	0.35	0.22	1.30	-158.42	-157.79	-142.37	7.37	7.31	7.70	392.70	510.78	102.32	0.00	0.00	0.00	0.00
2.70	2355.65	2369.29	2157.98	2370.30	2364.05	2326.80	0.35	0.22	1.49	-160.05	-159.42	-143.70	7.37	7.31	7.79	392.70	510.78	102.32	0.00	0.00	0.00	0.00
2.60	2355.42	2368.88	2162.61	2369.87	2363.62	2326.37	0.35	0.22	1.47	-161.66	-161.00	-145.01	7.37	7.31	7.78	392.70	510.78	102.32	0.00	0.00	0.00	0.00
2.50	2355.16	2368.33	2157.95	2369.45	2363.20	2325.95	0.35	0.22	1.49	-163.26	-162.58	-146.41	7.37	7.31	7.78	392.70	510.78	102.32	0.00	0.00	0.00	0.00
2.40	2354.94	2368.11	2203.26	2369.02	2362.77	2325.53	0.35	0.22	1.26	-164.85	-164.22	-148.80	7.37	7.31	7.68	392.70	510.78	102.32	0.00	0.00	0.00	0.00
2.30	2354.69	2368.26	2190.14	2368.61	2362.36	2325.11	0.35	0.21	1.33	-166.49	-165.85	-150.55	7.37	7.31	7.71	392.70	510.78	102.32	0.00	0.00	0.00	0.00
2.20	2354.46	2367.69	2168.22	2368.19	2361.94	2324.69	0.35	0.22	1.43	-168.12	-167.49	-151.96	7.37	7.31	7.76	392.70	510.78	102.32	0.00	0.00	0.00	0.00
2.10	2354.22	2367.28	2176.68	2367.78	2361.54	2324.29	0.35	0.22	1.39	-169.79	-169.13	-153.61	7.37	7.31	7.74	392.70	510.78	102.32	0.00	0.00	0.00	0.00
2.00	2354.00	2367.50	2173.39	2367.38	2361.13	2323.88	0.35	0.21	1.41	-171.44	-170.81	-155.43	7.37	7.31	7.74	392.70	510.78	102.32	0.00	0.00	0.00	0.00
1.90	2353.77	2367.18	2174.98	2366.98	2360.74	2323.49	0.35	0.21	1.39	-173.08	-172.45	-157.09	7.37	7.31	7.74	392.70	510.78	102.32	0.00	0.00	0.00	0.00
1.80	2353.55	2366.57	2175.77	2366.59	2360.35	2323.10	0.35	0.22	1.39	-174.69	-174.06	-158.67	7.37	7.31	7.74	392.70	510.78	102.32	0.00	0.00	0.00	0.00
1.70	2353.33	2366.55	2205.71	2366.21	2359.96	2322.72	0.35	0.21	1.24	-176.28	-175.65	-160.56	7.37	7.31	7.66	392.70	510.78	102.32	0.00	0.00	0.00	0.00
1.60	2353.12	2366.76	2153.72	2365.84	2359.59	2322.35	0.35	0.21	1.50	-177.83	-177.20	-161.61	7.37	7.31	7.79	392.70	510.78	102.32	0.00	0.00	0.00	0.00
1.50	2352.92	2365.97	2171.74	2365.50	2359.25	2322.02	0.35	0.22	1.40	-179.35	-178.72	-163.14	7.37	7.31	7.74	392.70	510.78	102.32	0.00	0.00	0.00	0.00
1.40	2352.74	2365.94	2205.07	2365.17	2358.92	2321.68	0.35	0.21	1.24	-180.88	-180.25	-165.09	7.36	7.31	7.66	392.70	510.78	102.32	0.00	0.00	0.00	0.00
1.30	2352.56	2366.19	2153.35	2364.85	2358.61	2321.37	0.35	0.21	1.50	-182.40	-181.77	-166.15	7.36	7.31	7.79	392.70	510.78	102.32	0.00	0.00	0.00	0.00
1.20	2352.38	2365.48	2160.76	2364.57	2358.32	2321.08	0.35	0.21	1.46	-183.91	-183.27	-167.53	7.36	7.31	7.77	392.70	510.78	102.32	0.00	0.00	0.00	0.00
1.10	2352.22	2365.40	2199.72	2364.29	2358.04	2320.81	0.35	0.21	1.27	-185.40	-184.74	-168.93	7.36	7.31	7.67	392.70	510.78	102.32	0.00	0.00	0.00	0.00
1.00	2352.07	2365.67	2156.80	2364.04	2357.79	2320.55	0.35	0.21	1.48	-186.87	-186.20	-170.08	7.36	7.30	7.78	392.70	510.78	102.32	0.00	0.00	0.00	0.00
0.90	2351.93	2365.00	2164.80	2363.79	2357.54	2320.30	0.35	0.21	1.43	-188.27	-187.60	-171.55	7.36	7.31	7.76	392.70	510.78	102.32	0.00	0.00	0.00	0.00
0.80	2351.79	2365.34	2146.10	2363.55	2357.30	2320.07	0.35	0.21	1.53	-189.59	-188.91	-172.55	7.36	7.30	7.80	392.70	510.78	102.32	0.00	0.00	0.00	0.00
0.70	2351.66	2365.16	2152.86	2363.32	2357.07	2319.84	0.35	0.21	1.49	-190.82	-190.13	-173.59	7.36	7.30	7.78	392.70	510.78	102.32	0.00	0.00	0.00	0.00
0.60	2351.54	2364.76	2151.56	2363.10	2356.85	2319.62	0.35	0.21	1.50	-191.95	-191.25	-174.56	7.36	7.30	7.79	392.70	510.78	102.32	0.00	0.00	0.00	0.00
0.50	2351.41	2364.98	2194.96	2362.89	2356.64	2319.41	0.35	0.21	1.29	-192.97	-192.25	-175.58	7.36	7.30	7.68	392.70	510.78	102.32	0.00	0.00	0.00	0.00
0.40	2351.29	2364.42	2164.91	2362.68	2356.43	2319.20	0.35	0.21	1.43	-193.86	-193.13	-176.19	7.36	7.30	7.75	392.70	510.78	102.32	0.00	0.00	0.00	0.00
0.30	2351.17	2364.60	2143.02	2362.47	2356.22	2318.99	0.35	0.21	1.54	-194.64	-193.85	-175.77	7.36	7.30	7.80	392.70	510.78	102.32	0.00	0.00	0.00	0.00
0.20	2351.05	2364.63	2169.18	2362.26	2356.01	2318.78	0.35	0.21	1.41	-195.27	-194.52	-177.06	7.36	7.30	7.74	392.70	510.78	102.32	0.00	0.00	0.00	0.00
0.10	2350.94	2364.04	2151.50	2362.06	2355.81	2318.58	0.35	0.21	1.50	-195.77	-194.98	-176.92	7.36	7.30	7.78	392.70	510.78	102.32	0.00	0.00	0.00	0.00
0.00	2350.82	2364.31	2177.15	2361.86	2355.61	2318.38	0.35	0.21	1.37	-196.11	-195.33	-177.68	7.36	7.30	7.72	392.70	510.78	102.32	0.00	0.00	0.00	0.00
