20.00	2342.09	2355.04	2158.68	2425.40	2419.59	2385.44	0.68	0.55	1.72	15.95	17.37	44.40	7.57	7.51	7.90	0.00	0.00	0.00	0.00	0.00	0.00	0.00
19.90	2342.09	2354.76	2185.29	2425.40	2419.59	2385.44	0.68	0.55	1.58	15.95	17.37	44.12	7.57	7.52	7.85	0.00	0.00	0.00	0.00	0.00	0.00	0.00
19.80	2342.09	2354.90	2173.69	2425.40	2419.59	2385.44	0.68	0.55	1.64	15.82	17.23	43.97	7.57	7.51	7.87	0.00	0.00	0.00	0.00	0.00	0.00	0.00
19.70	2342.09	2355.07	2159.16	2425.40	2419.59	2385.44	0.68	0.55	1.71	15.68	17.10	44.14	7.57	7.51	7.90	0.00	0.00	0.00	0.00	0.00	0.00	0.00
19.60	2342.09	2354.76	2184.92	2425.40	2419.59	2385.44	0.68	0.55	1.58	15.56	16.96	43.38	7.57	7.52	7.85	0.00	0.00	0.00	0.00	0.00	0.00	0.00
19.50	2342.08	2355.00	2159.96	2425.40	2419.59	2385.44	0.68	0.55	1.71	15.47	16.82	42.90	7.57	7.51	7.90	0.00	0.00	0.00	0.00	0.00	0.00	0.00
19.40	2342.08	2354.67	2186.20	2425.40	2419.59	2385.44	0.68	0.55	1.57	15.39	16.75	42.55	7.57	7.52	7.85	0.00	0.00	0.00	0.00	0.00	0.00	0.00
19.30	2342.08	2355.01	2158.94	2425.40	2419.59	2385.44	0.69	0.55	1.71	15.24	16.62	43.00	7.57	7.51	7.90	0.00	0.00	0.00	0.00	0.00	0.00	0.00
19.20	2342.08	2354.71	2186.61	2425.40	2419.59	2385.44	0.69	0.55	1.57	15.00	16.36	42.39	7.57	7.52	7.84	0.00	0.00	0.00	0.00	0.00	0.00	0.00
19.10	2342.08	2355.01	2158.83	2425.40	2419.59	2385.44	0.69	0.55	1.72	14.66	16.00	41.82	7.57	7.51	7.90	0.00	0.00	0.00	0.00	0.00	0.00	0.00
19.00	2342.08	2354.72	2185.66	2425.40	2419.59	2385.44	0.69	0.55	1.58	14.27	15.60	41.02	7.57	7.52	7.85	0.00	0.00	0.00	0.00	0.00	0.00	0.00
18.90	2342.08	2355.02	2158.80	2425.40	2419.59	2385.44	0.69	0.55	1.72	13.90	15.24	41.01	7.57	7.51	7.90	0.00	0.00	0.00	0.00	0.00	0.00	0.00
18.80	2342.09	2354.71	2188.66	2425.40	2419.59	2385.44	0.69	0.55	1.56	13.56	14.89	40.29	7.57	7.52	7.84	0.00	0.00	0.00	0.00	0.00	0.00	0.00
18.70	2342.08	2355.00	2158.38	2425.40	2419.59	2385.44	0.69	0.55	1.72	13.17	14.51	40.22	7.57	7.51	7.90	0.00	0.00	0.00	0.00	0.00	0.00	0.00
18.60	2342.08	2354.71	2186.50	2425.40	2419.59	2385.32	0.69	0.55	1.57	12.72	14.06	39.64	7.57	7.52	7.84	0.00	0.00	0.00	0.00	0.00	0.00	0.00
18.50	2342.10	2355.08	2160.17	2425.42	2419.64	2385.94	0.69	0.55	1.71	12.20	13.58	39.96	7.57	7.51	7.90	0.00	0.00	0.00	0.00	0.00	0.00	0.00
18.40	2342.15	2354.76	2183.83	2425.46	2419.66	2385.46	0.69	0.55	1.59	11.67	13.03	39.35	7.57	7.52	7.85	0.00	0.00	0.00	0.00	0.00	0.00	0.00
18.30	2342.20	2354.94	2173.12	2425.50	2419.72	2385.90	0.69	0.55	1.64	11.11	12.41	37.53	7.57	7.52	7.87	0.00	0.00	0.00	0.00	0.00	0.00	0.00
18.20	2342.27	2355.18	2158.94	2425.57	2419.79	2386.07	0.69	0.55	1.72	10.51	11.78	36.59	7.57	7.51	7.90	0.00	0.00	0.00	0.00	0.00	0.00	0.00
18.10	2342.34	2354.98	2183.13	2425.66	2419.86	2386.02	0.69	0.55	1.59	9.80	11.10	36.09	7.57	7.52	7.85	0.00	0.00	0.00	0.00	0.00	0.00	0.00
18.00	2342.41	2355.12	2174.40	2425.72	2419.91	2385.79	0.69	0.55	1.64	8.96	10.30	35.92	7.57	7.52	7.87	0.00	0.00	0.00	0.00	0.00	0.00	0.00
17.90	2342.45	2355.34	2158.74	2425.76	2419.95	2385.82	0.69	0.55	1.72	8.03	9.36	34.91	7.57	7.51	7.90	0.00	0.00	0.00	0.00	0.00	0.00	0.00
17.80	2342.48	2355.07	2187.82	2425.79	2419.99	2385.85	0.69	0.56	1.57	7.07	8.38	33.51	7.57	7.52	7.84	0.00	0.00	0.00	0.00	0.00	0.00	0.00
17.70	2342.49	2355.41	2159.35	2425.80	2420.00	2385.86	0.69	0.55	1.72	6.16	7.49	33.01	7.57	7.51	7.90	0.00	0.00	0.00	0.00	0.00	0.00	0.00
17.60	2342.50	2355.17	2182.21	2425.82	2420.02	2386.04	0.69	0.56	1.60	5.33	6.65	31.71	7.57	7.52	7.86	0.00	0.00	0.00	0.00	0.00	0.00	0.00
17.50	2342.53	2355.51	2159.42	2425.84	2420.06	2386.25	0.69	0.55	1.72	4.45	5.75	30.93	7.57	7.51	7.90	0.00	0.00	0.00	0.00	0.00	0.00	0.00
17.40	2342.60	2355.32	2184.66	2425.91	2420.14	2386.58	0.69	0.56	1.59	3.52	4.79	29.27	7.57	7.52	7.85	0.00	0.00	0.00	0.00	0.00	0.00	0.00
17.30	2337.71	2350.41	2181.18	2426.26	2420.81	2391.25	0.72	0.59	1.63	1.94	3.40	30.49	7.58	7.53	7.87	0.00	0.00	0.00	0.00	0.00	0.00	0.00
17.20	2333.67	2346.32	2166.06	2427.48	2422.17	2393.90	0.76	0.63	1.72	1.58	3.09	31.20	7.59	7.55	7.90	0.00	0.00	0.00	0.00	0.00	0.00	0.00
17.10	2330.54	2342.93	2175.91	2429.08	2423.89	2396.60	0.78	0.66	1.69	1.72	3.26	31.66	7.61	7.56	7.89	0.00	0.00	0.00	0.00	0.00	0.00	0.00
17.00	2328.11	2340.48	2163.82	2430.80	2425.74	2399.43	0.81	0.68	1.76	2.05	3.58	31.92	7.62	7.57	7.92	0.00	0.00	0.00	0.00	0.00	0.00	0.00
16.90	2326.23	2338.31	2183.15	2432.61	2427.68	2402.99	0.83	0.71	1.68	2.42	3.98	32.58	7.63	7.58	7.89	0.00	0.00	0.00	0.00	0.00	0.00	0.00
16.80	2324.84	2336.77	2188.55	2434.48	2429.66	2405.87	0.85	0.73	1.67	2.68	4.25	32.70	7.63	7.59	7.88	0.00	0.00	0.00	0.00	0.00	0.00	0.00
16.70	2323.87	2335.84	2172.34	2436.36	2431.57	2407.50	0.87	0.75	1.76	2.59	4.14	32.44	7.64	7.60	7.91	0.00	0.00	0.00	0.00	0.00	0.00	0.00
16.60	2323.17	2334.97	2175.62	2438.19	2433.39	2408.71	0.88	0.76	1.75	2.07	3.60	31.26	7.65	7.61	7.91	0.00	0.00	0.00	0.00	0.00	0.00	0.00
16.50	2322.67	2334.18	2196.90	2439.87	2435.13	2410.48	0.90	0.78	1.65	1.13	2.62	30.00	7.65	7.61	7.87	0.00	0.00	0.00	0.00	0.00	0.00	0.00
16.40	2322.33	2333.79	2190.61	2441.46	2436.78	2413.09	0.91	0.79	1.69	-0.12	1.36	28.44	7.66	7.62	7.89	0.00	0.00	0.00	0.00	0.00	0.00	0.00
16.30	2322.19	2333.93	2172.51	2442.98	2438.38	2415.52	0.92	0.80	1.79	-1.10	0.42	28.18	7.66	7.62	7.93	0.00	0.00	0.00	0.00	0.00	0.00	0.00
16.20	2322.26	2333.95	2173.30	2444.49	2440.00	2418.53	0.92	0.81	1.80	-1.61	-0.08	27.74	7.67	7.62	7.93	0.00	0.00	0.00	0.00	0.00	0.00	0.00
16.10	2322.56	2334.27	2181.26	2446.06	2441.63	2421.01	0.93	0.81	1.77	-1.84	-0.29	27.92	7.67	7.63	7.92	0.00	0.00	0.00	0.00	0.00	0.00	0.00
16.00	2323.05	2334.49	2204.83	2447.65	2443.26	2422.84	0.94	0.82	1.66	-2.06	-0.53	27.53	7.67	7.63	7.88	0.00	0.00	0.00	0.00	0.00	0.00	0.00
15.90	2323.69	2335.04	2208.21	2449.24	2444.86	2424.61	0.94	0.83	1.65	-2.86	-1.37	25.36	7.67	7.63	7.88	0.00	0.00	0.00	0.00	0.00	0.00	0.00
15.80	2324.42	2335.82	2200.83	2450.78	2446.42	2426.20	0.94	0.83	1.70	-4.34	-2.88	23.64	7.67	7.64	7.89	0.00	0.00	0.00	0.00	0.00	0.00	0.00
15.70	2325.22	2336.52	2205.17	2452.27	2447.93	2427.78	0.95	0.83	1.68	-6.04	-4.60	21.59	7.68	7.64	7.89	0.00	0.00	0.00	0.00	0.00	0.00	0.00
15.60	2326.08	2337.32	2209.34	2453.71	2449.38	2429.36	0.95	0.84	1.67	-7.71	-6.27	19.87	7.68	7.64	7.88	0.00	0.00	0.00	0.00	0.00	0.00	0.00
15.50	2326.97	2338.11	2214.39	2455.11	2450.79	2430.82	0.95	0.84	1.65	-9.29	-7.84	18.20	7.68	7.64	7.88	0.00	0.00	0.00	0.00	0.00	0.00	0.00
15.40	2327.90	2339.10	2209.01	2456.45	2452.13	2432.11	0.95	0.84	1.68	-10.75	-9.30	16.72	7.68	7.64	7.89	0.00	0.00	0.00	0.00	0.00	0.00	0.00
15.30	2328.82	2340.13	2199.13	2457.69	2453.38	2433.35	0.96	0.84	1.74	-12.13	-10.70	15.31	7.68	7.64	7.91	0.00	0.00	0.00	0.00	0.00	0.00	0.00
15.20	2329.75	2341.08	2200.03	2458.87	2454.58	2434.85	0.96	0.84	1.74	-13.44	-12.01	13.95	7.68	7.64	7.91	0.00	0.00	0.00	0.00	0.00	0.00	0.00
15.10	2330.71	2342.10	2200.57	2460.02	2455.81	2437.33	0.96	0.84	1.75	-14.63	-13.20	12.90	7.68	7.64	7.91	0.00	0.00	0.00	0.00	0.00	0.00	0.00
15.00	2331.75	2343.23	2200.79	2461.21	2457.09	2440.01	0.96	0.84	1.76	-15.60	-14.16	12.27	7.68	7.64	7.92	0.00	0.00	0.00	0.00	0.00	0.00	0.00
14.90	2332.96	2344.57	2200.78	2462.53	2458.56	2443.65	0.96	0.84	1.78	-16.08	-14.61	12.26	7.68	7.64	7.92	0.00	0.00	0.00	0.00	0.00	0.00	0.00
14.80	2334.38	2346.12	2199.93	2464.05	2460.21	2447.27	0.96	0.84	1.80	-16.01	-14.52	12.68	7.68	7.64	7.93	0.00	0.00	0.00	0.00	0.00	0.00	0.00
14.70	2336.01	2347.73	2201.47	2465.77	2461.92	2448.75	0.96	0.84	1.79	-15.52	-14.02	13.42	7.68	7.64	7.93	0.00	0.00	0.00	0.00	0.00	0.00	0.00
14.60	2337.71	2349.32	2202.51	2467.53	2463.60	2449.20	0.95	0.84	1.79	-14.90	-13.43	13.80	7.68	7.64	7.93	0.00	0.00	0.00	0.00	0.00	0.00	0.00
14.50	2345.04	2356.10	2218.06	2469.77	2465.11	2439.93	0.91	0.80	1.67	-16.05	-14.89	6.10	7.67	7.63	7.88	0.00	0.00	0.00	0.00	0.00	0.00	0.00
14.40	2350.97	2362.01	2204.56	2470.30	2465.46	2438.45	0.88	0.76	1.72	-20.96	-19.86	0.35	7.66	7.62	7.91	0.00	0.00	0.00	0.00	0.00	0.00	0.00
14.30	2355.90	2367.39	2221.50	2469.89	2464.87	2436.50	0.84	0.72	1.63	-27.01	-25.96	-6.26	7.64	7.60	7.87	0.00	0.00	0.00	0.00	0.00	0.00	0.00
14.20	2360.19	2372.11	2226.41	2468.95	2463.79	2434.58	0.80	0.68	1.59	-32.90	-31.95	-12.37	7.63	7.59	7.86	0.00	0.00	0.00	0.00	0.00	0.00	0.00
14.10	2364.14	2376.42	2218.12	2467.69	2462.43	2432.44	0.77	0.64	1.61	-38.42	-37.43	-18.39	7.62	7.57	7.87	0.00	0.00	0.00	0.00	0.00	0.00	0.00
14.00	2367.69	2380.36	2205.13	2466.32	2460.94	2430.29	0.73	0.61	1.67	-43.22	-42.25	-23.04	7.60	7.56	7.89	0.00	0.00	0.00	0.00	0.00	0.00	0.00
13.90	2370.85	2383.77	2201.97	2464.87	2459.40	2428.25	0.70	0.57	1.67	-47.17	-46.21	-26.62	7.59	7.54	7.89	0.00	0.00	0.00	0.00	0.00	0.00	0.00
13.80	2373.66	2386.78	2205.57	2463.39	2457.83	2426.28	0.67	0.54	1.64	-50.42	-49.46	-29.67	7.58	7.53	7.88	0.00	0.00	0.00	0.00	0.00	0.00	0.00
13.70	2376.12	2389.29	2211.54	2461.87	2456.25	2424.27	0.65	0.52	1.59	-53.22	-52.30	-33.13	7.57	7.52	7.87	0.00	0.00	0.00	0.00	0.00	0.00	0.00
13.60	2378.24	2391.59	2209.52	2460.34	2454.66	2422.32	0.62	0.49	1.59	-55.71	-54.76	-35.16	7.56	7.51	7.87	0.00	0.00	0.00	0.00	0.00	0.00	0.00
13.50	2380.03	2393.32	2228.80	2458.81	2453.07	2420.44	0.60	0.47	1.48	-57.92	-57.00	-37.87	7.55	7.50	7.83	0.00	0.00	0.00	0.00	0.00	0.00	0.00
13.40	2381.52	2395.01	2205.72	2457.24	2451.44	2418.14	0.58	0.45	1.58	-59.79	-58.86	-39.24	7.54	7.49	7.87	0.00	0.00	0.00	0.00	0.00	0.00	0.00
13.30	2382.69	2396.14	2217.02	2455.64	2449.77	2415.69	0.56	0.43	1.51	-61.07	-60.09	-39.95	7.54	7.48	7.84	0.00	0.00	0.00	0.00	0.00	0.00	0.00
13.20	2383.56	2397.05	2216.79	2454.01	2448.07	2413.61	0.55	0.41	1.50	-61.85	-60.89	-40.80	7.53	7.48	7.84	0.00	0.00	0.00	0.00	0.00	0.00	0.00
13.10	2377.66	2391.31	2201.50	2452.32	2446.77	2417.22	0.59	0.45	1.60	-62.51	-61.40	-38.99	7.54	7.49	7.88	0.00	0.00	0.00	0.00	0.00	0.00	0.00
13.00	2372.29	2385.42	2227.99	2451.59	2446.30	2419.28	0.62	0.49	1.49	-62.25	-61.11	-39.03	7.55	7.50	7.83	0.00	0.00	0.00	0.00	0.00	0.00	0.00
12.90	2367.91	2380.87	2230.74	2451.48	2446.42	2421.94	0.66	0.53	1.49	-61.57	-60.37	-37.24	7.57	7.52	7.82	0.00	0.00	0.00	0.00	0.00	0.00	0.00
12.80	2364.42	2377.51	2202.55	2451.81	2446.93	2424.83	0.69	0.56	1.66	-60.72	-59.53	-36.14	7.58	7.53	7.89	0.00	0.00	0.00	0.00	0.00	0.00	0.00
12.70	2361.73	2374.52	2218.41	2452.49	2447.76	2427.29	0.72	0.59	1.59	-59.79	-58.58	-35.01	7.58	7.54	7.86	0.00	0.00	0.00	0.00	0.00	0.00	0.00
12.60	2359.70	2372.35	2215.47	2453.42	2448.79	2428.95	0.74	0.62	1.62	-58.88	-57.64	-33.65	7.59	7.55	7.87	0.00	0.00	0.00	0.00	0.00	0.00	0.00
12.50	2358.20	2370.80	2204.39	2454.53	2449.95	2430.22	0.76	0.64	1.69	-58.20	-56.91	-32.31	7.60	7.55	7.89	0.00	0.00	0.00	0.00	0.00	0.00	0.00
12.40	2357.08	2369.29	2229.35	2455.70	2451.17	2431.49	0.78	0.66	1.57	-57.83	-56.54	-32.25	7.60	7.56	7.85	0.00	0.00	0.00	0.00	0.00	0.00	0.00
12.30	2356.26	2368.54	2205.31	2456.89	2452.39	2432.70	0.79	0.67	1.70	-57.70	-56.41	-31.84	7.61	7.57	7.90	0.00	0.00	0.00	0.00	0.00	0.00	0.00
12.20	2355.67	2367.78	2209.45	2458.05	2453.58	2433.81	0.81	0.69	1.69	-57.79	-56.52	-32.48	7.61	7.57	7.89	0.00	0.00	0.00	0.00	0.00	0.00	0.00
12.10	2355.25	2367.15	2221.49	2459.18	2454.72	2434.76	0.82	0.70	1.63	-58.13	-56.90	-33.55	7.62	7.58	7.87	0.00	0.00	0.00	0.00	0.00	0.00	0.00
12.00	2354.98	2366.65	2235.87	2460.25	2455.81	2435.86	0.83	0.71	1.57	-58.68	-57.46	-34.30	7.62	7.58	7.84	0.00	0.00	0.00	0.00	0.00	0.00	0.00
11.90	2354.81	2366.38	2231.62	2461.27	2456.82	2436.24	0.84	0.72	1.59	-59.33	-58.12	-35.33	7.62	7.58	7.85	0.00	0.00	0.00	0.00	0.00	0.00	0.00
11.80	2354.72	2366.20	2236.27	2462.20	2457.76	2437.13	0.85	0.73	1.58	-59.98	-58.77	-35.91	7.63	7.59	7.84	0.00	0.00	0.00	0.00	0.00	0.00	0.00
11.70	2354.69	2366.08	2236.29	2463.06	2458.62	2437.70	0.85	0.74	1.58	-60.58	-59.37	-36.64	7.63	7.59	7.84	0.00	0.00	0.00	0.00	0.00	0.00	0.00
11.60	2354.64	2366.01	2238.35	2463.82	2459.39	2439.76	0.86	0.75	1.58	-60.96	-59.72	-35.59	7.63	7.59	7.84	0.00	0.00	0.00	0.00	0.00	0.00	0.00
11.50	2360.12	2371.58	2211.60	2464.68	2459.80	2432.32	0.82	0.71	1.68	-61.41	-60.34	-39.85	7.62	7.58	7.88	0.00	0.00	0.00	0.00	0.00	0.00	0.00
11.40	2364.57	2376.34	2219.64	2464.40	2459.37	2430.82	0.79	0.67	1.63	-63.87	-62.84	-43.00	7.61	7.56	7.86	0.00	0.00	0.00	0.00	0.00	0.00	0.00
11.30	2368.36	2380.28	2232.19	2463.60	2458.44	2428.82	0.76	0.64	1.55	-67.64	-66.67	-48.05	7.60	7.55	7.84	0.00	0.00	0.00	0.00	0.00	0.00	0.00
11.20	2371.76	2384.17	2208.46	2462.54	2457.25	2426.84	0.72	0.60	1.66	-71.95	-71.04	-52.33	7.58	7.54	7.88	0.00	0.00	0.00	0.00	0.00	0.00	0.00
11.10	2374.90	2387.50	2210.81	2461.26	2455.85	2424.59	0.69	0.57	1.63	-75.98	-75.06	-56.21	7.57	7.52	7.87	0.00	0.00	0.00	0.00	0.00	0.00	0.00
11.00	2377.77	2390.55	2213.73	2459.87	2454.37	2422.29	0.66	0.53	1.60	-79.46	-78.50	-59.35	7.56	7.51	7.86	0.00	0.00	0.00	0.00	0.00	0.00	0.00
10.90	2380.32	2393.28	2211.38	2458.43	2452.82	2420.15	0.63	0.50	1.60	-82.58	-81.66	-62.51	7.55	7.50	7.86	0.00	0.00	0.00	0.00	0.00	0.00	0.00
10.80	2382.55	2395.70	2210.47	2456.89	2451.20	2417.95	0.61	0.48	1.59	-85.48	-84.59	-65.84	7.54	7.49	7.86	0.00	0.00	0.00	0.00	0.00	0.00	0.00
10.70	2384.43	2397.47	2237.89	2455.32	2449.55	2415.86	0.58	0.45	1.44	-88.02	-87.18	-69.12	7.53	7.48	7.80	0.00	0.00	0.00	0.00	0.00	0.00	0.00
10.60	2386.02	2399.22	2229.09	2453.67	2447.85	2413.57	0.56	0.43	1.47	-90.29	-89.43	-71.43	7.52	7.47	7.81	0.00	0.00	0.00	0.00	0.00	0.00	0.00
10.50	2387.29	2400.65	2222.69	2451.99	2446.10	2411.48	0.54	0.41	1.49	-92.34	-91.50	-73.38	7.51	7.46	7.82	0.00	0.00	0.00	0.00	0.00	0.00	0.00
10.40	2388.26	2401.57	2237.10	2450.25	2444.32	2409.32	0.52	0.39	1.40	-94.27	-93.43	-75.49	7.51	7.45	7.79	0.00	0.00	0.00	0.00	0.00	0.00	0.00
10.30	2388.97	2402.43	2225.82	2448.49	2442.51	2407.22	0.51	0.37	1.45	-96.03	-95.19	-77.12	7.50	7.44	7.81	0.00	0.00	0.00	0.00	0.00	0.00	0.00
10.20	2389.46	2403.08	2204.93	2446.71	2440.69	2405.14	0.49	0.36	1.54	-97.62	-96.80	-78.73	7.49	7.44	7.85	0.00	0.00	0.00	0.00	0.00	0.00	0.00
10.10	2389.77	2403.43	2205.38	2444.95	2438.91	2403.06	0.48	0.35	1.53	-99.06	-98.23	-79.96	7.49	7.43	7.84	0.00	0.00	0.00	0.00	0.00	0.00	0.00
10.00	2389.92	2403.59	2204.95	2443.23	2437.16	2401.09	0.47	0.34	1.52	-100.40	-99.54	-81.06	7.48	7.43	7.84	0.00	0.00	0.00	0.00	0.00	0.00	0.00
9.90	2389.92	2403.57	2206.76	2441.52	2435.42	2399.20	0.46	0.33	1.50	-101.72	-100.88	-82.64	7.48	7.42	7.83	0.00	0.00	0.00	0.00	0.00	0.00	0.00
9.80	2389.80	2403.44	2212.43	2439.81	2433.69	2397.29	0.45	0.32	1.47	-103.04	-102.24	-84.48	7.47	7.42	7.81	0.00	0.00	0.00	0.00	0.00	0.00	0.00
9.70	2389.55	2403.06	2228.95	2438.09	2431.95	2395.37	0.45	0.31	1.37	-104.38	-103.59	-86.15	7.47	7.41	7.77	0.00	0.00	0.00	0.00	0.00	0.00	0.00
9.60	2389.20	2402.72	2226.79	2436.36	2430.21	2393.47	0.44	0.30	1.38	-105.75	-104.98	-87.87	7.47	7.41	7.77	0.00	0.00	0.00	0.00	0.00	0.00	0.00
9.50	2388.75	2402.42	2204.83	2434.62	2428.45	2391.58	0.43	0.30	1.48	-107.16	-106.40	-89.19	7.46	7.40	7.82	0.00	0.00	0.00	0.00	0.00	0.00	0.00
9.40	2388.22	2401.86	2203.70	2432.86	2426.68	2389.71	0.43	0.29	1.48	-108.60	-107.84	-90.52	7.46	7.40	7.82	0.00	0.00	0.00	0.00	0.00	0.00	0.00
9.30	2387.62	2401.37	2193.82	2431.11	2424.91	2387.89	0.42	0.29	1.52	-110.06	-109.26	-91.28	7.45	7.40	7.83	0.00	0.00	0.00	0.00	0.00	0.00	0.00
9.20	2386.97	2400.70	2192.37	2429.37	2423.16	2386.10	0.42	0.28	1.52	-111.52	-110.73	-92.83	7.45	7.39	7.83	0.00	0.00	0.00	0.00	0.00	0.00	0.00
9.10	2386.30	2400.01	2193.46	2427.67	2421.46	2384.35	0.42	0.28	1.51	-112.96	-112.17	-94.35	7.45	7.39	7.83	0.00	0.00	0.00	0.00	0.00	0.00	0.00
9.00	2385.63	2399.19	2208.62	2426.03	2419.82	2382.66	0.41	0.28	1.43	-114.37	-113.59	-96.31	7.45	7.39	7.79	0.00	0.00	0.00	0.00	0.00	0.00	0.00
8.90	2384.94	2398.39	2220.68	2424.44	2418.23	2381.05	0.41	0.27	1.36	-115.73	-114.97	-97.86	7.44	7.39	7.76	0.00	0.00	0.00	0.00	0.00	0.00	0.00
8.80	2384.24	2397.93	2187.42	2422.90	2416.68	2379.50	0.41	0.27	1.52	-117.05	-116.27	-98.43	7.44	7.38	7.83	0.00	0.00	0.00	0.00	0.00	0.00	0.00
8.70	2383.54	2397.03	2215.23	2421.37	2415.14	2377.94	0.40	0.27	1.38	-118.34	-117.58	-100.43	7.44	7.38	7.77	0.00	0.00	0.00	0.00	0.00	0.00	0.00
8.60	2382.82	2396.31	2209.86	2419.86	2413.63	2376.39	0.40	0.27	1.40	-119.60	-118.85	-101.97	7.44	7.38	7.78	0.00	0.00	0.00	0.00	0.00	0.00	0.00
8.50	2382.10	2395.62	2202.89	2418.36	2412.14	2374.89	0.40	0.26	1.43	-120.81	-120.07	-103.18	7.43	7.38	7.79	0.00	0.00	0.00	0.00	0.00	0.00	0.00
8.40	2381.37	2394.82	2210.85	2416.90	2410.66	2373.43	0.40	0.26	1.38	-121.97	-121.23	-104.17	7.43	7.38	7.77	0.00	0.00	0.00	0.00	0.00	0.00	0.00
8.30	2380.63	2394.16	2202.62	2415.42	2409.19	2371.93	0.40	0.26	1.42	-123.10	-122.36	-105.30	7.43	7.37	7.78	0.00	0.00	0.00	0.00	0.00	0.00	0.00
8.20	2379.89	2393.49	2182.57	2413.96	2407.72	2370.46	0.39	0.26	1.51	-124.16	-123.39	-105.74	7.43	7.37	7.82	0.00	0.00	0.00	0.00	0.00	0.00	0.00
8.10	2379.14	2392.58	2202.07	2412.53	2406.30	2369.03	0.39	0.26	1.41	-125.14	-124.37	-106.94	7.43	7.37	7.78	0.00	0.00	0.00	0.00	0.00	0.00	0.00
8.00	2378.43	2392.04	2180.08	2411.17	2404.93	2367.73	0.39	0.25	1.52	-126.04	-125.26	-107.42	7.42	7.37	7.82	0.00	0.00	0.00	0.00	0.00	0.00	0.00
7.90	2377.75	2391.22	2199.93	2409.87	2403.63	2366.35	0.39	0.25	1.41	-126.85	-126.08	-108.62	7.42	7.37	7.78	0.00	0.00	0.00	0.00	0.00	0.00	0.00
7.80	2377.07	2390.46	2208.30	2408.60	2402.36	2365.07	0.39	0.25	1.36	-127.57	-126.77	-108.96	7.42	7.36	7.76	0.00	0.00	0.00	0.00	0.00	0.00	0.00
7.70	2376.41	2389.79	2208.24	2407.36	2401.12	2363.83	0.39	0.25	1.36	-128.20	-127.40	-109.56	7.42	7.36	7.75	0.00	0.00	0.00	0.00	0.00	0.00	0.00
7.60	2375.77	2389.26	2192.50	2406.16	2399.92	2362.63	0.38	0.25	1.44	-128.74	-127.93	-109.87	7.42	7.36	7.79	0.00	0.00	0.00	0.00	0.00	0.00	0.00
7.50	2375.13	2388.69	2174.53	2404.98	2398.74	2361.45	0.38	0.25	1.52	-129.18	-128.36	-109.94	7.42	7.36	7.82	0.00	0.00	0.00	0.00	0.00	0.00	0.00
7.40	2374.50	2387.89	2195.71	2403.81	2397.57	2360.27	0.38	0.25	1.41	-129.52	-128.68	-110.13	7.41	7.36	7.77	0.00	0.00	0.00	0.00	0.00	0.00	0.00
7.30	2373.87	2387.35	2183.88	2402.66	2396.42	2359.12	0.38	0.24	1.47	-129.79	-128.94	-110.14	7.41	7.36	7.80	0.00	0.00	0.00	0.00	0.00	0.00	0.00
7.20	2373.24	2386.57	2204.42	2401.53	2395.28	2358.00	0.38	0.24	1.36	-130.03	-129.17	-110.52	7.41	7.35	7.75	0.00	0.00	0.00	0.00	0.00	0.00	0.00
7.10	2372.62	2386.00	2198.20	2400.38	2394.14	2356.83	0.38	0.24	1.39	-130.27	-129.40	-110.48	7.41	7.35	7.76	0.00	0.00	0.00	0.00	0.00	0.00	0.00
7.00	2371.99	2385.38	2194.93	2399.26	2393.02	2355.71	0.38	0.24	1.40	-130.53	-129.66	-110.84	7.41	7.35	7.77	0.00	0.00	0.00	0.00	0.00	0.00	0.00
6.90	2371.38	2384.84	2172.08	2398.15	2391.90	2354.61	0.38	0.24	1.51	-130.80	-129.96	-111.23	7.41	7.35	7.81	0.00	0.00	0.00	0.00	0.00	0.00	0.00
6.80	2370.78	2384.25	2168.14	2397.06	2390.81	2353.52	0.38	0.24	1.53	-131.08	-130.25	-111.50	7.41	7.35	7.82	0.00	0.00	0.00	0.00	0.00	0.00	0.00
6.70	2370.20	2383.54	2193.50	2396.02	2389.77	2352.47	0.38	0.24	1.40	-131.39	-130.55	-112.07	7.40	7.35	7.76	0.00	0.00	0.00	0.00	0.00	0.00	0.00
6.60	2369.65	2383.08	2181.20	2395.03	2388.79	2351.50	0.37	0.24	1.46	-131.72	-130.88	-112.34	7.40	7.35	7.79	0.00	0.00	0.00	0.00	0.00	0.00	0.00
6.50	2369.12	2382.61	2167.38	2394.10	2387.85	2350.57	0.37	0.24	1.52	-132.06	-131.24	-112.64	7.40	7.34	7.82	0.00	0.00	0.00	0.00	0.00	0.00	0.00
6.40	2368.61	2381.91	2201.06	2393.20	2386.96	2349.67	0.37	0.24	1.35	-132.43	-131.61	-113.46	7.40	7.34	7.74	0.00	0.00	0.00	0.00	0.00	0.00	0.00
6.30	2368.13	2381.59	2168.67	2392.34	2386.09	2348.81	0.37	0.24	1.51	-132.80	-131.98	-113.55	7.40	7.34	7.81	0.00	0.00	0.00	0.00	0.00	0.00	0.00
6.20	2367.65	2381.14	2167.83	2391.50	2385.25	2347.97	0.37	0.23	1.51	-133.17	-132.35	-113.86	7.40	7.34	7.81	0.00	0.00	0.00	0.00	0.00	0.00	0.00
6.10	2367.18	2380.65	2171.50	2390.67	2384.43	2347.14	0.37	0.23	1.49	-133.54	-132.70	-113.92	7.40	7.34	7.80	0.00	0.00	0.00	0.00	0.00	0.00	0.00
6.00	2366.73	2380.22	2165.95	2389.87	2383.62	2346.34	0.37	0.23	1.52	-133.89	-133.04	-114.15	7.40	7.34	7.81	0.00	0.00	0.00	0.00	0.00	0.00	0.00
5.90	2366.28	2379.73	2168.10	2389.08	2382.83	2345.55	0.37	0.23	1.50	-134.23	-133.41	-114.91	7.40	7.34	7.80	0.00	0.00	0.00	0.00	0.00	0.00	0.00
5.80	2365.84	2379.17	2182.58	2388.29	2382.04	2344.75	0.37	0.23	1.43	-134.55	-133.73	-115.31	7.39	7.34	7.77	0.00	0.00	0.00	0.00	0.00	0.00	0.00
5.70	2365.41	2378.76	2186.46	2387.52	2381.27	2343.99	0.37	0.23	1.40	-134.85	-134.01	-115.40	7.39	7.34	7.76	0.00	0.00	0.00	0.00	0.00	0.00	0.00
5.60	2364.97	2378.39	2167.54	2386.74	2380.50	2343.22	0.37	0.23	1.50	-135.14	-134.32	-115.86	7.39	7.33	7.80	0.00	0.00	0.00	0.00	0.00	0.00	0.00
5.50	2364.54	2377.92	2180.21	2385.97	2379.73	2342.45	0.37	0.23	1.43	-135.42	-134.60	-116.30	7.39	7.33	7.77	0.00	0.00	0.00	0.00	0.00	0.00	0.00
5.40	2364.11	2377.39	2190.25	2385.21	2378.97	2341.68	0.37	0.23	1.38	-135.68	-134.83	-116.29	7.39	7.33	7.74	0.00	0.00	0.00	0.00	0.00	0.00	0.00
5.30	2363.69	2377.12	2164.95	2384.45	2378.21	2340.93	0.37	0.23	1.50	-135.93	-135.09	-116.36	7.39	7.33	7.80	0.00	0.00	0.00	0.00	0.00	0.00	0.00
5.20	2363.27	2376.74	2160.61	2383.70	2377.45	2340.18	0.36	0.23	1.52	-136.22	-135.41	-116.97	7.39	7.33	7.81	0.00	0.00	0.00	0.00	0.00	0.00	0.00
5.10	2362.85	2376.33	2163.11	2382.95	2376.70	2339.43	0.36	0.23	1.51	-136.56	-135.72	-116.85	7.39	7.33	7.80	0.00	0.00	0.00	0.00	0.00	0.00	0.00
5.00	2362.43	2375.82	2178.54	2382.21	2375.96	2338.68	0.36	0.23	1.43	-136.96	-136.16	-118.10	7.39	7.33	7.77	0.00	0.00	0.00	0.00	0.00	0.00	0.00
4.90	2362.02	2375.32	2193.20	2381.48	2375.23	2337.96	0.36	0.23	1.35	-137.42	-136.64	-119.03	7.39	7.33	7.73	0.00	0.00	0.00	0.00	0.00	0.00	0.00
4.80	2361.62	2375.08	2160.95	2380.78	2374.53	2337.26	0.36	0.23	1.51	-137.93	-137.16	-119.33	7.38	7.33	7.80	0.00	0.00	0.00	0.00	0.00	0.00	0.00
4.70	2361.24	2374.48	2184.75	2380.11	2373.85	2336.60	0.36	0.23	1.39	-138.51	-137.73	-120.10	7.38	7.33	7.75	0.00	0.00	0.00	0.00	0.00	0.00	0.00
4.60	2360.88	2374.27	2156.00	2379.48	2373.23	2335.96	0.36	0.22	1.53	-139.14	-138.35	-120.26	7.38	7.33	7.81	0.00	0.00	0.00	0.00	0.00	0.00	0.00
4.50	2360.54	2373.71	2195.18	2378.89	2372.63	2335.38	0.36	0.23	1.33	-139.82	-139.07	-121.79	7.38	7.33	7.72	0.00	0.00	0.00	0.00	0.00	0.00	0.00
4.40	2360.22	2373.68	2155.72	2378.31	2372.06	2334.80	0.36	0.22	1.53	-140.57	-139.82	-122.41	7.38	7.32	7.81	0.00	0.00	0.00	0.00	0.00	0.00	0.00
4.30	2359.90	2373.42	2176.07	2377.76	2371.52	2334.25	0.36	0.22	1.43	-141.36	-140.61	-123.46	7.38	7.32	7.76	0.00	0.00	0.00	0.00	0.00	0.00	0.00
4.20	2359.59	2373.05	2183.43	2377.23	2370.98	2333.72	0.36	0.22	1.39	-142.17	-141.43	-124.32	7.38	7.32	7.74	0.00	0.00	0.00	0.00	0.00	0.00	0.00
4.10	2359.30	2372.59	2181.36	2376.72	2370.47	2333.21	0.36	0.22	1.39	-143.00	-142.27	-125.39	7.38	7.32	7.75	0.00	0.00	0.00	0.00	0.00	0.00	0.00
4.00	2359.01	2372.15	2178.98	2376.22	2369.97	2332.72	0.36	0.22	1.40	-143.84	-143.13	-126.36	7.38	7.32	7.75	0.00	0.00	0.00	0.00	0.00	0.00	0.00
3.90	2358.73	2371.91	2177.32	2375.73	2369.48	2332.21	0.36	0.22	1.41	-144.70	-143.98	-127.28	7.38	7.32	7.75	0.00	0.00	0.00	0.00	0.00	0.00	0.00
3.80	2358.46	2371.78	2197.67	2375.25	2369.00	2331.74	0.36	0.22	1.31	-145.56	-144.86	-128.40	7.38	7.32	7.70	0.00	0.00	0.00	0.00	0.00	0.00	0.00
3.70	2358.19	2371.71	2195.70	2374.77	2368.53	2331.26	0.36	0.22	1.32	-146.44	-145.73	-129.34	7.38	7.32	7.71	0.00	0.00	0.00	0.00	0.00	0.00	0.00
3.60	2357.93	2371.44	2162.48	2374.31	2368.06	2330.80	0.36	0.22	1.48	-147.32	-146.63	-130.13	7.38	7.32	7.79	0.00	0.00	0.00	0.00	0.00	0.00	0.00
3.50	2357.67	2370.98	2152.52	2373.85	2367.60	2330.35	0.36	0.22	1.53	-148.27	-147.59	-131.06	7.38	7.32	7.81	0.00	0.00	0.00	0.00	0.00	0.00	0.00
3.40	2357.41	2370.66	2154.47	2373.39	2367.15	2329.89	0.36	0.22	1.52	-149.36	-148.69	-132.36	7.38	7.32	7.80	0.00	0.00	0.00	0.00	0.00	0.00	0.00
3.30	2357.15	2370.48	2184.04	2372.94	2366.69	2329.43	0.36	0.22	1.37	-150.61	-149.94	-134.02	7.37	7.32	7.73	0.00	0.00	0.00	0.00	0.00	0.00	0.00
3.20	2356.90	2370.55	2171.64	2372.49	2366.24	2328.99	0.36	0.22	1.43	-152.00	-151.32	-135.20	7.37	7.32	7.76	0.00	0.00	0.00	0.00	0.00	0.00	0.00
3.10	2356.65	2370.00	2169.55	2372.05	2365.80	2328.54	0.36	0.22	1.44	-153.54	-152.87	-137.02	7.37	7.32	7.76	0.00	0.00	0.00	0.00	0.00	0.00	0.00
3.00	2356.40	2369.55	2165.73	2371.61	2365.36	2328.11	0.36	0.22	1.45	-155.15	-154.50	-138.61	7.37	7.32	7.77	0.00	0.00	0.00	0.00	0.00	0.00	0.00
2.90	2356.15	2369.50	2147.27	2371.17	2364.92	2327.67	0.36	0.22	1.55	-156.79	-156.15	-140.24	7.37	7.31	7.81	0.00	0.00	0.00	0.00	0.00	0.00	0.00
2.80	2355.90	2369.44	2191.83	2370.73	2364.48	2327.23	0.35	0.22	1.33	-158.43	-157.79	-142.37	7.37	7.31	7.71	0.00	0.00	0.00	0.00	0.00	0.00	0.00
2.70	2355.66	2369.05	2176.47	2370.30	2364.05	2326.80	0.35	0.22	1.40	-160.05	-159.42	-143.94	7.37	7.31	7.74	0.00	0.00	0.00	0.00	0.00	0.00	0.00
2.60	2355.42	2368.57	2163.37	2369.87	2363.62	2326.37	0.35	0.22	1.46	-161.66	-160.99	-145.01	7.37	7.31	7.77	0.00	0.00	0.00	0.00	0.00	0.00	0.00
2.50	2355.17	2368.36	2182.74	2369.45	2363.20	2325.95	0.35	0.22	1.36	-163.25	-162.58	-146.63	7.37	7.31	7.73	0.00	0.00	0.00	0.00	0.00	0.00	0.00
2.40	2354.93	2368.54	2190.02	2369.02	2362.77	2325.52	0.35	0.21	1.33	-164.86	-164.22	-148.76	7.37	7.31	7.71	0.00	0.00	0.00	0.00	0.00	0.00	0.00
2.30	2354.69	2368.08	2160.48	2368.61	2362.36	2325.11	0.35	0.22	1.47	-166.49	-165.85	-150.25	7.37	7.31	7.78	0.00	0.00	0.00	0.00	0.00	0.00	0.00
2.20	2354.45	2367.45	2182.36	2368.19	2361.94	2324.69	0.35	0.22	1.36	-168.13	-167.49	-152.09	7.37	7.31	7.72	0.00	0.00	0.00	0.00	0.00	0.00	0.00
2.10	2354.22	2367.59	2179.43	2367.78	2361.54	2324.29	0.35	0.22	1.38	-169.79	-169.13	-153.59	7.37	7.31	7.73	0.00	0.00	0.00	0.00	0.00	0.00	0.00
2.00	2354.00	2367.50	2181.27	2367.38	2361.13	2323.88	0.35	0.21	1.36	-171.44	-170.81	-155.51	7.37	7.31	7.73	0.00	0.00	0.00	0.00	0.00	0.00	0.00
1.90	2353.77	2366.85	2172.33	2366.98	2360.74	2323.49	0.35	0.22	1.41	-173.08	-172.45	-157.06	7.37	7.31	7.75	0.00	0.00	0.00	0.00	0.00	0.00	0.00
1.80	2353.55	2366.65	2194.59	2366.60	2360.35	2323.11	0.35	0.22	1.30	-174.68	-174.06	-158.78	7.37	7.31	7.69	0.00	0.00	0.00	0.00	0.00	0.00	0.00
1.70	2353.33	2366.97	2176.81	2366.21	2359.97	2322.72	0.35	0.21	1.38	-176.27	-175.65	-160.26	7.37	7.31	7.73	0.00	0.00	0.00	0.00	0.00	0.00	0.00
1.60	2353.12	2366.41	2151.01	2365.84	2359.59	2322.35	0.35	0.21	1.51	-177.83	-177.20	-161.58	7.37	7.31	7.79	0.00	0.00	0.00	0.00	0.00	0.00	0.00
1.50	2352.92	2366.09	2169.62	2365.50	2359.25	2322.01	0.35	0.21	1.42	-179.37	-178.72	-163.19	7.37	7.31	7.75	0.00	0.00	0.00	0.00	0.00	0.00	0.00
1.40	2352.74	2366.37	2181.46	2365.17	2358.92	2321.68	0.35	0.21	1.36	-180.89	-180.25	-164.84	7.36	7.31	7.72	0.00	0.00	0.00	0.00	0.00	0.00	0.00
1.30	2352.56	2365.85	2148.09	2364.85	2358.61	2321.37	0.35	0.21	1.52	-182.40	-181.77	-166.10	7.36	7.31	7.80	0.00	0.00	0.00	0.00	0.00	0.00	0.00
1.20	2352.38	2365.61	2148.26	2364.57	2358.32	2321.09	0.35	0.21	1.52	-183.91	-183.27	-167.45	7.36	7.31	7.80	0.00	0.00	0.00	0.00	0.00	0.00	0.00
1.10	2352.22	2365.78	2192.75	2364.29	2358.04	2320.80	0.35	0.21	1.30	-185.41	-184.74	-168.94	7.36	7.31	7.69	0.00	0.00	0.00	0.00	0.00	0.00	0.00
1.00	2352.07	2365.31	2155.71	2364.04	2357.79	2320.55	0.35	0.21	1.48	-186.88	-186.20	-170.08	7.36	7.31	7.78	0.00	0.00	0.00	0.00	0.00	0.00	0.00
0.90	2351.93	2364.98	2196.30	2363.79	2357.54	2320.31	0.35	0.21	1.28	-188.26	-187.60	-171.85	7.36	7.31	7.68	0.00	0.00	0.00	0.00	0.00	0.00	0.00
0.80	2351.79	2365.46	2159.77	2363.55	2357.30	2320.07	0.35	0.21	1.46	-189.59	-188.91	-172.68	7.36	7.30	7.77	0.00	0.00	0.00	0.00	0.00	0.00	0.00
0.70	2351.66	2364.89	2146.47	2363.32	2357.07	2319.84	0.35	0.21	1.53	-190.82	-190.12	-173.52	7.36	7.30	7.80	0.00	0.00	0.00	0.00	0.00	0.00	0.00
0.60	2351.54	2365.04	2181.01	2363.10	2356.85	2319.62	0.35	0.21	1.36	-191.95	-191.26	-174.92	7.36	7.30	7.72	0.00	0.00	0.00	0.00	0.00	0.00	0.00
0.50	2351.41	2364.88	2158.51	2362.89	2356.64	2319.41	0.35	0.21	1.46	-192.97	-192.24	-175.23	7.36	7.30	7.77	0.00	0.00	0.00	0.00	0.00	0.00	0.00
0.40	2351.29	2364.39	2157.51	2362.68	2356.43	2319.20	0.35	0.21	1.47	-193.87	-193.13	-175.85	7.36	7.30	7.77	0.00	0.00	0.00	0.00	0.00	0.00	0.00
0.30	2351.17	2364.91	2153.43	2362.47	2356.22	2318.99	0.35	0.21	1.49	-194.64	-193.85	-175.89	7.36	7.30	7.78	0.00	0.00	0.00	0.00	0.00	0.00	0.00
0.20	2351.05	2364.31	2152.10	2362.26	2356.01	2318.78	0.35	0.21	1.49	-195.28	-194.51	-176.87	7.36	7.30	7.78	0.00	0.00	0.00	0.00	0.00	0.00	0.00
0.10	2350.94	2364.19	2139.07	2362.06	2355.81	2318.58	0.35	0.21	1.56	-195.77	-194.98	-176.77	7.36	7.30	7.81	0.00	0.00	0.00	0.00	0.00	0.00	0.00
0.00	2350.82	2364.49	2161.43	2361.86	2355.61	2318.38	0.35	0.21	1.45	-196.10	-195.33	-177.53	7.36	7.30	7.76	0.00	0.00	0.00	0.00	0.00	0.00	0.00
