20.00	2341.75	2354.36	2188.70	2425.55	2419.75	2385.65	0.69	0.56	1.56	15.91	17.34	44.05	7.57	7.52	7.84	0.00	0.00	0.00	0.00	0.00	0.00	0.00
19.90	2341.75	2354.67	2160.41	2425.55	2419.75	2385.65	0.69	0.55	1.71	15.91	17.34	44.34	7.57	7.52	7.90	0.00	0.00	0.00	0.00	0.00	0.00	0.00
19.80	2341.75	2354.51	2176.51	2425.55	2419.75	2385.65	0.69	0.56	1.62	15.77	17.18	43.86	7.57	7.52	7.87	0.00	0.00	0.00	0.00	0.00	0.00	0.00
19.70	2341.75	2354.46	2182.46	2425.55	2419.75	2385.65	0.69	0.56	1.59	15.62	17.05	43.72	7.57	7.52	7.85	0.00	0.00	0.00	0.00	0.00	0.00	0.00
19.60	2341.75	2354.67	2159.99	2425.55	2419.75	2385.65	0.69	0.55	1.71	15.51	16.90	43.61	7.57	7.52	7.90	0.00	0.00	0.00	0.00	0.00	0.00	0.00
19.50	2341.75	2354.41	2180.33	2425.55	2419.75	2385.65	0.69	0.56	1.60	15.41	16.78	42.66	7.57	7.52	7.86	0.00	0.00	0.00	0.00	0.00	0.00	0.00
19.40	2341.75	2354.42	2177.68	2425.55	2419.75	2385.65	0.69	0.56	1.62	15.34	16.71	42.67	7.57	7.52	7.86	0.00	0.00	0.00	0.00	0.00	0.00	0.00
19.30	2341.75	2354.62	2161.99	2425.55	2419.75	2385.65	0.69	0.56	1.70	15.18	16.56	42.90	7.57	7.52	7.89	0.00	0.00	0.00	0.00	0.00	0.00	0.00
19.20	2341.75	2354.35	2186.82	2425.55	2419.75	2385.65	0.69	0.56	1.57	14.91	16.29	42.10	7.57	7.52	7.84	0.00	0.00	0.00	0.00	0.00	0.00	0.00
19.10	2341.75	2354.66	2158.39	2425.55	2419.75	2385.65	0.69	0.56	1.72	14.58	15.92	41.74	7.57	7.52	7.90	0.00	0.00	0.00	0.00	0.00	0.00	0.00
19.00	2341.75	2354.35	2186.57	2425.55	2419.75	2385.65	0.69	0.56	1.57	14.21	15.51	40.93	7.57	7.52	7.85	0.00	0.00	0.00	0.00	0.00	0.00	0.00
18.90	2341.75	2354.65	2159.87	2425.55	2419.75	2385.65	0.69	0.56	1.71	13.82	15.15	40.91	7.57	7.52	7.90	0.00	0.00	0.00	0.00	0.00	0.00	0.00
18.80	2341.75	2354.38	2186.14	2425.55	2419.75	2385.65	0.69	0.56	1.58	13.51	14.81	40.24	7.57	7.52	7.85	0.00	0.00	0.00	0.00	0.00	0.00	0.00
18.70	2341.97	2404.92	2184.87	2425.55	2419.75	2385.66	0.69	0.50	1.72	12.90	-7.66	20.44	7.57	7.37	7.85	0.00	0.12	0.00	0.00	0.03	0.00	0.03
18.60	2343.02	2536.84	2252.09	2425.55	2419.75	2385.68	0.69	0.36	1.77	12.04	-61.99	-35.99	7.56	7.03	7.70	0.00	3.30	0.00	0.00	0.00	0.00	0.00
18.50	2341.77	2354.42	2167.58	2425.57	2419.80	2386.08	0.69	0.56	1.71	12.07	13.18	34.83	7.57	7.52	7.88	0.00	3.77	0.02	0.00	0.01	0.00	0.01
18.40	2342.43	2460.59	2208.91	2425.62	2419.82	2385.79	0.69	0.44	1.75	11.27	-32.39	-3.59	7.57	7.22	7.80	0.00	4.75	0.21	0.00	0.02	0.00	0.02
18.30	2342.64	2497.64	2220.06	2425.66	2419.88	2386.11	0.69	0.39	1.77	10.66	-47.70	-15.54	7.57	7.12	7.77	0.00	7.02	0.21	0.00	0.01	0.00	0.01
18.20	2341.95	2354.43	2185.59	2425.73	2419.96	2386.26	0.69	0.56	1.58	10.37	11.66	36.30	7.57	7.52	7.85	0.00	8.06	0.21	0.00	0.00	0.00	0.00
18.10	2342.03	2354.85	2164.22	2425.82	2420.04	2386.12	0.69	0.56	1.69	9.63	10.97	36.39	7.57	7.52	7.89	0.00	8.06	0.21	0.00	0.00	0.00	0.00
18.00	2342.08	2354.92	2160.02	2425.88	2420.08	2386.01	0.69	0.56	1.71	8.80	10.15	35.93	7.57	7.52	7.90	0.00	8.06	0.21	0.00	0.00	0.00	0.00
17.90	2342.12	2354.73	2182.40	2425.91	2420.12	2386.04	0.69	0.56	1.60	7.93	9.20	34.58	7.57	7.52	7.85	0.00	8.06	0.21	0.00	0.00	0.00	0.00
17.80	2342.17	2359.92	2166.38	2425.95	2420.15	2386.06	0.69	0.55	1.70	6.87	5.80	30.79	7.57	7.50	7.89	0.00	8.07	0.21	0.00	0.01	0.00	0.01
17.70	2342.72	2456.94	2207.07	2425.96	2420.16	2386.08	0.69	0.44	1.75	5.75	-36.07	-7.38	7.57	7.23	7.80	0.00	9.09	0.21	0.00	0.03	0.00	0.03
17.60	2343.23	2525.90	2245.11	2425.98	2420.19	2386.20	0.69	0.37	1.80	4.70	-64.34	-41.60	7.56	7.05	7.72	0.00	11.79	0.22	0.00	0.04	0.00	0.04
17.50	2343.02	2485.85	2217.26	2426.00	2420.22	2386.46	0.69	0.41	1.78	3.94	-49.45	-19.75	7.56	7.15	7.78	0.00	15.58	0.26	0.00	0.01	0.00	0.01
17.40	2342.27	2355.30	2170.70	2426.07	2420.31	2386.81	0.69	0.56	1.71	3.35	4.11	22.75	7.57	7.52	7.88	0.00	16.28	0.65	0.00	0.01	0.00	0.01
17.30	2337.21	2451.18	2211.72	2426.47	2421.03	2391.66	0.73	0.48	1.76	1.44	-40.06	-10.35	7.58	7.24	7.80	0.00	17.21	0.69	0.00	0.03	0.00	0.03
17.20	2334.21	2562.66	2266.91	2427.73	2422.51	2394.28	0.76	0.39	1.84	0.90	-85.29	-58.51	7.59	6.98	7.68	0.00	20.51	0.69	0.00	0.06	0.00	0.06
17.10	2331.80	2645.38	2311.79	2429.37	2424.27	2396.85	0.79	0.33	1.88	0.83	-116.13	-91.62	7.60	6.83	7.57	0.00	26.33	0.69	0.00	0.06	0.00	0.06
17.00	2328.87	2635.45	2297.69	2431.49	2426.21	2400.64	0.82	0.36	1.97	1.34	-113.62	-91.90	7.62	6.85	7.62	0.00	32.33	0.77	0.00	0.05	0.02	0.07
16.90	2327.06	2575.11	2300.46	2432.97	2428.08	2403.21	0.84	0.44	1.99	1.80	-92.84	-94.15	7.62	6.97	7.62	0.00	37.37	2.87	0.02	0.04	0.01	0.07
16.80	2347.46	2508.11	2245.38	2434.85	2430.06	2406.51	0.82	0.53	1.84	-7.22	-67.09	-33.50	7.58	7.12	7.76	2.43	41.19	3.62	0.07	0.02	0.00	0.09
16.70	2369.34	2477.32	2245.17	2436.77	2431.98	2407.97	0.81	0.58	1.81	-16.91	-55.66	-28.48	7.52	7.20	7.76	9.33	43.50	3.63	0.12	0.03	0.00	0.14
16.60	2393.22	2572.51	2266.45	2438.55	2433.78	2409.15	0.79	0.48	1.89	-27.54	-92.40	-55.10	7.46	6.98	7.72	20.95	46.11	3.68	0.16	0.04	0.00	0.20
16.50	2416.97	2618.04	2292.84	2440.19	2435.51	2411.05	0.77	0.45	1.93	-38.24	-110.14	-77.54	7.40	6.90	7.66	37.30	49.64	3.68	0.21	0.05	-0.00	0.26
16.40	2441.03	2738.09	2330.39	2441.80	2437.14	2413.52	0.74	0.33	2.03	-49.11	-151.26	-116.15	7.33	6.72	7.57	58.38	54.33	3.63	0.27	0.06	0.01	0.34
16.30	2476.03	2809.04	2404.17	2443.33	2438.73	2416.06	0.71	0.27	2.01	-63.49	-175.11	-155.58	7.24	6.64	7.36	85.21	60.48	4.27	0.35	0.05	0.02	0.42
16.20	2517.83	2743.39	2363.38	2444.84	2440.34	2419.02	0.66	0.35	2.16	-79.41	-155.42	-149.87	7.13	6.72	7.49	120.20	65.71	5.91	0.44	0.03	0.03	0.49
16.10	2562.24	2682.39	2443.20	2446.40	2441.98	2421.41	0.61	0.42	1.79	-95.42	-136.04	-145.90	7.03	6.81	7.27	163.96	68.89	8.42	0.53	0.01	0.03	0.57
16.00	2606.46	2625.49	2348.88	2447.98	2443.61	2423.27	0.57	0.48	2.17	-110.76	-117.08	-140.34	6.95	6.90	7.54	216.79	70.07	11.71	0.60	0.00	0.04	0.64
15.90	2641.54	2645.41	2353.73	2449.56	2445.21	2425.00	0.53	0.47	2.16	-123.08	-124.31	-142.10	6.88	6.87	7.53	277.12	70.08	15.27	0.67	0.00	0.03	0.70
15.80	2676.24	2678.11	2432.64	2451.10	2446.76	2426.58	0.49	0.44	1.83	-135.54	-136.18	-145.74	6.83	6.82	7.31	344.15	70.08	18.33	0.74	0.00	0.03	0.76
15.70	2711.84	2711.63	2438.62	2452.58	2448.26	2428.16	0.46	0.40	1.82	-148.07	-148.12	-148.73	6.78	6.77	7.30	418.02	70.08	20.86	0.79	0.00	0.02	0.81
15.60	2725.35	2724.85	2428.51	2454.05	2449.71	2429.74	0.45	0.39	1.85	-153.43	-153.33	-148.20	6.76	6.76	7.33	497.15	70.08	22.92	0.80	0.00	0.02	0.82
15.50	2728.86	2728.14	2356.75	2455.40	2451.11	2431.18	0.45	0.39	2.15	-155.49	-155.22	-145.85	6.76	6.76	7.54	577.02	70.08	24.74	0.80	0.00	0.02	0.82
15.40	2732.75	2731.71	2372.58	2456.74	2452.44	2432.47	0.45	0.39	2.07	-157.59	-157.10	-144.77	6.76	6.75	7.50	657.48	70.08	26.34	0.81	0.03	0.01	0.85
15.30	2736.96	2995.33	2494.75	2457.94	2453.68	2433.65	0.44	0.15	1.93	-159.71	-234.03	-195.83	6.75	6.49	7.16	738.41	73.16	26.85	0.78	0.05	0.00	0.83
15.20	2706.84	2964.86	2427.24	2459.14	2454.86	2435.03	0.48	0.18	2.25	-151.17	-227.00	-200.43	6.80	6.52	7.35	816.10	78.66	26.89	0.72	0.04	0.04	0.79
15.10	2677.40	2879.94	2504.73	2460.28	2456.09	2437.48	0.51	0.27	2.31	-142.51	-206.82	-247.11	6.84	6.59	7.15	887.71	82.97	30.42	0.66	0.03	0.09	0.78
15.00	2649.28	2815.79	2493.79	2461.48	2457.38	2440.14	0.55	0.34	2.77	-133.86	-191.46	-296.83	6.89	6.66	7.18	953.48	86.40	39.32	0.62	0.03	0.13	0.78
14.90	2650.08	2763.14	2463.67	2462.92	2458.87	2444.54	0.55	0.43	2.82	-133.99	-176.79	-296.82	6.90	6.72	7.28	1015.63	89.00	52.50	0.66	0.01	0.12	0.79
14.80	2671.01	2722.94	2445.70	2464.31	2460.53	2447.65	0.52	0.46	2.72	-140.18	-162.76	-271.45	6.86	6.78	7.34	1081.17	90.47	64.47	0.70	0.01	0.09	0.79
14.70	2693.88	2825.11	2498.36	2466.10	2462.27	2449.10	0.50	0.32	1.92	-146.35	-187.60	-190.05	6.83	6.65	7.19	1150.93	91.32	73.07	0.70	0.06	0.00	0.76
14.60	2654.73	3062.07	2499.93	2467.88	2463.95	2449.21	0.54	0.10	2.08	-132.57	-250.26	-210.71	6.90	6.45	7.19	1221.00	97.38	73.32	0.51	0.08	0.00	0.59
14.50	2560.26	2943.03	2436.58	2470.18	2465.53	2440.62	0.63	0.17	2.06	-98.69	-217.28	-183.75	7.09	6.54	7.34	1272.38	104.95	73.32	0.30	0.07	0.00	0.37
14.40	2462.69	2819.54	2461.56	2470.51	2465.65	2438.97	0.72	0.26	1.76	-65.72	-184.52	-166.03	7.35	6.66	7.27	1302.39	111.93	73.42	0.08	0.10	0.00	0.17
14.30	2360.18	3046.04	2411.62	2469.97	2464.93	2436.58	0.83	0.04	2.31	-29.50	-250.21	-216.11	7.63	6.46	7.40	1309.89	121.46	73.85	0.00	0.14	-0.00	0.14
14.20	2364.82	3124.49	2492.59	2468.95	2463.78	2434.47	0.80	-0.05	2.11	-35.59	-272.90	-239.13	7.62	6.41	7.17	1309.89	135.15	73.85	0.00	0.15	0.00	0.15
14.10	2369.02	3171.18	2491.26	2467.67	2462.38	2432.40	0.76	-0.10	2.19	-41.12	-286.94	-253.85	7.60	6.38	7.17	1309.89	150.31	73.85	0.01	0.12	0.01	0.13
14.00	2390.63	2868.89	2487.23	2466.26	2460.88	2430.25	0.70	0.11	1.83	-53.05	-212.43	-213.57	7.54	6.61	7.17	1310.43	162.27	74.45	0.13	0.08	0.02	0.24
13.90	2450.20	2871.54	2493.63	2464.80	2459.33	2428.16	0.60	0.09	1.83	-78.59	-215.51	-221.85	7.37	6.60	7.15	1323.29	170.44	76.92	0.12	0.08	0.03	0.23
13.80	2425.31	2864.54	2477.95	2463.30	2457.76	2426.19	0.60	0.08	1.92	-71.16	-215.47	-228.59	7.44	6.61	7.19	1335.00	178.50	79.92	0.06	0.07	0.04	0.18
13.70	2401.32	2733.41	2448.64	2461.81	2456.18	2424.21	0.61	0.18	1.99	-63.60	-179.09	-225.29	7.50	6.76	7.26	1341.46	185.69	84.13	0.01	0.06	0.06	0.13
13.60	2380.06	2700.00	2454.53	2460.26	2454.59	2422.27	0.62	0.19	1.90	-56.88	-170.07	-220.49	7.56	6.80	7.24	1342.94	191.54	89.86	0.00	0.06	0.05	0.10
13.50	2381.61	2683.55	2358.78	2458.76	2453.01	2420.39	0.60	0.18	2.06	-58.94	-164.90	-192.04	7.55	6.82	7.51	1342.94	197.16	94.41	0.00	0.05	0.03	0.08
13.40	2382.97	2667.36	2378.33	2457.16	2451.37	2418.08	0.58	0.17	1.72	-60.74	-159.70	-164.77	7.54	6.85	7.44	1342.94	202.46	97.24	0.00	0.05	0.01	0.06
13.30	2387.87	2648.15	2368.21	2455.59	2449.70	2415.76	0.56	0.17	1.58	-63.40	-153.23	-142.55	7.52	6.87	7.47	1343.04	207.46	98.55	0.03	0.06	0.01	0.11
13.20	2414.48	2812.80	2394.54	2453.79	2448.00	2415.09	0.51	0.02	1.86	-74.41	-205.43	-195.05	7.44	6.65	7.39	1346.53	213.13	100.04	0.08	0.13	0.00	0.21
13.10	2435.75	3382.22	2549.12	2452.24	2446.71	2417.36	0.52	-0.35	2.20	-85.50	-345.53	-307.21	7.38	6.26	7.00	1355.01	225.80	100.33	0.14	0.14	0.01	0.29
13.00	2460.00	2983.85	2442.98	2451.63	2446.37	2420.12	0.52	-0.05	2.31	-96.16	-257.85	-266.28	7.31	6.49	7.26	1369.31	239.97	101.21	0.21	0.11	0.04	0.35
12.90	2487.49	3211.21	2432.05	2451.60	2446.57	2422.66	0.51	-0.19	2.66	-107.04	-312.41	-298.23	7.23	6.35	7.30	1390.03	250.57	105.09	0.26	0.16	0.02	0.44
12.80	2510.37	2721.33	2433.97	2451.98	2447.13	2425.16	0.51	0.24	2.59	-115.62	-188.61	-288.49	7.17	6.76	7.30	1416.41	266.21	106.97	0.32	0.04	0.01	0.37
12.70	2533.83	2761.11	2339.90	2452.69	2448.00	2427.57	0.50	0.19	1.98	-123.85	-194.67	-161.97	7.11	6.71	7.58	1448.54	270.42	107.98	0.37	0.04	0.00	0.42
12.60	2558.33	2785.01	2396.39	2453.67	2449.06	2429.35	0.49	0.18	1.80	-132.11	-201.78	-168.70	7.06	6.68	7.42	1485.91	274.71	107.98	0.43	0.04	0.00	0.47
12.50	2583.30	2809.33	2364.42	2454.82	2450.24	2430.59	0.48	0.18	2.00	-140.44	-208.92	-174.48	7.01	6.66	7.52	1528.52	279.00	107.98	0.48	0.04	0.00	0.52
12.40	2607.64	2829.17	2379.04	2455.98	2451.47	2431.87	0.47	0.18	1.99	-148.55	-214.88	-180.42	6.96	6.64	7.48	1576.32	283.29	107.98	0.52	0.03	0.00	0.55
12.30	2622.59	2771.24	2423.23	2457.16	2452.69	2433.08	0.46	0.24	1.69	-153.59	-198.02	-164.87	6.93	6.70	7.36	1628.06	286.79	107.98	0.55	0.02	0.00	0.57
12.20	2637.52	2715.55	2414.15	2458.29	2453.87	2434.24	0.46	0.30	1.61	-158.66	-181.29	-149.47	6.91	6.78	7.39	1682.95	288.90	107.98	0.57	0.01	0.00	0.58
12.10	2634.41	2658.03	2343.24	2459.46	2455.01	2435.17	0.47	0.37	1.80	-158.16	-163.41	-132.81	6.92	6.87	7.59	1740.41	289.67	107.98	0.47	0.02	0.00	0.50
12.00	2559.89	2813.58	2404.82	2460.53	2456.09	2436.02	0.57	0.23	1.87	-134.29	-211.93	-178.20	7.07	6.66	7.42	1787.81	291.96	107.98	0.33	0.08	0.00	0.40
11.90	2489.85	3040.30	2430.06	2461.52	2457.09	2436.68	0.66	0.05	2.24	-110.63	-273.61	-236.86	7.25	6.46	7.35	1820.51	299.67	107.98	0.19	0.14	0.00	0.33
11.80	2424.30	3315.62	2438.63	2462.42	2458.02	2437.38	0.75	-0.13	2.65	-87.25	-337.44	-297.72	7.44	6.30	7.33	1839.36	313.58	107.98	0.06	0.20	0.00	0.26
11.70	2363.05	3484.93	2470.43	2463.32	2458.87	2437.84	0.85	-0.23	2.79	-64.23	-371.42	-331.27	7.61	6.22	7.24	1845.21	334.08	107.98	0.00	0.21	0.00	0.21
11.60	2360.77	3403.00	2452.54	2464.09	2459.62	2437.02	0.85	-0.17	2.74	-63.55	-355.90	-316.68	7.62	6.26	7.29	1845.21	354.98	107.98	0.00	0.19	0.00	0.19
11.50	2366.56	3333.15	2446.43	2464.88	2460.03	2432.45	0.81	-0.15	2.62	-64.05	-340.55	-303.79	7.60	6.29	7.29	1845.21	374.35	107.98	0.00	0.18	0.00	0.18
11.40	2370.31	3258.20	2431.90	2464.41	2459.44	2430.74	0.78	-0.13	2.54	-66.66	-325.42	-289.94	7.59	6.33	7.33	1845.21	392.15	107.98	0.00	0.16	0.00	0.16
11.30	2373.10	3182.38	2402.73	2463.66	2458.45	2428.96	0.75	-0.10	2.53	-69.90	-310.42	-275.89	7.58	6.37	7.41	1845.21	408.36	107.98	0.00	0.15	0.00	0.15
11.20	2376.12	3108.39	2405.39	2462.53	2457.23	2426.77	0.72	-0.07	2.36	-74.26	-295.63	-262.60	7.57	6.41	7.39	1845.21	423.03	107.98	0.00	0.13	0.00	0.13
11.10	2378.83	3038.68	2394.17	2461.21	2455.81	2424.51	0.69	-0.04	2.26	-78.12	-280.87	-248.71	7.56	6.46	7.42	1845.21	436.24	107.98	0.00	0.12	0.00	0.12
11.00	2381.62	2973.46	2379.93	2459.60	2454.26	2422.10	0.65	-0.01	2.17	-81.80	-266.21	-234.87	7.55	6.51	7.45	1845.21	448.10	107.98	0.00	0.11	0.00	0.11
10.90	2383.76	2911.34	2386.55	2458.08	2452.69	2419.88	0.62	0.01	2.00	-84.77	-251.56	-221.68	7.54	6.56	7.43	1845.21	458.66	107.98	0.00	0.09	0.00	0.09
10.80	2385.19	2854.49	2401.13	2456.83	2451.13	2417.89	0.60	0.03	1.82	-86.96	-236.94	-208.22	7.53	6.61	7.38	1845.21	468.01	107.98	0.00	0.08	0.00	0.08
10.70	2386.73	2797.97	2398.20	2455.21	2449.47	2415.69	0.58	0.05	1.69	-89.37	-222.45	-195.31	7.52	6.67	7.38	1845.21	476.20	107.98	0.00	0.07	0.00	0.07
10.60	2387.91	2744.13	2404.11	2453.60	2447.77	2413.56	0.56	0.08	1.53	-91.41	-207.94	-182.11	7.52	6.73	7.36	1845.21	483.30	107.98	0.00	0.06	0.00	0.06
10.50	2388.83	2692.77	2338.11	2451.89	2446.02	2411.41	0.54	0.11	1.68	-93.33	-193.59	-168.31	7.51	6.80	7.54	1845.21	489.36	107.98	0.00	0.05	0.00	0.05
10.40	2389.47	2643.28	2304.07	2450.13	2444.23	2409.27	0.52	0.14	1.71	-95.14	-179.25	-154.94	7.50	6.87	7.62	1845.21	494.42	107.98	0.00	0.04	0.00	0.04
10.30	2389.86	2595.58	2288.12	2448.36	2442.42	2407.14	0.51	0.17	1.65	-96.77	-164.95	-141.81	7.50	6.96	7.66	1845.21	498.54	107.98	0.00	0.03	0.00	0.03
10.20	2390.00	2534.43	2280.57	2446.61	2440.60	2405.08	0.49	0.22	1.54	-98.18	-145.84	-125.62	7.49	7.08	7.67	1845.21	501.74	107.98	0.00	0.02	0.00	0.02
10.10	2390.02	2508.36	2246.06	2444.89	2438.83	2403.07	0.48	0.24	1.58	-99.48	-137.46	-113.20	7.49	7.14	7.75	1845.21	503.91	107.98	0.00	0.01	0.00	0.01
10.00	2389.93	2457.67	2245.97	2443.11	2437.08	2401.08	0.47	0.28	1.48	-100.77	-120.43	-101.86	7.48	7.27	7.75	1845.21	505.32	107.98	0.00	0.01	0.00	0.01
9.90	2389.69	2418.53	2240.16	2441.41	2435.35	2399.16	0.46	0.31	1.39	-101.99	-107.08	-90.54	7.48	7.38	7.76	1845.21	506.01	107.98	0.00	0.00	0.00	0.00
9.80	2389.42	2403.13	2203.01	2439.66	2433.62	2397.21	0.46	0.32	1.51	-103.30	-102.44	-84.64	7.47	7.42	7.83	1845.21	506.07	107.98	0.00	0.00	0.00	0.00
9.70	2389.17	2402.76	2214.48	2438.01	2431.88	2395.37	0.45	0.31	1.45	-104.59	-103.79	-86.13	7.47	7.41	7.81	1845.21	506.07	107.98	0.00	0.00	0.00	0.00
9.60	2388.79	2402.41	2210.29	2436.27	2430.13	2393.48	0.44	0.31	1.46	-105.97	-105.19	-87.86	7.47	7.41	7.81	1845.21	506.07	107.98	0.00	0.00	0.00	0.00
9.50	2388.34	2402.04	2195.48	2434.57	2428.38	2391.60	0.44	0.30	1.53	-107.35	-106.61	-89.27	7.46	7.41	7.84	1845.21	506.07	107.98	0.00	0.00	0.00	0.00
9.40	2387.83	2401.29	2220.51	2432.89	2426.61	2389.73	0.43	0.30	1.39	-108.73	-108.05	-91.09	7.46	7.40	7.78	1845.21	506.07	107.98	0.00	0.00	0.00	0.00
9.30	2387.17	2400.82	2203.79	2430.99	2424.84	2387.85	0.43	0.29	1.47	-110.31	-109.49	-91.62	7.46	7.40	7.81	1845.21	506.07	107.98	0.00	0.00	0.00	0.00
9.20	2386.52	2400.18	2198.67	2429.27	2423.09	2386.07	0.42	0.29	1.49	-111.76	-110.96	-93.12	7.45	7.40	7.82	1845.21	506.07	107.98	0.00	0.00	0.00	0.00
9.10	2385.83	2399.42	2208.83	2427.54	2421.39	2384.33	0.42	0.28	1.43	-113.23	-112.39	-94.80	7.45	7.39	7.80	1845.21	506.07	107.98	0.00	0.00	0.00	0.00
9.00	2385.18	2398.64	2221.73	2425.95	2419.76	2382.67	0.42	0.28	1.36	-114.59	-113.81	-96.62	7.45	7.39	7.76	1845.21	506.07	107.98	0.00	0.00	0.00	0.00
8.90	2384.49	2398.03	2205.90	2424.38	2418.17	2381.07	0.41	0.28	1.43	-115.94	-115.18	-97.94	7.44	7.39	7.79	1845.21	506.07	107.98	0.00	0.00	0.00	0.00
8.80	2383.79	2397.39	2193.67	2422.83	2416.63	2379.50	0.41	0.27	1.49	-117.27	-116.47	-98.73	7.44	7.39	7.82	1845.21	506.07	107.98	0.00	0.00	0.00	0.00
8.70	2383.08	2396.67	2197.89	2421.29	2415.09	2377.95	0.41	0.27	1.46	-118.56	-117.79	-100.47	7.44	7.38	7.81	1845.21	506.07	107.98	0.00	0.00	0.00	0.00
8.60	2382.36	2395.79	2217.56	2419.79	2413.60	2376.43	0.40	0.27	1.36	-119.81	-119.04	-102.19	7.44	7.38	7.76	1845.21	506.07	107.98	0.00	0.00	0.00	0.00
8.50	2381.70	2395.07	2214.89	2418.42	2412.11	2374.95	0.40	0.27	1.37	-120.91	-120.26	-103.55	7.44	7.38	7.76	1845.21	506.07	107.98	0.00	0.00	0.00	0.00
8.40	2380.90	2394.32	2215.88	2416.82	2410.62	2373.43	0.40	0.26	1.36	-122.18	-121.41	-104.45	7.43	7.38	7.76	1845.21	506.07	107.98	0.00	0.00	0.00	0.00
8.30	2380.16	2393.75	2191.15	2415.35	2409.15	2371.93	0.40	0.26	1.48	-123.30	-122.53	-105.31	7.43	7.37	7.81	1845.21	506.07	107.98	0.00	0.00	0.00	0.00
8.20	2379.48	2408.85	2205.87	2413.90	2407.69	2370.48	0.40	0.24	1.44	-124.36	-129.47	-111.05	7.43	7.33	7.77	1845.21	506.10	107.98	0.00	0.00	0.00	0.00
8.10	2378.70	2392.26	2179.87	2412.51	2406.27	2369.07	0.40	0.26	1.52	-125.28	-124.53	-106.91	7.43	7.37	7.83	1845.21	506.45	107.98	0.00	0.00	0.00	0.00
8.00	2377.98	2391.37	2212.82	2411.12	2404.91	2367.75	0.39	0.26	1.35	-126.19	-125.40	-107.92	7.43	7.37	7.75	1845.21	506.45	107.98	0.00	0.00	0.00	0.00
7.90	2377.29	2390.77	2190.05	2409.82	2403.61	2366.39	0.39	0.26	1.46	-126.99	-126.21	-108.60	7.42	7.37	7.80	1845.21	506.45	107.98	0.00	0.00	0.00	0.00
7.80	2376.64	2390.16	2179.86	2408.59	2402.36	2365.13	0.39	0.25	1.51	-127.69	-126.89	-108.79	7.42	7.36	7.82	1845.21	506.45	107.98	0.00	0.00	0.00	0.00
7.70	2375.98	2389.51	2177.33	2407.36	2401.13	2363.90	0.39	0.25	1.52	-128.30	-127.51	-109.35	7.42	7.36	7.82	1845.21	506.45	107.98	0.00	0.00	0.00	0.00
7.60	2375.33	2388.81	2184.05	2406.14	2399.92	2362.69	0.39	0.25	1.48	-128.83	-128.03	-109.87	7.42	7.36	7.80	1845.21	506.45	107.98	0.00	0.00	0.00	0.00
7.50	2374.73	2388.02	2204.13	2405.05	2398.75	2361.53	0.39	0.25	1.37	-129.24	-128.44	-110.39	7.42	7.36	7.76	1845.21	506.45	107.98	0.00	0.00	0.00	0.00
7.40	2374.06	2387.50	2188.47	2403.81	2397.58	2360.35	0.39	0.25	1.45	-129.59	-128.75	-110.15	7.42	7.36	7.79	1845.21	506.45	107.98	0.00	0.00	0.00	0.00
7.30	2373.43	2386.90	2178.32	2402.66	2396.43	2359.20	0.38	0.25	1.50	-129.85	-129.00	-110.14	7.41	7.36	7.81	1845.21	506.45	107.98	0.00	0.00	0.00	0.00
7.20	2372.79	2386.28	2182.51	2401.51	2395.29	2358.04	0.38	0.25	1.47	-130.09	-129.23	-110.28	7.41	7.36	7.80	1845.21	506.45	107.98	0.00	0.00	0.00	0.00
7.10	2372.19	2385.60	2195.20	2400.39	2394.15	2356.92	0.38	0.25	1.40	-130.33	-129.46	-110.49	7.41	7.35	7.77	1845.21	506.45	107.98	0.00	0.00	0.00	0.00
7.00	2371.57	2384.91	2201.60	2399.27	2393.03	2355.80	0.38	0.25	1.37	-130.58	-129.72	-110.84	7.41	7.35	7.75	1845.21	506.45	107.98	0.00	0.00	0.00	0.00
6.90	2370.93	2384.29	2189.09	2398.12	2391.92	2354.68	0.38	0.24	1.43	-130.87	-130.02	-111.47	7.41	7.35	7.78	1845.21	506.45	107.98	0.00	0.00	0.00	0.00
6.80	2370.35	2383.74	2175.32	2397.06	2390.83	2353.60	0.38	0.24	1.49	-131.15	-130.31	-111.64	7.41	7.35	7.80	1845.21	506.45	107.98	0.00	0.00	0.00	0.00
6.70	2369.73	2392.83	2197.23	2395.89	2389.78	2352.54	0.38	0.23	1.41	-131.52	-134.36	-116.10	7.41	7.32	7.75	1845.21	506.46	107.98	0.00	0.02	0.00	0.02
6.60	2370.05	2542.32	2223.68	2395.07	2388.82	2351.59	0.38	0.08	1.64	-132.09	-187.60	-161.11	7.40	6.95	7.69	1845.21	508.04	107.98	0.00	0.05	0.00	0.05
6.50	2370.63	2723.80	2300.29	2394.12	2387.89	2350.66	0.37	-0.08	1.75	-132.86	-243.93	-217.16	7.40	6.67	7.48	1845.21	512.90	107.98	0.00	0.07	0.00	0.07
6.40	2370.22	2728.12	2297.79	2393.23	2387.00	2349.77	0.37	-0.08	1.77	-133.27	-245.77	-219.59	7.40	6.67	7.48	1845.21	520.01	107.98	0.00	0.06	0.00	0.06
6.30	2369.38	2665.29	2329.44	2392.38	2386.14	2348.92	0.37	-0.03	1.48	-133.51	-227.80	-203.36	7.40	6.74	7.39	1845.21	526.04	107.98	0.00	0.05	0.00	0.05
6.20	2368.55	2604.44	2244.37	2391.55	2385.30	2348.08	0.37	0.03	1.72	-133.74	-210.06	-186.06	7.40	6.83	7.63	1845.21	530.91	107.98	0.00	0.04	0.00	0.04
6.10	2367.69	2540.18	2224.21	2390.72	2384.48	2347.26	0.37	0.08	1.65	-133.96	-189.66	-166.12	7.40	6.94	7.68	1845.21	534.57	107.98	0.00	0.02	0.00	0.02
6.00	2366.94	2494.05	2208.77	2389.90	2383.68	2346.45	0.37	0.12	1.59	-134.21	-174.36	-149.95	7.40	7.04	7.71	1845.21	537.04	107.98	0.00	0.02	0.00	0.02
5.90	2366.24	2446.13	2193.27	2389.13	2382.89	2345.67	0.37	0.17	1.55	-134.43	-157.94	-135.86	7.40	7.15	7.75	1845.21	538.62	107.98	0.00	0.01	0.00	0.01
5.80	2365.54	2397.15	2172.97	2388.34	2382.10	2344.88	0.37	0.22	1.52	-134.65	-140.62	-120.76	7.40	7.29	7.79	1845.21	539.34	107.98	0.00	0.00	0.00	0.00
5.70	2365.01	2378.30	2184.46	2387.57	2381.33	2344.11	0.37	0.24	1.42	-134.92	-134.07	-115.44	7.39	7.34	7.76	1845.21	539.38	107.98	0.00	0.00	0.00	0.00
5.60	2364.57	2377.95	2163.72	2386.80	2380.56	2343.34	0.37	0.23	1.52	-135.20	-134.38	-115.88	7.39	7.34	7.81	1845.21	539.38	107.98	0.00	0.00	0.00	0.00
5.50	2364.14	2377.38	2188.66	2386.03	2379.79	2342.57	0.37	0.23	1.39	-135.48	-134.66	-116.45	7.39	7.34	7.75	1845.21	539.38	107.98	0.00	0.00	0.00	0.00
5.40	2363.70	2377.01	2171.97	2385.26	2379.03	2341.81	0.37	0.23	1.47	-135.74	-134.89	-116.15	7.39	7.33	7.79	1845.21	539.38	107.98	0.00	0.00	0.00	0.00
5.30	2363.29	2376.66	2161.15	2384.52	2378.27	2341.05	0.37	0.23	1.52	-135.99	-135.15	-116.34	7.39	7.33	7.81	1845.21	539.38	107.98	0.00	0.00	0.00	0.00
5.20	2362.87	2376.11	2182.22	2383.76	2377.52	2340.30	0.37	0.23	1.41	-136.28	-135.47	-117.23	7.39	7.33	7.76	1845.21	539.38	107.98	0.00	0.00	0.00	0.00
5.10	2362.44	2375.76	2177.60	2383.01	2376.77	2339.55	0.37	0.23	1.44	-136.63	-135.79	-117.07	7.39	7.33	7.77	1845.21	539.38	107.98	0.00	0.00	0.00	0.00
5.00	2362.02	2375.43	2168.20	2382.25	2376.03	2338.81	0.37	0.23	1.48	-137.05	-136.23	-118.07	7.39	7.33	7.79	1845.21	539.38	107.98	0.00	0.00	0.00	0.00
4.90	2361.62	2375.09	2159.75	2381.55	2375.30	2338.09	0.37	0.23	1.52	-137.50	-136.72	-118.74	7.39	7.33	7.81	1845.21	539.38	107.98	0.00	0.00	0.00	0.00
4.80	2361.21	2374.65	2176.48	2380.82	2374.60	2337.38	0.37	0.23	1.44	-138.04	-137.25	-119.57	7.39	7.33	7.77	1845.21	539.38	107.98	0.00	0.00	0.00	0.00
4.70	2360.83	2374.33	2179.15	2380.17	2373.93	2336.72	0.37	0.23	1.42	-138.61	-137.83	-120.11	7.39	7.33	7.76	1845.21	539.38	107.98	0.00	0.00	0.00	0.00
4.60	2360.48	2373.89	2174.36	2379.53	2373.31	2336.10	0.37	0.23	1.44	-139.27	-138.46	-120.67	7.38	7.33	7.77	1845.21	539.38	107.98	0.00	0.00	0.00	0.00
4.50	2360.14	2373.48	2168.14	2378.95	2372.72	2335.51	0.36	0.23	1.47	-139.95	-139.19	-121.72	7.38	7.33	7.78	1845.21	539.38	107.98	0.00	0.00	0.00	0.00
4.40	2359.82	2373.08	2160.79	2378.39	2372.15	2334.94	0.36	0.23	1.50	-140.70	-139.94	-122.59	7.38	7.33	7.80	1845.21	539.38	107.98	0.00	0.00	0.00	0.00
4.30	2359.51	2372.69	2173.02	2377.85	2371.61	2334.40	0.36	0.23	1.44	-141.49	-140.74	-123.56	7.38	7.33	7.77	1845.21	539.38	107.98	0.00	0.00	0.00	0.00
4.20	2359.19	2372.40	2182.21	2377.30	2371.08	2333.87	0.36	0.23	1.39	-142.33	-141.56	-124.49	7.38	7.32	7.75	1845.21	539.38	107.98	0.00	0.00	0.00	0.00
4.10	2358.92	2372.42	2157.95	2376.81	2370.57	2333.37	0.36	0.23	1.52	-143.13	-142.41	-125.23	7.38	7.32	7.80	1845.21	539.38	107.98	0.00	0.00	0.00	0.00
4.00	2358.63	2372.25	2160.89	2376.32	2370.07	2332.87	0.36	0.22	1.50	-143.97	-143.27	-126.33	7.38	7.32	7.79	1845.21	539.38	107.98	0.00	0.00	0.00	0.00
3.90	2358.35	2371.86	2157.76	2375.83	2369.58	2332.38	0.36	0.22	1.51	-144.83	-144.12	-127.17	7.38	7.32	7.80	1845.21	539.38	107.98	0.00	0.00	0.00	0.00
3.80	2358.08	2371.38	2155.81	2375.34	2369.10	2331.90	0.36	0.23	1.52	-145.70	-144.99	-128.14	7.38	7.32	7.80	1845.21	539.38	107.98	0.00	0.00	0.00	0.00
3.70	2357.81	2371.06	2150.27	2374.88	2368.63	2331.43	0.36	0.23	1.55	-146.56	-145.86	-128.96	7.38	7.32	7.81	1845.21	539.38	107.98	0.00	0.00	0.00	0.00
3.60	2357.55	2370.95	2150.94	2374.42	2368.17	2330.97	0.36	0.22	1.54	-147.45	-146.76	-130.10	7.38	7.32	7.81	1845.21	539.38	107.98	0.00	0.00	0.00	0.00
3.50	2357.29	2370.87	2158.88	2373.95	2367.71	2330.51	0.36	0.22	1.50	-148.42	-147.74	-131.27	7.38	7.32	7.79	1845.21	539.38	107.98	0.00	0.00	0.00	0.00
3.40	2357.02	2370.46	2183.80	2373.49	2367.25	2330.05	0.36	0.22	1.37	-149.55	-148.86	-132.83	7.38	7.32	7.73	1845.21	539.38	107.98	0.00	0.00	0.00	0.00
3.30	2356.76	2370.04	2160.64	2373.03	2366.80	2329.60	0.36	0.22	1.49	-150.82	-150.13	-133.96	7.38	7.32	7.79	1845.21	539.38	107.98	0.00	0.00	0.00	0.00
3.20	2356.52	2369.76	2148.77	2372.60	2366.35	2329.15	0.36	0.22	1.55	-152.18	-151.53	-135.13	7.38	7.32	7.81	1845.21	539.38	107.98	0.00	0.00	0.00	0.00
3.10	2356.26	2369.63	2163.38	2372.15	2365.91	2328.71	0.36	0.22	1.47	-153.78	-153.10	-137.14	7.37	7.32	7.78	1845.21	539.38	107.98	0.00	0.00	0.00	0.00
3.00	2356.02	2369.59	2182.21	2371.71	2365.47	2328.27	0.36	0.22	1.38	-155.39	-154.74	-139.00	7.37	7.32	7.73	1845.21	539.38	107.98	0.00	0.00	0.00	0.00
2.90	2355.76	2369.13	2164.36	2371.26	2365.03	2327.83	0.36	0.22	1.46	-157.08	-156.40	-140.68	7.37	7.32	7.77	1845.21	539.38	107.98	0.00	0.00	0.00	0.00
2.80	2355.52	2368.65	2164.12	2370.83	2364.59	2327.39	0.36	0.22	1.46	-158.68	-158.04	-142.33	7.37	7.32	7.77	1845.21	539.38	107.98	0.00	0.00	0.00	0.00
2.70	2355.28	2368.59	2151.64	2370.40	2364.16	2326.97	0.36	0.22	1.53	-160.29	-159.66	-143.86	7.37	7.32	7.80	1845.21	539.38	107.98	0.00	0.00	0.00	0.00
2.60	2355.04	2368.73	2157.41	2369.97	2363.73	2326.54	0.36	0.22	1.50	-161.88	-161.24	-145.18	7.37	7.31	7.79	1845.21	539.38	107.98	0.00	0.00	0.00	0.00
2.50	2354.79	2368.17	2163.30	2369.55	2363.31	2326.12	0.36	0.22	1.46	-163.50	-162.82	-146.68	7.37	7.31	7.77	1845.21	539.38	107.98	0.00	0.00	0.00	0.00
2.40	2354.55	2367.57	2181.77	2369.11	2362.88	2325.69	0.36	0.22	1.37	-165.13	-164.45	-148.95	7.37	7.31	7.73	1845.21	539.38	107.98	0.00	0.00	0.00	0.00
2.30	2354.31	2367.65	2176.71	2368.70	2362.47	2325.28	0.36	0.22	1.39	-166.77	-166.09	-150.65	7.37	7.31	7.74	1845.21	539.38	107.98	0.00	0.00	0.00	0.00
2.20	2354.07	2367.59	2176.28	2368.27	2362.05	2324.86	0.36	0.22	1.39	-168.44	-167.74	-152.25	7.37	7.31	7.74	1845.21	539.38	107.98	0.00	0.00	0.00	0.00
2.10	2353.84	2366.99	2163.96	2367.88	2361.65	2324.46	0.36	0.22	1.45	-170.09	-169.38	-153.69	7.37	7.31	7.77	1845.21	539.38	107.98	0.00	0.00	0.00	0.00
2.00	2353.63	2366.89	2144.01	2367.49	2361.24	2324.05	0.36	0.22	1.55	-171.67	-171.05	-155.35	7.37	7.31	7.81	1845.21	539.38	107.98	0.00	0.00	0.00	0.00
1.90	2353.40	2367.04	2154.04	2367.10	2360.85	2323.67	0.36	0.22	1.50	-173.30	-172.69	-157.08	7.37	7.31	7.79	1845.21	539.38	107.98	0.00	0.00	0.00	0.00
1.80	2353.17	2366.50	2162.83	2366.69	2360.46	2323.27	0.36	0.22	1.45	-174.98	-174.30	-158.77	7.37	7.31	7.77	1845.21	539.38	107.98	0.00	0.00	0.00	0.00
1.70	2352.95	2366.04	2159.74	2366.31	2360.08	2322.90	0.36	0.22	1.47	-176.54	-175.88	-160.34	7.37	7.31	7.77	1845.21	539.38	107.98	0.00	0.00	0.00	0.00
1.60	2352.74	2366.16	2180.80	2365.94	2359.71	2322.53	0.36	0.22	1.37	-178.11	-177.44	-162.09	7.37	7.31	7.72	1845.21	539.38	107.98	0.00	0.00	0.00	0.00
1.50	2352.55	2366.05	2152.00	2365.62	2359.37	2322.19	0.35	0.22	1.51	-179.57	-178.95	-163.20	7.37	7.31	7.79	1845.21	539.38	107.98	0.00	0.00	0.00	0.00
1.40	2352.37	2365.53	2144.49	2365.28	2359.04	2321.86	0.35	0.22	1.54	-181.10	-180.48	-164.68	7.37	7.31	7.81	1845.21	539.38	107.98	0.00	0.00	0.00	0.00
1.30	2352.19	2365.68	2148.59	2364.97	2358.73	2321.55	0.35	0.22	1.52	-182.62	-182.00	-166.32	7.37	7.31	7.80	1845.21	539.38	107.98	0.00	0.00	0.00	0.00
1.20	2352.02	2365.44	2172.07	2364.69	2358.45	2321.27	0.35	0.22	1.40	-184.12	-183.49	-167.92	7.37	7.31	7.74	1845.21	539.38	107.98	0.00	0.00	0.00	0.00
1.10	2351.85	2365.01	2147.56	2364.40	2358.17	2320.99	0.35	0.22	1.53	-185.68	-184.96	-168.74	7.36	7.31	7.80	1845.21	539.38	107.98	0.00	0.00	0.00	0.00
1.00	2351.71	2365.22	2148.99	2364.16	2357.92	2320.74	0.35	0.22	1.52	-187.08	-186.43	-170.19	7.36	7.31	7.79	1845.21	539.38	107.98	0.00	0.00	0.00	0.00
0.90	2351.56	2365.06	2154.47	2363.91	2357.67	2320.49	0.35	0.22	1.49	-188.52	-187.82	-171.64	7.36	7.31	7.78	1845.21	539.38	107.98	0.00	0.00	0.00	0.00
0.80	2351.43	2364.54	2151.56	2363.68	2357.44	2320.26	0.35	0.22	1.50	-189.80	-189.11	-172.79	7.36	7.31	7.79	1845.21	539.38	107.98	0.00	0.00	0.00	0.00
0.70	2351.30	2364.96	2166.88	2363.45	2357.21	2320.03	0.35	0.21	1.43	-191.03	-190.32	-173.90	7.36	7.31	7.75	1845.21	539.38	107.98	0.00	0.00	0.00	0.00
0.60	2351.18	2364.52	2148.16	2363.24	2356.99	2319.81	0.35	0.22	1.52	-192.11	-191.43	-174.78	7.36	7.31	7.79	1845.21	539.38	107.98	0.00	0.00	0.00	0.00
0.50	2351.04	2364.18	2168.11	2363.02	2356.78	2319.60	0.35	0.22	1.42	-193.15	-192.40	-175.46	7.36	7.31	7.75	1845.21	539.38	107.98	0.00	0.00	0.00	0.00
0.40	2350.93	2364.61	2153.37	2362.81	2356.57	2319.39	0.35	0.21	1.49	-194.01	-193.28	-176.03	7.36	7.30	7.78	1845.21	539.38	107.98	0.00	0.00	0.00	0.00
0.30	2350.81	2364.01	2144.84	2362.61	2356.36	2319.18	0.35	0.22	1.53	-194.76	-193.98	-175.91	7.36	7.31	7.80	1845.21	539.38	107.98	0.00	0.00	0.00	0.00
0.20	2350.69	2364.05	2149.84	2362.39	2356.15	2318.97	0.35	0.22	1.51	-195.38	-194.62	-176.96	7.36	7.30	7.79	1845.21	539.38	107.98	0.00	0.00	0.00	0.00
0.10	2350.57	2364.12	2154.70	2362.19	2355.95	2318.77	0.35	0.21	1.48	-195.87	-195.07	-177.06	7.36	7.30	7.78	1845.21	539.38	107.98	0.00	0.00	0.00	0.00
0.00	2350.45	2363.64	2175.66	2361.99	2355.75	2318.57	0.35	0.22	1.38	-196.17	-195.39	-177.76	7.36	7.30	7.73	1845.21	539.38	107.98	0.00	0.00	0.00	0.00
