20.00	2341.75	2354.36	2188.70	2425.55	2419.75	2385.65	0.69	0.56	1.56	15.91	17.34	44.05	7.57	7.52	7.84	0.00	0.00	0.00	0.00	0.00	0.00	0.00
19.90	2341.75	2354.67	2160.41	2425.55	2419.75	2385.65	0.69	0.55	1.71	15.91	17.34	44.34	7.57	7.52	7.90	0.00	0.00	0.00	0.00	0.00	0.00	0.00
19.80	2341.75	2354.51	2176.51	2425.55	2419.75	2385.65	0.69	0.56	1.62	15.77	17.18	43.86	7.57	7.52	7.87	0.00	0.00	0.00	0.00	0.00	0.00	0.00
19.70	2341.75	2354.46	2182.46	2425.55	2419.75	2385.65	0.69	0.56	1.59	15.62	17.05	43.72	7.57	7.52	7.85	0.00	0.00	0.00	0.00	0.00	0.00	0.00
19.60	2341.75	2354.67	2159.99	2425.55	2419.75	2385.65	0.69	0.55	1.71	15.51	16.90	43.61	7.57	7.52	7.90	0.00	0.00	0.00	0.00	0.00	0.00	0.00
19.50	2341.75	2354.41	2180.33	2425.55	2419.75	2385.65	0.69	0.56	1.60	15.41	16.78	42.66	7.57	7.52	7.86	0.00	0.00	0.00	0.00	0.00	0.00	0.00
19.40	2341.75	2354.42	2177.68	2425.55	2419.75	2385.65	0.69	0.56	1.62	15.34	16.71	42.67	7.57	7.52	7.86	0.00	0.00	0.00	0.00	0.00	0.00	0.00
19.30	2341.75	2354.62	2161.99	2425.55	2419.75	2385.65	0.69	0.56	1.70	15.18	16.56	42.90	7.57	7.52	7.89	0.00	0.00	0.00	0.00	0.00	0.00	0.00
19.20	2341.75	2354.35	2186.82	2425.55	2419.75	2385.65	0.69	0.56	1.57	14.91	16.29	42.10	7.57	7.52	7.84	0.00	0.00	0.00	0.00	0.00	0.00	0.00
19.10	2341.75	2354.66	2158.39	2425.55	2419.75	2385.65	0.69	0.56	1.72	14.58	15.92	41.74	7.57	7.52	7.90	0.00	0.00	0.00	0.00	0.00	0.00	0.00
19.00	2341.75	2354.35	2186.57	2425.55	2419.75	2385.65	0.69	0.56	1.57	14.21	15.51	40.93	7.57	7.52	7.85	0.00	0.00	0.00	0.00	0.00	0.00	0.00
18.90	2341.75	2354.65	2159.87	2425.55	2419.75	2385.65	0.69	0.56	1.71	13.82	15.15	40.91	7.57	7.52	7.90	0.00	0.00	0.00	0.00	0.00	0.00	0.00
18.80	2341.75	2354.38	2186.14	2425.55	2419.75	2385.65	0.69	0.56	1.58	13.51	14.81	40.24	7.57	7.52	7.85	0.00	0.00	0.00	0.00	0.00	0.00	0.00
18.70	2341.97	2401.29	2184.29	2425.55	2419.75	2385.65	0.69	0.37	1.60	12.96	-6.14	20.82	7.57	7.38	7.85	0.00	0.12	0.00	0.00	0.03	0.00	0.03
18.60	2343.08	2556.59	2243.66	2425.55	2419.75	2385.67	0.68	-0.19	1.34	12.02	-69.41	-39.85	7.56	6.98	7.72	0.00	3.52	0.00	0.00	0.00	0.00	0.00
18.50	2341.78	2354.44	2171.78	2425.57	2419.80	2386.02	0.69	0.56	1.66	12.05	13.21	34.41	7.57	7.52	7.88	0.00	3.99	0.02	0.00	0.01	0.00	0.01
18.40	2342.43	2460.79	2208.82	2425.62	2419.82	2385.76	0.69	0.15	1.49	11.28	-32.47	-3.48	7.57	7.21	7.80	0.00	4.98	0.20	0.00	0.02	0.00	0.02
18.30	2342.72	2502.42	2225.13	2425.66	2419.88	2386.11	0.69	-0.00	1.42	10.62	-49.71	-20.60	7.56	7.11	7.76	0.00	7.43	0.20	0.00	0.01	0.00	0.01
18.20	2341.95	2354.12	2165.49	2425.73	2419.96	2386.12	0.69	0.56	1.68	10.34	11.66	37.03	7.57	7.52	7.89	0.00	8.56	0.20	0.00	0.00	0.00	0.00
18.10	2342.05	2354.20	2164.51	2425.84	2420.04	2385.98	0.69	0.56	1.69	9.28	10.80	36.54	7.57	7.52	7.89	0.00	8.56	0.20	0.00	0.00	0.00	0.00
18.00	2342.10	2354.29	2162.58	2425.89	2420.09	2386.01	0.69	0.56	1.70	8.42	9.96	35.51	7.57	7.52	7.89	0.00	8.56	0.20	0.00	0.00	0.00	0.00
17.90	2342.13	2354.36	2161.42	2425.93	2420.13	2386.04	0.69	0.56	1.71	7.50	9.04	34.47	7.57	7.52	7.90	0.00	8.56	0.20	0.00	0.00	0.00	0.00
17.80	2342.17	2362.51	2165.83	2425.95	2420.15	2386.06	0.69	0.53	1.69	6.80	4.68	30.68	7.57	7.50	7.89	0.00	8.57	0.20	0.00	0.01	0.00	0.01
17.70	2342.72	2457.39	2206.80	2425.96	2420.16	2386.07	0.69	0.16	1.50	5.76	-36.24	-7.36	7.57	7.22	7.80	0.00	9.60	0.20	0.00	0.03	0.00	0.03
17.60	2343.33	2559.62	2246.41	2425.98	2420.19	2386.19	0.69	-0.20	1.33	4.66	-76.93	-46.63	7.56	6.98	7.71	0.00	12.55	0.20	0.00	0.04	0.00	0.04
17.50	2343.07	2491.62	2222.69	2426.00	2420.22	2386.54	0.69	0.04	1.44	3.85	-51.75	-24.21	7.56	7.13	7.77	0.00	16.66	0.20	0.00	0.01	0.00	0.01
17.40	2342.24	2355.28	2173.66	2426.07	2420.31	2386.90	0.69	0.56	1.65	3.34	4.12	21.86	7.57	7.52	7.87	0.00	17.37	0.58	0.00	0.01	0.00	0.01
17.30	2337.29	2457.87	2212.27	2426.46	2421.03	2391.61	0.73	0.18	1.50	1.43	-42.73	-11.20	7.58	7.23	7.80	0.00	18.34	0.63	0.00	0.04	0.00	0.04
17.20	2334.41	2602.13	2270.06	2427.70	2422.51	2394.23	0.76	-0.31	1.27	0.83	-99.55	-66.52	7.59	6.90	7.67	0.00	21.96	0.63	0.00	0.06	0.00	0.06
17.10	2331.62	2701.36	2340.76	2429.64	2424.30	2397.35	0.79	-0.61	0.99	0.81	-134.63	-99.18	7.60	6.75	7.49	0.00	28.32	0.63	0.00	0.06	0.00	0.06
17.00	2329.21	2635.67	2300.56	2431.15	2426.14	2399.95	0.81	-0.39	1.18	1.27	-113.63	-91.76	7.61	6.85	7.61	0.00	34.61	0.73	0.00	0.05	0.02	0.07
16.90	2327.04	2573.94	2312.74	2432.99	2428.08	2403.26	0.83	-0.17	1.14	1.80	-92.82	-94.87	7.63	6.97	7.59	0.00	39.65	2.82	0.02	0.04	0.01	0.07
16.80	2347.41	2523.13	2251.33	2434.93	2430.07	2406.41	0.76	0.02	1.40	-7.22	-72.77	-39.67	7.58	7.08	7.75	2.43	43.48	3.57	0.07	0.02	0.00	0.09
16.70	2369.37	2499.57	2242.94	2436.75	2431.98	2408.01	0.68	0.12	1.44	-16.92	-64.17	-30.66	7.52	7.15	7.77	9.32	45.97	3.57	0.12	0.03	0.00	0.14
16.60	2393.13	2574.61	2271.95	2438.70	2433.80	2409.20	0.60	-0.13	1.33	-27.61	-93.37	-59.81	7.46	6.98	7.70	20.92	48.83	3.57	0.16	0.04	0.00	0.20
16.50	2416.98	2648.11	2297.10	2440.19	2435.51	2411.05	0.52	-0.37	1.23	-38.25	-120.55	-84.59	7.40	6.85	7.65	37.25	52.70	3.57	0.21	0.05	0.00	0.26
16.40	2441.00	2735.96	2354.98	2441.81	2437.14	2413.56	0.43	-0.63	1.00	-49.11	-151.00	-116.88	7.33	6.73	7.50	58.33	57.70	3.57	0.27	0.06	0.01	0.34
16.30	2475.98	2808.08	2367.62	2443.30	2438.73	2415.95	0.31	-0.84	0.99	-63.47	-175.13	-155.29	7.24	6.64	7.47	85.15	63.85	4.21	0.35	0.05	0.02	0.42
16.20	2517.80	2742.11	2359.55	2444.83	2440.34	2419.00	0.16	-0.64	1.03	-79.40	-155.42	-149.97	7.13	6.72	7.50	120.14	69.08	5.86	0.44	0.03	0.03	0.49
16.10	2562.23	2681.36	2359.13	2446.39	2441.98	2421.40	0.01	-0.44	1.04	-95.41	-136.08	-145.01	7.03	6.81	7.51	163.90	72.26	8.36	0.53	0.01	0.03	0.57
16.00	2606.49	2623.90	2348.72	2447.98	2443.61	2423.27	-0.13	-0.25	1.09	-110.77	-116.98	-140.17	6.95	6.90	7.54	216.74	73.44	11.65	0.60	0.00	0.04	0.64
15.90	2641.56	2644.06	2374.39	2449.61	2445.21	2425.00	-0.24	-0.31	0.98	-123.12	-124.28	-142.41	6.88	6.87	7.48	277.06	73.45	15.21	0.67	0.00	0.03	0.70
15.80	2676.24	2676.68	2378.95	2451.13	2446.76	2426.59	-0.35	-0.41	0.97	-135.57	-136.14	-145.27	6.83	6.82	7.47	344.09	73.45	18.27	0.74	0.00	0.03	0.76
15.70	2711.84	2710.45	2366.40	2452.62	2448.26	2428.18	-0.45	-0.51	1.04	-148.10	-148.11	-147.96	6.78	6.78	7.51	417.96	73.45	20.80	0.79	0.00	0.02	0.81
15.60	2725.32	2723.66	2360.17	2454.01	2449.71	2429.73	-0.49	-0.54	1.07	-153.39	-153.31	-147.45	6.76	6.76	7.53	497.09	73.45	22.86	0.80	0.00	0.02	0.82
15.50	2728.86	2726.80	2353.31	2455.40	2451.11	2431.18	-0.50	-0.55	1.10	-155.49	-155.20	-145.95	6.76	6.76	7.55	576.96	73.45	24.68	0.80	0.00	0.02	0.82
15.40	2732.74	2730.39	2364.85	2456.73	2452.44	2432.47	-0.50	-0.55	1.05	-157.59	-157.09	-144.73	6.76	6.75	7.52	657.42	73.45	26.29	0.81	0.03	0.01	0.85
15.30	2736.98	2993.98	2403.98	2457.97	2453.68	2433.67	-0.51	-1.28	0.93	-159.74	-234.05	-195.17	6.75	6.49	7.42	738.35	76.52	26.80	0.78	0.05	0.00	0.83
15.20	2706.86	2963.28	2400.58	2459.16	2454.86	2435.13	-0.41	-1.20	0.95	-151.18	-227.02	-200.27	6.80	6.52	7.43	816.05	82.02	26.88	0.72	0.04	0.04	0.79
15.10	2677.36	2877.88	2440.89	2460.28	2456.09	2437.47	-0.32	-0.97	0.84	-142.50	-206.79	-246.55	6.84	6.59	7.32	887.65	86.33	30.40	0.66	0.03	0.09	0.78
15.00	2649.27	2813.56	2472.60	2461.48	2457.38	2440.13	-0.22	-0.78	0.77	-133.86	-191.44	-296.28	6.89	6.66	7.24	953.42	89.77	39.27	0.62	0.03	0.13	0.78
14.90	2649.98	2763.44	2478.63	2462.82	2458.85	2443.93	-0.22	-0.63	0.76	-134.00	-176.78	-297.02	6.90	6.72	7.23	1015.57	92.38	52.41	0.66	0.01	0.12	0.79
14.80	2671.04	2723.66	2468.29	2464.32	2460.53	2447.64	-0.28	-0.50	0.79	-140.18	-162.74	-271.47	6.86	6.78	7.27	1081.12	93.85	64.40	0.70	0.01	0.09	0.79
14.70	2693.98	2823.63	2410.69	2466.19	2462.27	2448.76	-0.35	-0.80	0.95	-146.33	-187.64	-188.25	6.83	6.66	7.44	1150.87	94.70	72.99	0.70	0.06	0.00	0.76
14.60	2654.85	3060.13	2459.29	2467.93	2463.95	2448.33	-0.22	-1.42	0.76	-132.58	-250.24	-211.04	6.90	6.45	7.30	1220.94	100.75	73.25	0.51	0.08	0.00	0.59
14.50	2560.24	2941.49	2395.00	2470.18	2465.53	2440.63	0.09	-1.13	0.98	-98.68	-217.29	-183.43	7.09	6.55	7.46	1272.32	108.32	73.25	0.30	0.07	0.00	0.37
14.40	2462.87	2818.46	2379.03	2470.50	2465.65	2438.86	0.43	-0.80	1.02	-65.89	-184.53	-165.16	7.35	6.67	7.50	1302.33	115.30	73.39	0.08	0.10	0.00	0.17
14.30	2360.16	3044.40	2407.72	2469.97	2464.93	2436.58	0.82	-1.42	0.92	-29.48	-250.19	-216.13	7.63	6.46	7.41	1309.84	124.83	73.86	0.00	0.14	0.00	0.14
14.20	2365.06	3122.39	2445.66	2468.86	2463.77	2434.42	0.78	-1.62	0.76	-35.95	-272.90	-239.08	7.62	6.41	7.30	1309.84	138.52	73.86	0.00	0.15	0.00	0.15
14.10	2369.03	3168.94	2430.53	2467.66	2462.38	2432.40	0.75	-1.74	0.83	-41.15	-286.89	-253.42	7.60	6.38	7.34	1309.84	153.68	73.86	0.01	0.12	0.01	0.13
14.00	2390.73	2867.37	2430.59	2466.18	2460.88	2430.22	0.64	-1.01	0.77	-53.23	-212.43	-213.14	7.54	6.61	7.33	1310.37	165.63	74.50	0.13	0.08	0.02	0.23
13.90	2450.22	2869.97	2406.75	2464.75	2459.33	2428.15	0.39	-1.03	0.87	-78.67	-215.50	-221.12	7.37	6.60	7.39	1323.22	173.81	76.97	0.12	0.08	0.03	0.23
13.80	2425.27	2862.86	2414.94	2463.32	2457.76	2426.19	0.47	-1.03	0.82	-71.12	-215.45	-228.07	7.44	6.61	7.36	1334.94	181.87	79.97	0.06	0.07	0.04	0.18
13.70	2401.29	2732.22	2424.03	2461.82	2456.18	2424.21	0.55	-0.67	0.76	-63.59	-179.23	-224.77	7.50	6.76	7.33	1341.39	189.06	84.18	0.01	0.06	0.06	0.13
13.60	2379.98	2698.59	2426.92	2460.32	2454.59	2422.29	0.61	-0.58	0.74	-56.79	-170.07	-220.20	7.56	6.80	7.32	1342.88	194.91	89.89	0.00	0.06	0.05	0.10
13.50	2381.60	2682.25	2363.54	2458.76	2453.01	2420.39	0.59	-0.54	0.98	-58.94	-164.89	-192.12	7.55	6.82	7.49	1342.88	200.53	94.44	0.00	0.05	0.03	0.08
13.40	2382.96	2666.16	2345.46	2457.16	2451.37	2418.08	0.58	-0.50	1.01	-60.74	-159.68	-164.44	7.54	6.85	7.54	1342.88	205.84	97.27	0.00	0.05	0.01	0.06
13.30	2387.93	2647.17	2322.07	2455.56	2449.70	2415.72	0.54	-0.46	1.09	-63.42	-153.23	-141.56	7.52	6.88	7.59	1342.98	210.84	98.58	0.03	0.06	0.01	0.11
13.20	2415.29	2811.82	2392.15	2453.99	2448.00	2412.98	0.42	-0.96	0.81	-74.35	-205.32	-196.13	7.44	6.65	7.39	1346.47	216.52	100.06	0.08	0.13	0.00	0.21
13.10	2435.74	3379.62	2442.79	2452.24	2446.71	2417.39	0.36	-2.28	0.75	-85.50	-345.53	-306.57	7.38	6.26	7.26	1354.95	229.18	100.39	0.14	0.14	0.01	0.29
13.00	2459.95	2981.89	2437.25	2451.63	2446.37	2420.19	0.29	-1.38	0.74	-96.15	-257.85	-266.31	7.31	6.49	7.28	1369.25	243.35	101.32	0.21	0.11	0.04	0.35
12.90	2487.49	3208.63	2433.49	2451.60	2446.57	2422.66	0.20	-1.90	0.81	-107.05	-312.40	-298.51	7.23	6.35	7.30	1389.97	253.95	105.19	0.26	0.16	0.02	0.44
12.80	2510.19	2719.26	2449.32	2452.04	2447.14	2425.55	0.14	-0.62	0.75	-115.57	-188.59	-288.18	7.17	6.76	7.26	1416.35	269.58	107.17	0.32	0.04	0.01	0.37
12.70	2533.71	2759.84	2374.06	2452.77	2448.01	2427.71	0.07	-0.73	0.96	-123.80	-194.66	-162.12	7.11	6.71	7.48	1448.48	273.80	108.16	0.37	0.04	0.00	0.42
12.60	2558.26	2783.85	2374.72	2453.70	2449.07	2429.32	-0.01	-0.79	0.97	-132.09	-201.80	-168.43	7.06	6.68	7.49	1485.85	278.08	108.16	0.43	0.04	0.00	0.47
12.50	2583.32	2807.97	2412.83	2454.79	2450.24	2430.61	-0.08	-0.85	0.82	-140.45	-208.89	-174.96	7.01	6.66	7.38	1528.46	282.37	108.16	0.48	0.04	0.00	0.52
12.40	2607.63	2828.02	2363.04	2455.97	2451.47	2431.88	-0.15	-0.89	1.05	-148.54	-214.88	-180.32	6.96	6.64	7.53	1576.27	286.67	108.16	0.52	0.03	0.00	0.55
12.30	2622.57	2770.01	2359.89	2457.18	2452.69	2433.06	-0.19	-0.71	1.06	-153.59	-197.95	-164.43	6.93	6.70	7.54	1628.00	290.16	108.16	0.55	0.02	0.00	0.57
12.20	2637.49	2714.27	2343.81	2458.33	2453.88	2434.19	-0.23	-0.53	1.13	-158.67	-181.21	-148.95	6.91	6.78	7.58	1682.90	292.27	108.16	0.57	0.01	0.00	0.58
12.10	2634.47	2658.37	2321.22	2459.45	2455.01	2435.18	-0.21	-0.35	1.23	-158.17	-163.81	-132.63	6.92	6.87	7.65	1740.36	293.03	108.16	0.47	0.02	0.00	0.50
12.00	2559.79	2813.26	2388.11	2460.49	2456.09	2436.12	0.05	-0.81	0.96	-134.23	-212.19	-177.98	7.07	6.66	7.47	1787.76	295.28	108.16	0.33	0.08	0.00	0.40
11.90	2489.89	3038.57	2414.93	2461.52	2457.09	2436.69	0.31	-1.40	0.91	-110.64	-273.57	-236.75	7.25	6.46	7.39	1820.46	302.99	108.16	0.19	0.14	0.00	0.33
11.80	2424.28	3316.74	2463.72	2462.45	2458.02	2437.33	0.57	-2.02	0.77	-87.26	-337.47	-297.98	7.44	6.30	7.26	1839.31	316.90	108.16	0.06	0.21	0.00	0.26
11.70	2363.08	3485.87	2491.57	2463.30	2458.87	2437.89	0.82	-2.35	0.70	-64.23	-371.44	-331.54	7.61	6.22	7.18	1845.16	337.40	108.16	0.00	0.21	0.00	0.21
11.60	2360.48	3403.99	2478.34	2464.05	2459.62	2438.12	0.84	-2.19	0.74	-63.53	-355.92	-316.35	7.62	6.26	7.22	1845.16	358.30	108.16	0.00	0.19	0.00	0.19
11.50	2366.12	3334.22	2453.01	2464.92	2460.04	2432.70	0.80	-2.06	0.81	-63.77	-340.55	-303.59	7.60	6.29	7.27	1845.16	377.67	108.16	0.00	0.18	0.00	0.18
11.40	2370.00	3259.19	2442.24	2464.49	2459.45	2430.91	0.77	-1.92	0.82	-66.32	-325.42	-289.60	7.59	6.33	7.30	1845.16	395.47	108.16	0.00	0.16	0.00	0.16
11.30	2373.26	3183.40	2456.38	2463.61	2458.45	2428.88	0.74	-1.77	0.73	-70.10	-310.45	-276.54	7.58	6.37	7.25	1845.16	411.69	108.16	0.00	0.15	0.00	0.15
11.20	2376.12	3109.39	2410.53	2462.53	2457.23	2426.77	0.71	-1.62	0.89	-74.26	-295.64	-262.69	7.57	6.41	7.38	1845.16	426.35	108.16	0.00	0.13	0.00	0.13
11.10	2378.82	3039.78	2408.57	2461.22	2455.81	2424.52	0.68	-1.47	0.87	-78.10	-280.88	-248.86	7.56	6.46	7.38	1845.16	439.57	108.16	0.00	0.12	0.00	0.12
11.00	2381.25	2974.65	2417.97	2459.82	2454.31	2422.28	0.65	-1.32	0.80	-81.33	-266.16	-234.96	7.55	6.51	7.34	1845.16	451.42	108.16	0.00	0.11	0.00	0.11
10.90	2383.34	2912.61	2370.68	2458.38	2452.76	2420.10	0.62	-1.17	0.98	-84.22	-251.53	-221.09	7.54	6.56	7.47	1845.16	461.99	108.16	0.00	0.09	0.00	0.09
10.80	2385.21	2853.16	2382.99	2456.80	2451.13	2417.86	0.59	-1.03	0.89	-87.00	-236.95	-208.16	7.53	6.61	7.43	1845.16	471.34	108.16	0.00	0.08	0.00	0.08
10.70	2386.69	2797.22	2373.15	2455.24	2449.47	2415.72	0.57	-0.89	0.91	-89.32	-222.47	-195.08	7.52	6.67	7.45	1845.16	479.53	108.16	0.00	0.07	0.00	0.07
10.60	2387.86	2742.98	2365.63	2453.66	2447.77	2413.61	0.55	-0.74	0.91	-91.33	-207.91	-181.77	7.52	6.73	7.47	1845.16	486.63	108.16	0.00	0.06	0.00	0.06
10.50	2388.82	2692.15	2325.86	2451.90	2446.02	2411.42	0.53	-0.60	1.07	-93.32	-193.59	-168.21	7.51	6.80	7.57	1845.16	492.69	108.16	0.00	0.05	0.00	0.05
10.40	2389.46	2642.51	2308.64	2450.15	2444.23	2409.28	0.52	-0.46	1.12	-95.12	-179.26	-154.98	7.50	6.87	7.61	1845.16	497.75	108.16	0.00	0.04	0.00	0.04
10.30	2389.83	2592.14	2277.31	2448.29	2442.41	2407.11	0.50	-0.31	1.25	-96.81	-164.29	-140.29	7.50	6.96	7.69	1845.16	501.84	108.16	0.00	0.03	0.00	0.03
10.20	2390.05	2549.15	2261.62	2446.53	2440.60	2405.05	0.49	-0.17	1.30	-98.26	-151.01	-128.59	7.49	7.05	7.72	1845.16	504.99	108.16	0.00	0.02	0.00	0.02
10.10	2390.06	2505.07	2245.88	2444.88	2438.83	2403.07	0.48	-0.03	1.35	-99.51	-136.73	-115.69	7.49	7.15	7.75	1845.16	507.33	108.16	0.00	0.01	0.00	0.01
10.00	2389.92	2456.13	2226.78	2443.16	2437.08	2401.11	0.47	0.14	1.43	-100.73	-120.12	-100.51	7.48	7.28	7.79	1845.16	508.82	108.16	0.00	0.01	0.00	0.01
9.90	2389.69	2423.84	2210.85	2441.47	2435.35	2399.19	0.46	0.25	1.49	-101.95	-109.15	-89.56	7.48	7.36	7.82	1845.16	509.49	108.16	0.00	0.00	0.00	0.00
9.80	2389.42	2403.08	2213.35	2439.71	2433.62	2397.27	0.46	0.32	1.46	-103.26	-102.45	-84.68	7.47	7.42	7.81	1845.16	509.56	108.16	0.00	0.00	0.00	0.00
9.70	2389.17	2402.69	2223.86	2438.02	2431.88	2395.38	0.45	0.31	1.40	-104.58	-103.79	-86.21	7.47	7.41	7.79	1845.16	509.56	108.16	0.00	0.00	0.00	0.00
9.60	2388.80	2402.33	2220.93	2436.29	2430.13	2393.48	0.44	0.31	1.41	-105.95	-105.19	-87.96	7.47	7.41	7.79	1845.16	509.56	108.16	0.00	0.00	0.00	0.00
9.50	2388.31	2402.02	2199.09	2434.47	2428.38	2391.53	0.44	0.30	1.51	-107.43	-106.61	-89.35	7.46	7.41	7.83	1845.16	509.56	108.16	0.00	0.00	0.00	0.00
9.40	2387.77	2401.35	2212.00	2432.72	2426.60	2389.67	0.43	0.30	1.44	-108.87	-108.06	-90.76	7.46	7.40	7.80	1845.16	509.56	108.16	0.00	0.00	0.00	0.00
9.30	2387.18	2400.87	2197.30	2431.02	2424.84	2387.86	0.43	0.29	1.50	-110.29	-109.49	-91.54	7.46	7.40	7.83	1845.16	509.56	108.16	0.00	0.00	0.00	0.00
9.20	2386.53	2400.21	2193.42	2429.29	2423.09	2386.08	0.42	0.29	1.52	-111.74	-110.95	-93.06	7.45	7.40	7.83	1845.16	509.56	108.16	0.00	0.00	0.00	0.00
9.10	2385.85	2399.48	2200.31	2427.57	2421.39	2384.34	0.42	0.28	1.48	-113.20	-112.39	-94.66	7.45	7.39	7.81	1845.16	509.56	108.16	0.00	0.00	0.00	0.00
9.00	2385.23	2398.66	2217.84	2426.06	2419.76	2382.71	0.42	0.28	1.38	-114.49	-113.81	-96.47	7.45	7.39	7.77	1845.16	509.56	108.16	0.00	0.00	0.00	0.00
8.90	2384.50	2397.97	2214.52	2424.39	2418.17	2381.07	0.41	0.28	1.39	-115.93	-115.18	-98.03	7.44	7.39	7.78	1845.16	509.56	108.16	0.00	0.00	0.00	0.00
8.80	2383.80	2397.43	2188.63	2422.85	2416.63	2379.51	0.41	0.27	1.52	-117.25	-116.47	-98.65	7.44	7.38	7.83	1845.16	509.56	108.16	0.00	0.00	0.00	0.00
8.70	2383.09	2396.61	2206.86	2421.31	2415.10	2377.95	0.41	0.27	1.42	-118.54	-117.78	-100.54	7.44	7.38	7.79	1845.16	509.56	108.16	0.00	0.00	0.00	0.00
8.60	2382.42	2395.80	2215.11	2419.91	2413.60	2376.46	0.41	0.27	1.37	-119.71	-119.04	-102.05	7.44	7.38	7.76	1845.16	509.56	108.16	0.00	0.00	0.00	0.00
8.50	2381.62	2395.11	2207.84	2418.25	2412.10	2374.91	0.40	0.27	1.40	-121.05	-120.26	-103.40	7.44	7.38	7.78	1845.16	509.56	108.16	0.00	0.00	0.00	0.00
8.40	2380.96	2394.33	2213.18	2416.94	2410.62	2373.46	0.40	0.26	1.37	-122.08	-121.41	-104.36	7.43	7.38	7.76	1845.16	509.56	108.16	0.00	0.00	0.00	0.00
8.30	2380.17	2393.69	2200.78	2415.37	2409.15	2371.95	0.40	0.26	1.43	-123.28	-122.53	-105.45	7.43	7.37	7.79	1845.16	509.56	108.16	0.00	0.00	0.00	0.00
8.20	2379.35	2405.21	2204.83	2413.64	2407.62	2370.41	0.40	0.21	1.40	-124.54	-128.46	-111.95	7.43	7.34	7.77	1845.16	509.58	108.16	0.00	0.00	0.00	0.00
8.10	2378.70	2392.19	2179.23	2412.51	2406.27	2369.07	0.40	0.26	1.53	-125.28	-124.53	-106.90	7.43	7.37	7.83	1845.16	509.93	108.16	0.00	0.00	0.00	0.00
8.00	2377.96	2391.57	2199.48	2411.10	2404.91	2367.74	0.39	0.26	1.42	-126.20	-125.40	-107.80	7.43	7.37	7.78	1845.16	509.93	108.16	0.00	0.00	0.00	0.00
7.90	2377.31	2390.81	2175.71	2409.86	2403.62	2366.40	0.39	0.26	1.53	-126.97	-126.21	-108.51	7.42	7.37	7.83	1845.16	509.93	108.16	0.00	0.00	0.00	0.00
7.80	2376.64	2390.17	2178.48	2408.60	2402.36	2365.14	0.39	0.25	1.52	-127.68	-126.89	-108.77	7.42	7.36	7.82	1845.16	509.93	108.16	0.00	0.00	0.00	0.00
7.70	2375.96	2389.54	2183.76	2407.32	2401.12	2363.88	0.39	0.25	1.49	-128.32	-127.51	-109.42	7.42	7.36	7.81	1845.16	509.93	108.16	0.00	0.00	0.00	0.00
7.60	2375.34	2388.88	2175.30	2406.17	2399.92	2362.70	0.39	0.25	1.52	-128.82	-128.03	-109.80	7.42	7.36	7.82	1845.16	509.93	108.16	0.00	0.00	0.00	0.00
7.50	2374.68	2388.12	2184.36	2404.96	2398.74	2361.51	0.39	0.25	1.47	-129.26	-128.44	-110.08	7.42	7.36	7.80	1845.16	509.93	108.16	0.00	0.00	0.00	0.00
7.40	2374.05	2387.39	2205.63	2403.80	2397.58	2360.34	0.39	0.25	1.36	-129.60	-128.75	-110.31	7.42	7.36	7.75	1845.16	509.93	108.16	0.00	0.00	0.00	0.00
7.30	2373.44	2386.96	2173.72	2402.68	2396.43	2359.20	0.38	0.25	1.52	-129.85	-129.00	-110.10	7.41	7.36	7.82	1845.16	509.93	108.16	0.00	0.00	0.00	0.00
7.20	2372.79	2386.14	2204.17	2401.49	2395.29	2358.05	0.38	0.25	1.36	-130.09	-129.23	-110.50	7.41	7.36	7.75	1845.16	509.93	108.16	0.00	0.00	0.00	0.00
7.10	2372.23	2385.49	2204.50	2400.46	2394.16	2356.93	0.38	0.25	1.36	-130.31	-129.46	-110.57	7.41	7.35	7.75	1845.16	509.93	108.16	0.00	0.00	0.00	0.00
7.00	2371.60	2384.88	2200.39	2399.34	2393.03	2355.81	0.38	0.25	1.37	-130.57	-129.72	-110.69	7.41	7.35	7.75	1845.16	509.93	108.16	0.00	0.00	0.00	0.00
6.90	2370.95	2384.35	2174.18	2398.15	2391.92	2354.69	0.38	0.24	1.50	-130.86	-130.02	-111.31	7.41	7.35	7.81	1845.16	509.93	108.16	0.00	0.00	0.00	0.00
6.80	2370.36	2383.79	2168.31	2397.08	2390.83	2353.60	0.38	0.24	1.53	-131.14	-130.31	-111.56	7.41	7.35	7.82	1845.16	509.93	108.16	0.00	0.00	0.00	0.00
6.70	2369.80	2394.07	2181.62	2396.03	2389.80	2352.57	0.38	0.20	1.46	-131.47	-134.85	-115.32	7.41	7.32	7.79	1845.16	509.94	108.16	0.00	0.02	0.00	0.02
6.60	2370.09	2544.51	2227.59	2395.06	2388.82	2351.59	0.37	-0.34	1.27	-132.11	-188.39	-163.93	7.40	6.94	7.68	1845.16	511.63	108.16	0.00	0.05	0.00	0.05
6.50	2370.62	2723.21	2278.98	2394.14	2387.89	2350.66	0.37	-0.91	1.07	-132.86	-244.00	-217.02	7.40	6.67	7.54	1845.16	516.27	108.16	0.00	0.07	0.00	0.07
6.40	2370.21	2727.26	2309.85	2393.23	2387.00	2349.77	0.37	-0.92	0.93	-133.27	-245.78	-219.75	7.40	6.67	7.45	1845.16	523.38	108.16	0.00	0.06	0.00	0.06
6.30	2369.37	2665.02	2268.96	2392.37	2386.14	2348.91	0.37	-0.74	1.10	-133.51	-227.88	-202.81	7.40	6.74	7.56	1845.16	529.41	108.16	0.00	0.05	0.00	0.05
6.20	2368.56	2605.85	2249.41	2391.54	2385.30	2348.08	0.37	-0.55	1.17	-133.75	-210.11	-186.17	7.40	6.83	7.61	1845.16	534.28	108.16	0.00	0.04	0.00	0.04
6.10	2367.77	2549.32	2248.31	2390.72	2384.48	2347.26	0.37	-0.37	1.16	-133.99	-192.42	-169.58	7.40	6.92	7.61	1845.16	538.05	108.16	0.00	0.03	0.00	0.03
6.00	2367.00	2490.31	2207.07	2389.93	2383.68	2346.46	0.37	-0.17	1.34	-134.21	-173.37	-151.17	7.40	7.05	7.72	1845.16	540.68	108.16	0.00	0.02	0.00	0.02
5.90	2366.26	2443.68	2190.89	2389.12	2382.89	2345.67	0.37	-0.00	1.41	-134.45	-157.46	-137.24	7.40	7.16	7.75	1845.16	542.37	108.16	0.00	0.01	0.00	0.01
5.80	2365.52	2393.07	2182.63	2388.30	2382.10	2344.87	0.37	0.18	1.43	-134.67	-139.39	-121.44	7.40	7.30	7.77	1845.16	543.10	108.16	0.00	0.00	0.00	0.00
5.70	2365.00	2378.41	2167.32	2387.56	2381.33	2344.11	0.37	0.23	1.50	-134.92	-134.07	-115.29	7.39	7.34	7.80	1845.16	543.15	108.16	0.00	0.00	0.00	0.00
5.60	2364.59	2377.90	2183.77	2386.84	2380.56	2343.35	0.37	0.23	1.42	-135.19	-134.38	-116.06	7.39	7.34	7.76	1845.16	543.15	108.16	0.00	0.00	0.00	0.00
5.50	2364.13	2377.58	2169.77	2386.01	2379.79	2342.56	0.37	0.23	1.48	-135.48	-134.66	-116.19	7.39	7.33	7.79	1845.16	543.15	108.16	0.00	0.00	0.00	0.00
5.40	2363.69	2377.05	2179.64	2385.24	2379.03	2341.80	0.37	0.23	1.43	-135.74	-134.89	-116.24	7.39	7.33	7.77	1845.16	543.15	108.16	0.00	0.00	0.00	0.00
5.30	2363.29	2376.73	2161.76	2384.52	2378.27	2341.05	0.37	0.23	1.52	-135.99	-135.15	-116.35	7.39	7.33	7.81	1845.16	543.15	108.16	0.00	0.00	0.00	0.00
5.20	2362.87	2376.18	2177.38	2383.76	2377.52	2340.30	0.37	0.23	1.44	-136.28	-135.47	-117.18	7.39	7.33	7.77	1845.16	543.15	108.16	0.00	0.00	0.00	0.00
5.10	2362.44	2375.74	2173.39	2383.00	2376.77	2339.55	0.37	0.23	1.46	-136.63	-135.79	-117.03	7.39	7.33	7.78	1845.16	543.15	108.16	0.00	0.00	0.00	0.00
5.00	2362.02	2375.31	2167.73	2382.26	2376.03	2338.81	0.37	0.23	1.48	-137.05	-136.23	-118.02	7.39	7.33	7.79	1845.16	543.15	108.16	0.00	0.00	0.00	0.00
4.90	2361.60	2374.91	2161.45	2381.52	2375.30	2338.07	0.37	0.23	1.51	-137.52	-136.72	-118.82	7.39	7.33	7.80	1845.16	543.15	108.16	0.00	0.00	0.00	0.00
4.80	2361.22	2374.54	2157.33	2380.84	2374.60	2337.39	0.37	0.23	1.53	-138.02	-137.25	-119.38	7.39	7.33	7.81	1845.16	543.15	108.16	0.00	0.00	0.00	0.00
4.70	2360.86	2374.02	2195.99	2380.21	2373.93	2336.73	0.37	0.23	1.34	-138.57	-137.83	-120.30	7.39	7.33	7.72	1845.16	543.15	108.16	0.00	0.00	0.00	0.00
4.60	2360.49	2374.01	2161.55	2379.56	2373.31	2336.10	0.37	0.23	1.51	-139.24	-138.46	-120.41	7.38	7.33	7.80	1845.16	543.15	108.16	0.00	0.00	0.00	0.00
4.50	2360.13	2373.56	2188.91	2378.93	2372.72	2335.50	0.36	0.23	1.37	-139.98	-139.19	-121.98	7.38	7.33	7.73	1845.16	543.15	108.16	0.00	0.00	0.00	0.00
4.40	2359.82	2373.38	2165.66	2378.37	2372.15	2334.94	0.36	0.23	1.48	-140.72	-139.95	-122.66	7.38	7.32	7.79	1845.16	543.15	108.16	0.00	0.00	0.00	0.00
4.30	2359.50	2372.81	2183.27	2377.84	2371.61	2334.40	0.36	0.23	1.39	-141.49	-140.74	-123.67	7.38	7.32	7.74	1845.16	543.15	108.16	0.00	0.00	0.00	0.00
4.20	2359.20	2372.48	2161.73	2377.32	2371.08	2333.87	0.36	0.23	1.50	-142.31	-141.56	-124.25	7.38	7.32	7.79	1845.16	543.15	108.16	0.00	0.00	0.00	0.00
4.10	2358.90	2372.17	2155.66	2376.79	2370.57	2333.36	0.36	0.23	1.53	-143.17	-142.40	-125.31	7.38	7.32	7.81	1845.16	543.15	108.16	0.00	0.00	0.00	0.00
4.00	2358.62	2371.73	2197.71	2376.30	2370.07	2332.86	0.36	0.23	1.31	-144.00	-143.26	-126.72	7.38	7.32	7.71	1845.16	543.15	108.16	0.00	0.00	0.00	0.00
3.90	2358.36	2371.65	2203.45	2375.85	2369.58	2332.39	0.36	0.22	1.29	-144.78	-144.12	-127.58	7.38	7.32	7.69	1845.16	543.15	108.16	0.00	0.00	0.00	0.00
3.80	2358.08	2371.64	2182.44	2375.34	2369.10	2331.90	0.36	0.22	1.39	-145.70	-145.00	-128.40	7.38	7.32	7.74	1845.16	543.15	108.16	0.00	0.00	0.00	0.00
3.70	2357.80	2371.24	2163.03	2374.86	2368.63	2331.42	0.36	0.22	1.48	-146.59	-145.87	-129.16	7.38	7.32	7.79	1845.16	543.15	108.16	0.00	0.00	0.00	0.00
3.60	2357.54	2370.78	2158.31	2374.40	2368.17	2330.96	0.36	0.22	1.50	-147.48	-146.76	-130.24	7.38	7.32	7.79	1845.16	543.15	108.16	0.00	0.00	0.00	0.00
3.50	2357.28	2370.49	2163.29	2373.94	2367.71	2330.51	0.36	0.22	1.48	-148.44	-147.74	-131.33	7.38	7.32	7.78	1845.16	543.15	108.16	0.00	0.00	0.00	0.00
3.40	2357.03	2370.54	2154.09	2373.50	2367.25	2330.05	0.36	0.22	1.52	-149.52	-148.86	-132.50	7.38	7.32	7.80	1845.16	543.15	108.16	0.00	0.00	0.00	0.00
3.30	2356.76	2370.32	2173.77	2373.03	2366.80	2329.60	0.36	0.22	1.42	-150.83	-150.13	-134.10	7.38	7.32	7.76	1845.16	543.15	108.16	0.00	0.00	0.00	0.00
3.20	2356.52	2369.90	2168.21	2372.59	2366.35	2329.15	0.36	0.22	1.45	-152.21	-151.53	-135.35	7.38	7.32	7.77	1845.16	543.15	108.16	0.00	0.00	0.00	0.00
3.10	2356.27	2369.51	2149.83	2372.16	2365.91	2328.71	0.36	0.22	1.54	-153.74	-153.10	-136.98	7.37	7.32	7.81	1845.16	543.15	108.16	0.00	0.00	0.00	0.00
3.00	2356.01	2369.21	2165.80	2371.70	2365.47	2328.27	0.36	0.22	1.46	-155.42	-154.74	-138.87	7.37	7.32	7.77	1845.16	543.15	108.16	0.00	0.00	0.00	0.00
2.90	2355.77	2369.22	2193.64	2371.27	2365.03	2327.83	0.36	0.22	1.32	-157.03	-156.40	-140.94	7.37	7.32	7.70	1845.16	543.15	108.16	0.00	0.00	0.00	0.00
2.80	2355.51	2368.97	2175.38	2370.81	2364.59	2327.39	0.36	0.22	1.41	-158.75	-158.04	-142.49	7.37	7.32	7.75	1845.16	543.15	108.16	0.00	0.00	0.00	0.00
2.70	2355.28	2368.54	2150.11	2370.41	2364.16	2326.97	0.36	0.22	1.53	-160.28	-159.66	-143.86	7.37	7.32	7.80	1845.16	543.15	108.16	0.00	0.00	0.00	0.00
2.60	2355.03	2368.12	2191.31	2369.96	2363.73	2326.53	0.36	0.22	1.32	-161.94	-161.23	-145.52	7.37	7.32	7.71	1845.16	543.15	108.16	0.00	0.00	0.00	0.00
2.50	2354.79	2368.34	2155.66	2369.55	2363.31	2326.12	0.36	0.22	1.50	-163.49	-162.82	-146.58	7.37	7.31	7.79	1845.16	543.15	108.16	0.00	0.00	0.00	0.00
2.40	2354.55	2368.04	2159.61	2369.12	2362.88	2325.69	0.36	0.22	1.48	-165.12	-164.46	-148.71	7.37	7.31	7.78	1845.16	543.15	108.16	0.00	0.00	0.00	0.00
2.30	2354.32	2367.53	2147.32	2368.72	2362.47	2325.28	0.36	0.22	1.54	-166.71	-166.09	-150.33	7.37	7.31	7.81	1845.16	543.15	108.16	0.00	0.00	0.00	0.00
2.20	2354.08	2367.32	2182.72	2368.29	2362.05	2324.86	0.36	0.22	1.36	-168.37	-167.73	-152.32	7.37	7.31	7.72	1845.16	543.15	108.16	0.00	0.00	0.00	0.00
2.10	2353.85	2367.44	2179.40	2367.89	2361.65	2324.46	0.36	0.22	1.38	-170.03	-169.38	-153.76	7.37	7.31	7.73	1845.16	543.15	108.16	0.00	0.00	0.00	0.00
2.00	2353.62	2366.91	2157.20	2367.48	2361.24	2324.05	0.36	0.22	1.49	-171.71	-171.06	-155.49	7.37	7.31	7.78	1845.16	543.15	108.16	0.00	0.00	0.00	0.00
1.90	2353.39	2366.37	2186.20	2367.08	2360.85	2323.66	0.36	0.22	1.34	-173.35	-172.69	-157.43	7.37	7.31	7.71	1845.16	543.15	108.16	0.00	0.00	0.00	0.00
1.80	2353.17	2366.55	2204.49	2366.70	2360.46	2323.27	0.36	0.22	1.25	-174.95	-174.30	-159.16	7.37	7.31	7.67	1845.16	543.15	108.16	0.00	0.00	0.00	0.00
1.70	2352.96	2366.43	2153.40	2366.33	2360.08	2322.90	0.36	0.22	1.50	-176.49	-175.88	-160.25	7.37	7.31	7.79	1845.16	543.15	108.16	0.00	0.00	0.00	0.00
1.60	2352.75	2365.93	2143.76	2365.96	2359.71	2322.53	0.36	0.22	1.55	-178.04	-177.43	-161.73	7.37	7.31	7.81	1845.16	543.15	108.16	0.00	0.00	0.00	0.00
1.50	2352.55	2366.06	2156.47	2365.61	2359.37	2322.19	0.35	0.22	1.49	-179.60	-178.96	-163.25	7.37	7.31	7.78	1845.16	543.15	108.16	0.00	0.00	0.00	0.00
1.40	2352.37	2365.82	2166.82	2365.28	2359.04	2321.86	0.35	0.22	1.43	-181.11	-180.48	-164.92	7.37	7.31	7.76	1845.16	543.15	108.16	0.00	0.00	0.00	0.00
1.30	2352.19	2365.25	2160.21	2364.97	2358.73	2321.55	0.35	0.22	1.46	-182.63	-182.00	-166.44	7.37	7.31	7.77	1845.16	543.15	108.16	0.00	0.00	0.00	0.00
1.20	2352.02	2365.41	2172.77	2364.69	2358.45	2321.27	0.35	0.22	1.40	-184.14	-183.50	-167.90	7.37	7.31	7.74	1845.16	543.15	108.16	0.00	0.00	0.00	0.00
1.10	2351.85	2365.33	2168.20	2364.40	2358.17	2320.99	0.35	0.22	1.42	-185.69	-184.97	-168.93	7.36	7.31	7.75	1845.16	543.15	108.16	0.00	0.00	0.00	0.00
1.00	2351.71	2364.77	2162.77	2364.16	2357.92	2320.74	0.35	0.22	1.45	-187.09	-186.42	-170.34	7.36	7.31	7.76	1845.16	543.15	108.16	0.00	0.00	0.00	0.00
0.90	2351.57	2365.10	2148.25	2363.92	2357.67	2320.49	0.35	0.22	1.52	-188.47	-187.81	-171.57	7.36	7.31	7.80	1845.16	543.15	108.16	0.00	0.00	0.00	0.00
0.80	2351.43	2364.89	2161.61	2363.68	2357.44	2320.26	0.35	0.22	1.45	-189.80	-189.12	-172.89	7.36	7.31	7.76	1845.16	543.15	108.16	0.00	0.00	0.00	0.00
0.70	2351.29	2364.32	2176.49	2363.44	2357.21	2320.03	0.35	0.22	1.38	-191.07	-190.32	-174.01	7.36	7.31	7.73	1845.16	543.15	108.16	0.00	0.00	0.00	0.00
0.60	2351.18	2364.84	2164.12	2363.23	2356.99	2319.81	0.35	0.21	1.44	-192.13	-191.43	-174.89	7.36	7.30	7.76	1845.16	543.15	108.16	0.00	0.00	0.00	0.00
0.50	2351.05	2364.32	2146.55	2363.02	2356.78	2319.60	0.35	0.22	1.53	-193.12	-192.40	-175.26	7.36	7.31	7.80	1845.16	543.15	108.16	0.00	0.00	0.00	0.00
0.40	2350.92	2364.01	2187.37	2362.80	2356.57	2319.39	0.35	0.22	1.32	-194.05	-193.28	-176.18	7.36	7.31	7.70	1845.16	543.15	108.16	0.00	0.00	0.00	0.00
0.30	2350.81	2364.36	2174.72	2362.61	2356.36	2319.19	0.35	0.21	1.38	-194.73	-193.98	-176.14	7.36	7.30	7.73	1845.16	543.15	108.16	0.00	0.00	0.00	0.00
0.20	2350.68	2363.84	2144.96	2362.38	2356.15	2318.97	0.35	0.22	1.53	-195.40	-194.62	-176.79	7.36	7.31	7.80	1845.16	543.15	108.16	0.00	0.00	0.00	0.00
0.10	2350.58	2363.95	2146.85	2362.19	2355.95	2318.77	0.35	0.22	1.52	-195.86	-195.07	-176.93	7.36	7.30	7.79	1845.16	543.15	108.16	0.00	0.00	0.00	0.00
0.00	2350.46	2363.91	2154.43	2361.99	2355.75	2318.57	0.35	0.21	1.48	-196.17	-195.39	-177.53	7.36	7.30	7.78	1845.16	543.15	108.16	0.00	0.00	0.00	0.00
