      20000           0         1.6           0     179.437      354.04     78.9895     14.2831     93.2726     2343.43     2426.93    0.785391      6.5598     39.9574     2049.96      2345.7     2.72671     271.433       0.016     5.73044     4.59858     4.35318     4.39114
      19900           0         1.6           0     179.437      353.13     151.419     29.7361     181.156     2343.43     2426.93    0.785563     6.43382     39.9574     2049.96      2345.7     2.72686     270.633       0.016     5.73044     4.59858     4.35318     4.39114
      19800           0         1.6           0     179.437     352.506     228.894     46.3592     275.253     2343.43     2426.93    0.785735     6.30822     39.9574     2049.96      2345.7     2.72701     270.044       0.016     5.73044     4.59858     4.35318     4.39114
      19700           0         1.6           0     179.437     352.255     299.319     60.5222     359.841     2343.43     2426.93    0.785907     6.19879     39.9574     2049.96      2345.7     2.72716     269.745       0.016     5.73044     4.59858     4.35318     4.39114
      19600           0         1.6           0     179.437      352.29     351.209     72.5053     423.714     2343.43     2426.93    0.786079     6.12087     39.9574     2049.96      2345.7     2.72731     269.689       0.016     5.73044     4.59858     4.35318     4.39114
      19500           0         1.6           0     179.437     350.597     414.692     82.0183      496.71     2343.43     2426.93    0.786251     6.05158     39.9574     2049.96      2345.7     2.72746     268.519       0.016     5.73044     4.59858     4.35318     4.39114
      19400           0         1.6           0     179.437     347.879     487.353     94.1014     581.454     2343.43     2426.93    0.786423     5.90477     39.9574     2049.96      2345.7     2.72761     266.477       0.016     5.73044     4.59858     4.35318     4.39114
      19300           0         1.6           0     179.437     345.374     558.279     106.214     664.494     2343.43     2426.93    0.786595     5.65656     39.9574     2049.96      2345.7     2.72775     264.481       0.016     5.73044     4.59858     4.35318     4.39114
      19200           0         1.6           0     179.437     342.873     620.606     118.358     738.963     2343.43     2426.93    0.786767     5.32496     39.9574     2049.96      2345.7      2.7279     262.498       0.016     5.73044     4.59858     4.35318     4.39114
      19100           0         1.6           0     179.437      342.02     681.386     130.011     811.397     2343.43     2426.93    0.786938     4.94128     39.9574     2049.96      2345.7     2.72805     261.588       0.016     5.73044     4.59858     4.35318     4.39114
      19000           0         1.6           0     179.437     342.156      741.53     142.474     884.004     2343.43     2426.93     0.78711     4.58749     39.9574     2049.96      2345.7      2.7282     261.511       0.016     5.73044     4.59858     4.35318     4.39114
      18900           0         1.6           0     179.437     340.553     800.577     155.747     956.323     2343.43     2426.93    0.787281     4.26219     39.9574     2049.96      2345.7     2.72835      260.36       0.016     5.73044     4.59858     4.35318     4.39114
      18800           0         1.6           0     179.437     337.986     870.831      166.28     1037.11     2343.43     2426.93    0.787452     3.87637     39.9574     2049.96      2345.7      2.7285     258.368       0.016     5.73044     4.59858     4.35318     4.39114
      18700           0         1.6           0     179.437      336.21     952.601     178.113     1130.71     2343.43     2426.93    0.787624     3.41716     39.9574     2049.96      2345.7     2.72864     256.824       0.016     5.73044     4.59858     4.35318     4.39114
      18600           0         1.6           0     179.437     334.818     1047.59     192.576     1240.17     2343.43     2426.93    0.787795     2.92873     39.9574     2049.96      2345.7     2.72879     255.619       0.016     5.73044     4.59858     4.35318     4.39114
      18500           0         1.6           0     179.437     333.482     1150.05     201.259     1351.31     2343.43     2426.93    0.787966     2.42444     39.9574     2049.96      2345.7     2.72894     254.469       0.016     5.73044     4.59858     4.35318     4.39114
      18400           0         1.6           0     179.437     332.205     1219.19     209.492     1428.69     2343.43     2426.93    0.788137      1.9065     39.9574     2049.96      2345.7     2.72909     253.357       0.016     5.73044     4.59858     4.35318     4.39114
      18300           0         1.6           0     179.437     329.228      1275.7     218.075     1493.77     2343.43     2426.93    0.788308     1.34924     39.9574     2049.96      2345.7     2.72924     251.114       0.016     5.73044     4.59858     4.35318     4.39114
      18200           0         1.6           0     179.437       325.2      1360.8     226.658     1587.45     2343.43     2426.93    0.788478    0.672723     39.9574     2049.96      2345.7     2.72938      247.97       0.016     5.73044     4.59858     4.35318     4.39114
      18100           0         1.6           0     179.437     321.768     1469.79     234.714      1704.5     2343.43     2426.93    0.788649   -0.137283     39.9574     2049.96      2345.7     2.72953      245.11       0.016     5.73044     4.59858     4.35318     4.39114
      18000           0         1.6           0     179.437     318.559     1574.09     243.331     1817.42     2343.43     2426.93     0.78882    -1.04056     39.9574     2049.96      2345.7     2.72968     242.443       0.016     5.73044     4.59858     4.35318     4.39114
      17900           0         1.6           0     179.437      317.64     1670.99     253.364     1924.35     2343.43     2426.93     0.78899    -1.98653     39.9574     2049.96      2345.7     2.72983     241.293       0.016     5.73044     4.59858     4.35318     4.39114
      17800           0         1.6           0     179.437     318.134        1766     264.257     2030.25     2343.43     2426.93    0.789161    -2.86227     39.9574     2049.96      2345.7     2.72997     241.331       0.016     5.73044     4.59858     4.35318     4.39114
      17700           0         1.6           0     179.437     316.312     1860.47      274.54     2135.01     2343.43     2426.93    0.789331    -3.66765     39.9574     2049.96      2345.7     2.73012     239.957       0.016     5.73044     4.59858     4.35318     4.39114
      17600           0         1.6           0     179.437     313.229     1943.92     288.828     2232.75     2343.43     2426.93    0.789502    -4.52282     39.9574     2049.96      2345.7     2.73027     237.487       0.016     5.73044     4.59858     4.35318     4.39114
      17500           0         1.6           0     179.437     313.298     2011.35     302.776     2314.12     2343.43     2426.93    0.789672    -5.41147     39.9574     2049.96      2345.7     2.73042     237.026       0.016     5.73044     4.59858     4.35318     4.39114
      17400           0         1.6           0     182.115     344.137     2042.72     312.444     2355.16     2337.81     2427.24    0.817182    -7.03503     39.0482     2090.19     2390.75     2.64272     282.715       0.016      5.7211     4.59193      4.3525     4.39344
      17300           0         1.6           0     182.934     353.815     2073.54     322.233     2395.78     2333.75     2428.42    0.848489    -7.23612     38.2531     2099.33     2400.72     2.62299     291.111       0.016     5.71793     4.58375     4.34297     4.38361
      17200           0         1.6           0      183.39     359.881     2096.59     335.928     2432.52     2330.58     2429.87    0.876868    -7.02974     37.5586     2103.93      2405.7     2.61341     296.236       0.016     5.72125     4.57463     4.32783     4.36492
      17100           0         1.6           0     183.841     363.835     2099.91     350.717     2450.63     2328.02     2431.38    0.901834    -6.64495     36.9519     2107.52     2409.45     2.60581     299.608       0.016     5.72871     4.56346     4.30774     4.33998
      17000           0         1.6           0     184.395     366.328     2106.32     368.422     2474.74     2325.94     2432.88    0.923629    -6.19849      36.422     2110.68     2412.53     2.59894     301.804       0.016     5.73799     4.54879     4.28324     4.31057
      16900           0         1.6           0     185.076     363.157     2119.69     386.971     2506.66     2324.24     2434.34    0.942573    -5.83044     35.9588     2113.56      2415.1     2.59263     299.792       0.016     5.74731     4.52873     4.25519     4.27796
      16800           0         1.6           0     185.879      356.08     2132.94     406.282     2539.22     2322.88     2435.75     0.95898    -5.80695     35.5537     2116.22     2417.24     2.58687      294.26       0.016     5.75543     4.50524     4.22418     4.24311
      16700           0         1.6           0     186.789     347.713     2143.96     427.383     2571.34      2321.8     2437.11     0.97314    -6.22983      35.199      2118.7     2419.03     2.58162     287.424       0.016     5.76158     4.47861      4.5905     4.20736
      16600           0         1.6           0     187.792     338.163     2156.83      452.74     2609.57     2320.95     2438.38    0.985304    -7.09448     34.8882     2121.04     2420.52     2.57681     279.594       0.016     5.76538     4.44944     4.55473     4.57412
      16500           0         1.6           0     188.875     339.172     2164.82     472.218     2637.03      2320.3     2439.58    0.995708    -8.20911     34.6155     2123.26     2421.76      2.5724     279.344       0.016      5.7667     4.41878      4.5183     4.53859
      16400   0.0650992         1.6   0.0650992     190.027      347.24     2171.37     496.159     2667.52     2319.86     2440.77     1.00457    -8.99678      34.376     2125.37     2422.79     2.56833     285.676       0.016     5.76561     4.78854     4.48125     4.50183
      16300    0.112348         1.6     6.62227     191.212      352.22     2187.89     517.463     2705.35     2323.08     2447.49     1.01206    -10.7611     34.1655     2127.45     2423.75     2.56403     290.396       0.016     5.76228      4.7545     4.44395     4.46239
      16200   0.0769971         1.6     17.8217     192.396     355.583     2209.55     544.512     2754.06     2328.38     2457.19     1.01834    -12.9888     33.9801      2129.7     2424.93     2.55896      293.46       0.016     5.75686     4.71872     4.40524     4.41846
      16100   0.0118255         1.6     25.4563     193.589     347.227     2227.64      574.66      2802.3     2331.07     2462.39      1.0236    -13.9385     33.8167     2132.17     2426.37     2.55374     287.829       0.016     5.74942     4.68167     4.76356     4.77619
      16000 0.000150908         1.6     26.6271     194.831     330.975     2235.85     603.532     2839.38     2330.08     2461.47     1.02802     -13.851     33.6725     2134.63     2427.74     2.54936     274.899       0.016     5.74004     4.64406     4.72163     4.73507
      15900 0.000200715         1.6     26.6423     196.131     322.735     2239.28     631.254     2870.53     2328.84     2460.01     1.03167    -14.3444     33.5449     2136.84     2428.76     2.54587     267.158       0.016     5.72891     4.60728     4.68088     4.69667
      15800   0.0258679         1.6      26.688     197.473     319.324     2245.86     656.141        2902     2327.95        2459     1.03458    -15.1829      33.432     2138.83     2429.45     2.54274     264.077       0.016     5.71633       4.971     4.64238     4.66066
      15700   0.0367529         1.6     29.2857     198.838     317.095     2253.26     680.813     2934.07     2328.64     2460.46     1.03681    -16.6911     33.3317     2140.66     2429.95     2.53955     262.191       0.016     5.70267     4.93359      4.6059      4.6258
      15600   0.0415983         1.6     32.9658     200.207     315.893     2262.19     703.366     2965.55     2329.88     2462.67     1.03843    -18.3319     33.2426     2142.47     2430.42     2.53607     261.141       0.016     5.68849     4.89596     4.96956     4.99426
      15500   0.0397862         1.6     37.1238     201.576     313.932     2271.18      725.32      2996.5     2331.25        2465     1.03952    -19.9041     33.1631     2144.29     2430.93     2.53239     259.652       0.016     5.67406      4.8589     4.93477     4.96363
      15400   0.0787175         1.6     41.1414     202.947     311.583     2285.12     746.378      3031.5     2332.43     2466.92     1.04016    -21.3178     33.0921     2146.14     2431.48     2.52863     257.767       0.016     5.65949     4.82302     4.90092      4.9322
      15300       0.134         1.6     49.0684     204.305     310.802     2307.25     769.389     3076.63     2335.66     2472.02     1.04041    -23.4937     33.0283     2148.02      2432.1     2.52453     257.033       0.016     5.64486     5.18977      4.8679     4.89949
      15200    0.176305         1.6     62.5108     205.623     311.039     2330.39     791.839     3122.23     2341.49     2481.15      1.0403    -26.5306     32.9709     2150.08     2432.99      2.5196     257.245       0.016     5.63027     5.15633     4.83495     4.86373
      15100    0.254351         1.6     80.2193     206.884     317.532     2362.58     813.728      3176.3     2348.88     2492.63      1.0399    -29.8043      32.919     2152.44     2434.32     2.51371      262.21       0.016     5.61567     5.12282     4.80095     4.82397
      15000    0.323434         1.6     105.723     208.065     328.339     2408.87     834.966     3243.83     2359.57     2509.21     1.03926    -33.6735     32.8718     2155.19     2436.24     2.50666     271.173       0.016     5.60092     5.08933     5.16359       5.182
      14900    0.379845         1.6     138.123     209.144     336.665     2465.99     854.469     3320.46     2372.64     2529.34     1.03841    -37.6349     32.8288     2158.49     2438.92     2.49825     278.666       0.016     5.58582     5.05575     5.12371     5.13255
      14800    0.360992         1.6     176.089     210.115     343.657     2534.59     873.633     3408.22     2387.12     2551.47     1.03742    -41.4511     32.7892     2162.37     2442.45     2.48862     284.805       0.016      5.5701     5.02205     5.07974     5.07486
      14700           0         1.6     211.827     210.948     334.961     2596.54     891.679     3488.22     2398.65     2568.68     1.03638    -43.7534     32.7525     2166.71     2446.69     2.47899     279.096       0.016     5.55353     5.78997     5.03162     5.01248
      14600           0         1.6     211.827     203.002     266.895      2618.4     924.518     3542.92     2393.09      2549.4     1.00067    -39.2237     33.7363     2146.86     2432.56     2.62473     199.726       0.016     6.39386     5.13782     5.13021     5.00162
      14500           0         1.6     211.827     200.595     240.361     2624.21      963.27     3587.48     2389.05     2534.12    0.967851    -40.2203     34.6823     2137.57     2424.36     2.64841     174.461       0.016     6.57469     4.93275     4.84605     5.04614
      14400           0         1.6     211.827     200.634     223.965     2625.84     1003.99     3629.83     2386.31     2521.68    0.934144    -43.1508     35.5885     2130.52     2415.84     2.65942     159.717       0.016       6.501     4.64488     4.89316     5.11423
      14300           0         1.6     211.827     201.509      209.75     2630.38     1041.63     3672.01     2384.54     2511.28    0.899318    -46.6201     36.4418     2124.57     2407.61     2.66933     148.003       0.016       6.501     4.67929     4.90385     5.18375
      14200           0         1.6     211.827     202.628     197.589     2641.64     1077.56      3719.2     2383.42      2502.4     0.86438    -50.1162     37.2291     2119.36     2399.99     2.67858      138.15       0.016       6.501     4.67082     4.89973     4.83717
      14100           0         1.6     211.827      203.79     191.053     2653.47      1112.1     3765.57     2382.72     2494.74     0.83039    -53.3454     37.9427     2114.74     2393.05     2.68699       132.5       0.016       6.501      4.6409     4.89127     4.87911
      14000           0         1.6     211.827     204.933     188.035     2674.53     1144.15     3818.68     2382.25     2488.02    0.798112    -56.0616     38.5803     2110.65     2386.78     2.69457     129.888       0.016       6.501     4.60638      4.8854     4.91648
      13900           0         1.6     211.827      206.05     182.983     2700.86     1178.67     3879.53     2381.89     2482.05    0.768027    -58.2887     39.1438     2107.01      2381.1     2.70146     126.186       0.016       6.501     4.98295      4.8848      4.9509
      13800           0         1.6     211.827     207.149     177.052     2718.51     1210.04     3928.55     2381.53     2476.68    0.740374     -60.253     39.6376     2103.75     2375.91     2.70781     121.641       0.016       6.501     4.96153     4.89015     4.98404
      13700           0         1.6     211.827     208.229     172.716     2752.12     1243.16     3995.27     2381.15     2471.78    0.715219    -62.0436     40.0676      2100.8     2371.13     2.71377     118.151       0.016       6.501     4.94487     4.90086     4.61378
      13600           0         1.6     211.827     209.289     169.264     2778.52     1275.07     4053.59     2380.72     2467.32    0.692532    -63.6522     40.4403     2098.11     2366.69      2.7194     115.429       0.016       6.501     4.93419     4.91395      4.6349
      13500           0         1.6     211.827     210.327     172.509     2805.25     1300.58     4105.83     2380.23     2463.22    0.672182    -64.9999     40.7621     2095.65     2362.58     2.72476     117.419       0.016       6.501     4.92957     4.92964     4.65928
      13400           0         1.6     211.827     211.344     179.798     2830.55     1328.27     4158.82     2379.67      2459.4    0.653986    -65.8177     41.0391      2093.4     2358.75     2.72987     122.944       0.016       6.501     4.93068      4.9488     4.68651
      13300           0         1.6     211.827     212.341     176.725     2856.56     1352.79     4209.35     2379.03     2455.82    0.637751     -66.244      41.277      2091.3     2355.14      2.7348       121.6       0.016       6.501     4.93701     4.97136     4.71611
      13200           0         1.6     211.827      215.84      197.73     2865.18     1376.87     4242.05     2371.24     2452.82     0.67357    -66.6496     40.2965     2126.98     2393.63     2.62661     155.288       0.016     6.55151     4.93382     4.99893     4.73939
      13100   0.0224197         1.6      211.85     218.057     204.453     2867.68     1394.68     4262.35     2364.88     2450.86    0.710334    -65.9998     39.3976     2135.75     2401.67     2.59865     161.828       0.016     6.20836      4.9282     4.61619     4.75424
      13000           0         1.6     214.069      219.85     210.399     2878.15     1413.31     4291.46     2360.65     2451.25    0.743552    -65.4405     38.5929     2140.05     2404.86     2.58407     167.748       0.016     6.41193     4.91039     4.61843     4.75884
      12900   0.0725851         1.6     214.142     221.298     216.768     2882.91     1430.72     4313.63     2355.82     2449.73    0.772886    -64.1549     37.8817        2143     2406.83     2.57346     173.732       0.016      6.5817      4.8842     4.61244     4.75442
      12800   0.0999221         1.6     221.428     222.388     223.174     2895.94     1449.22     4345.16     2355.57     2454.72    0.798697    -64.3122     37.2566     2145.22     2408.31     2.56498     179.698       0.016     5.91283     4.85497     4.60249     4.74132
      12700    0.045867         1.6     231.366     223.324     225.396     2903.61     1468.49     4372.11     2356.69     2461.14    0.821432    -64.7446      36.708      2147.3      2409.8     2.55634     182.359       0.016     6.01839     4.82694     4.98769     4.71971
      12600           0         1.6     235.907     224.345       224.7     2914.71      1489.3     4404.01     2354.74     2461.94    0.841335    -63.9372      36.226     2149.51     2411.36     2.54731     182.259       0.016     6.10297     5.19996     4.96604     4.69338
      12500           0         1.6     235.907     225.443     224.578     2923.26     1510.84      4434.1     2350.73     2458.92    0.858722    -62.4552     35.8017     2151.62     2412.72     2.53933     182.331       0.016     6.17066     5.17137      4.9407     4.66648
      12400           0         1.6     235.907     226.601     224.594     2933.89     1530.34     4464.24     2347.41     2456.57    0.873852    -61.3951     35.4274     2153.51     2413.76     2.53219     182.591       0.016     5.42302     5.14214     4.91431     4.64004
      12300           0         1.6     235.907     227.802     223.278     2934.24     1549.33     4483.57     2344.59     2454.67    0.886963    -60.7037     35.0963     2155.22     2414.55     2.52545     181.783       0.016     5.46174     5.11321     4.88797     4.61402
      12200   0.0928012         1.6     235.999     229.035     220.972     2949.07     1569.59     4518.66     2342.22     2453.19    0.898289    -60.4071     34.8029     2156.81     2415.19     2.51896      180.03       0.016     5.49116     5.08518     4.86295      4.9928
      12100    0.158668         1.6     245.345     230.257     220.123     2972.89     1591.78     4564.67     2345.19     2459.93     0.90802     -62.401     34.5423     2158.42     2415.86     2.51193     179.261       0.016     5.51311     5.05916     4.84056     4.96837
      12000    0.223601         1.6     261.277     231.424     220.103     3005.47     1610.45     4615.92     2351.21      2471.2    0.916365    -65.5424     34.3104     2160.35     2416.97      2.5037     179.255       0.016     5.52907     5.03491     4.81765     4.93726
      11900     0.26023         1.6     283.674      232.52     220.937     3042.82     1632.49      4675.3     2359.87      2486.3    0.923544    -69.5023     34.1037     2162.75     2418.72     2.49433     179.905       0.016     5.54008     5.01176     5.19155     4.89892
      11800    0.348721         1.6     309.785     233.544      222.38     3086.09     1653.98     4740.08     2369.43     2502.39     0.92974    -73.4674     33.9194     2165.69     2421.19     2.48406     181.074       0.016     5.54679     5.78814     5.15966     4.85379
      11700    0.130144         1.6     344.439     234.479     231.351     3141.69     1676.09     4817.78     2382.45     2523.62    0.935076    -78.2609     33.7547     2169.18     2424.39     2.47278     188.053       0.016      5.5496     5.76261     5.12293     4.80217
      11600   0.0836149         1.6     357.407       222.2     205.973     3178.55     1711.25      4889.8     2386.08     2520.26    0.904288     -77.297     34.6333     2141.51     2404.29     2.64228     146.668       0.016     6.56658     5.12154      4.8347     5.18996
      11500   0.0221898         1.6     365.707     217.984     188.052     3207.17     1759.03      4966.2      2386.8     2513.74    0.874447    -78.1105     35.4829      2134.2     2400.13     2.66341     130.864       0.016     6.22572     4.92911     4.95632      4.8289
      11400   0.0268314         1.6      367.93       217.3     164.143     3224.36     1809.68     5034.04     2384.71     2503.42    0.844245    -79.4017     36.2999     2128.82     2394.48     2.67058     111.213       0.016     6.63178     4.65462      4.6113     4.88745
      11300   0.0288944         1.6     370.616     217.895     152.826     3235.08     1857.27     5092.34     2383.77     2495.36    0.813051    -81.9454     37.0709     2123.89     2387.97     2.67776     100.711       0.016     6.52055     4.70367     4.61867     4.94787
      11200           0         1.6     373.476      218.89     148.448     3240.89     1903.23     5144.11     2383.43     2488.66    0.781512    -84.5616     37.7829     2119.59     2381.78     2.68486     96.6568       0.016       6.501     4.70832     4.61353     4.60004
      11100           0         1.6     373.476     220.005     140.563     3255.52     1948.12     5203.64     2381.87     2480.43    0.750737    -86.3472     38.4281     2115.54     2375.78     2.69187     90.7191       0.016       6.501     4.68934     4.60746     4.63399
      11000           0         1.6     373.476     221.146     131.069     3279.05     1991.77     5270.82     2380.73      2473.4    0.721484    -88.2155     39.0042     2111.62      2369.9     2.69861     83.2639       0.016       6.501     4.66116     4.60342     4.66353
      10900           0         1.6     373.476     222.272     125.627     3293.29      2037.1     5330.39     2379.84     2467.27    0.694117    -90.1358     39.5127     2108.05     2364.47     2.70481     78.5759       0.016       6.501      4.6323     4.60314     4.69229
      10800           0         1.6     373.476     223.376      122.45     3295.93     2079.28      5375.2     2379.06     2461.82    0.668881    -91.9167     39.9577     2104.84     2359.52     2.71052     75.8883       0.016       6.501     4.60951     4.60644     4.72062
      10700           0         1.6     373.476     224.459      118.35     3300.23     2121.04     5421.27     2378.33     2456.92    0.645869    -93.5477     40.3448     2101.95     2354.98     2.71581      72.687       0.016       6.501     4.60085     4.61294     4.74879
      10600           0         1.6     373.476     225.531     113.853      3308.8     2162.41     5471.21     2377.62     2452.47    0.625056    -95.1291     40.6796     2099.34      2350.8     2.72077     69.0802       0.016       6.501     4.99841     4.62231     4.77701
      10500           0         1.6     373.476      226.59      111.12     3317.63     2203.32     5520.95     2376.88     2448.38    0.606343    -96.6742     40.9683     2096.97     2346.91     2.72549     66.6984       0.016       6.501     4.99941     4.63425     4.40484
      10400           0         1.6     373.476     227.633     109.411     3327.12     2241.89     5569.01     2376.13     2444.62    0.589605    -98.1192     41.2164     2094.79     2343.28        2.73     65.2144       0.016     6.52666     4.60313     4.64965     4.42346
      10300           0         1.6     373.476     228.655     108.302     3330.01     2278.13     5608.14     2375.36     2441.15     0.57469    -99.4505     41.4292     2092.77     2339.89     2.73432     64.2276       0.016     6.55567     4.60794      4.6668     4.44282
      10200           0         1.6     373.476     229.653     107.108     3333.78     2314.18     5647.96     2374.57     2437.93     0.56141    -100.672     41.6113     2090.91      2336.7     2.73847     63.2732       0.016     6.58542      4.6138     4.68628      4.4655
      10100           0         1.6     373.476     230.626     104.888      3353.7     2347.25     5700.95     2373.74     2434.89    0.549588    -101.848     41.7671     2089.17     2333.69     2.74246      61.492       0.016     6.61551     4.62067     4.70809      4.4907
      10000           0         1.6     373.476     231.575     102.338     3367.07     2379.68     5746.75     2372.88     2432.01    0.539056    -103.031     41.9003     2087.53     2330.84      2.7463     59.4295       0.016      6.6457     4.62876     4.73195     4.51792
       9900           0         1.6     373.476     232.502     99.6131     3369.59     2411.48     5781.07     2371.99     2429.25    0.529659    -104.242      42.014     2085.98     2328.11     2.75002     57.2067       0.016     6.67581     4.64081     4.75755     4.54675
       9800           0         1.6     373.476     233.413      96.751     3373.21     2441.81     5815.02     2371.06     2426.59    0.521257    -105.492     42.1111     2084.49     2325.49     2.75363     54.8602       0.016     6.70579     4.65669      4.7847     4.57693
       9700  0.00235631         1.6     373.479     234.312     93.7777     3376.73     2470.68     5847.41      2370.1     2424.02     0.51372    -106.788     42.1939     2083.06     2322.95     2.75716     52.4093       0.016     6.73566     4.67559     4.41138     4.20717
       9600  0.00498736         1.6     373.717     235.197     90.7125     3380.86     2498.12     5878.98     2369.26     2421.76    0.506951    -108.177     42.2647     2081.71     2320.52     2.76058     49.8684       0.016     6.76538     4.69679     4.43061     4.22684
       9500           0         1.6     374.211     236.057     87.5685      3381.1     2524.14     5905.24     2368.55      2419.8    0.500865    -109.654     42.3252     2080.49     2318.28     2.76385     47.2456       0.016     6.79478     4.71946     4.44973     4.24602
       9400           0         1.6     374.211     236.897     85.2011     3398.16     2552.44      5950.6     2367.54     2417.45     0.49539    -111.049     42.3768     2079.32     2316.12     2.76704     45.1634       0.016     6.22188     4.74322     4.47127     4.26708
       9300           0         1.6     374.211     237.724     83.2824     3414.44     2578.52     5992.95     2366.55     2415.21    0.490444    -112.445      42.421     2078.14     2313.97     2.77021     43.4744       0.016     6.24781     4.76789     4.49451     4.28999
       9200           0         1.6     374.211     238.539     81.6137     3429.66     2603.68     6033.33     2365.56     2413.06     0.48594    -113.825     42.4588     2076.98     2311.86     2.77331     41.9927       0.016     6.27323     4.79332     4.51905     4.31443
       9100           0         1.6     374.211     239.344     80.1174      3436.8     2626.33     6063.13     2364.59     2410.96    0.481814     -115.18     42.4911     2075.85     2309.79     2.77636     40.6556       0.016     6.29826     4.41487     4.54461     4.34012
       9000   0.0893807         1.6       374.3     240.132     78.7605     3441.78      2645.5     6087.28     2363.66     2409.01    0.478017    -116.526     42.5188     2074.74     2307.77     2.77936     39.4361       0.016     6.32292     4.42896     4.57078     4.36682
       8900   0.0928107         1.6     383.241     240.839     77.4053     3457.54     2665.31     6122.86     2367.45     2414.57    0.474345    -119.564     42.5426     2074.49     2306.83     2.78106     38.1848       0.016     6.34704     4.44457     4.59673     4.39101
       8800   0.0894322         1.6     392.519     241.456     76.0818     3461.94     2684.38     6146.32     2370.56     2418.99    0.470881    -122.216     42.5629     2075.25     2307.18     2.78174     36.9299       0.016     6.37009     4.46285     4.21692     4.00873
       8700    0.086229         1.6     401.459     242.022     74.8344     3464.89     2702.76     6167.65     2372.88      2422.1    0.467837     -124.45     42.5804      2076.1     2307.67     2.78234     35.7332       0.016     6.39161     4.48249     4.23004     4.01684
       8600   0.0844692         1.6      410.08     242.552     73.6718      3472.9     2720.76     6193.66     2374.61     2424.24    0.465192    -126.371     42.5954     2076.78        2308     2.78305     34.6101       0.016     6.41147     4.50247     4.24095     4.02159
       8500   0.0827988         1.6     418.526     243.057     72.5899     3474.59      2738.4     6212.99     2375.92     2425.75    0.462864    -128.077     42.6083     2077.29     2308.14     2.78385       33.56       0.016      6.4298     4.52222     4.25193     4.02709
       8400   0.0833489         1.6     426.806     243.544     72.0252     3479.64     2756.16      6235.8      2376.9     2426.74    0.460777    -129.607     42.6195     2077.63     2308.11     2.78472     32.9009       0.016     6.44683     4.54152     4.26302     4.03365
       8300   0.0666933         1.6     435.124     244.017     71.7963     3486.11     2770.44     6256.55     2377.71     2427.49    0.458871    -131.011      42.629     2077.85     2307.95     2.78563      32.545       0.016      6.4628     4.56025     4.27428     4.04118
       8200    0.067126         1.6     441.794     244.488     71.8249     3488.22     2784.83     6273.05     2377.47      2426.6    0.457131     -131.97     42.6372     2077.84     2307.52     2.78678     32.4202       0.016     6.47792     4.57839     4.28585     4.05013
       8100   0.0675733         1.6     448.507     244.963     72.0678     3493.49     2799.31     6292.81     2377.26     2425.82    0.455503    -132.892     42.6443     2077.58      2306.8      2.7881     32.4926       0.016     6.49246     4.59598     4.29798     4.06058
       8000   0.0666254         1.6     455.263     245.434     72.4784     3496.12     2813.61     6309.72     2377.06      2425.1    0.453927     -133.76     42.6505     2077.26     2306.01     2.78941     32.7193       0.016     6.50663     4.21028     4.31069     4.07207
       7900   0.0657372         1.6     461.925     245.897     73.1061     3502.73     2827.71     6330.44     2376.79     2424.31    0.452392    -134.537     42.6557     2076.92     2305.21     2.79071     33.1332       0.016     6.52054     4.21954     4.32377     4.08438
       7800    0.062151         1.6     468.495     246.348     73.9091     3507.11     2841.06     6348.17     2376.46     2423.44    0.450896    -135.219     42.6603     2076.55     2304.38       2.792     33.7092       0.016     6.53439     4.22695     4.33704     4.09731
       7700   0.0633792         1.6     474.712     246.789     74.8776      3509.3     2854.67     6363.97     2375.94      2422.3     0.44944    -135.755     42.6642     2076.13     2303.51     2.79329     34.4357       0.016      6.5481     4.23395     4.35044     4.11081
       7600   0.0598515         1.6     481.046     247.223     76.0144     3513.67     2867.55     6381.21     2375.51     2421.33    0.448013    -136.245     42.6676      2075.7     2302.62     2.79454     35.3169       0.016     6.56163     4.24251     4.36403     4.12473
       7500   0.0564339         1.6     487.028     247.653     77.2926     3523.43     2879.72     6403.15     2374.91      2420.1    0.446612    -136.586     42.6706     2075.24     2301.72      2.7958     36.3317       0.016     6.57501     4.25254     4.37783     4.13902
       7400   0.0529953         1.6     492.668     248.086     77.6362     3536.51     2891.18     6427.69     2374.16     2418.67     0.44524    -136.811     42.6731     2074.73     2300.75     2.79709     36.6942       0.016     6.58829      4.2636     4.39193     4.15378
       7300   0.0591065         1.6     497.973     248.524     77.4547     3550.99     2903.94     6454.93     2373.31     2417.07    0.443888    -136.986     42.6753     2074.16     2299.71     2.79845     36.5949       0.016     5.80143     4.27545     4.00574     4.16905
       7200   0.0652637         1.6      503.89     248.959     76.9829     3569.21     2917.98     6487.19     2372.85     2416.14    0.442535    -137.318     42.6772     2073.63     2298.71     2.79973      36.253       0.016     5.81332     4.28784     4.01731     4.18408
       7100   0.0599327         1.6     510.411     249.382     76.3031     3588.21     2930.89     6519.11     2372.73     2415.74    0.441175    -137.777     42.6788     2073.24      2297.9     2.80083      35.731       0.016     5.82478     4.30051      4.0279     4.19803
       7000    0.035473         1.6      516.38     249.795     75.4807     3599.63      2938.7     6538.33     2372.27      2414.8    0.439849     -138.12     42.6803     2072.91     2297.16     2.80189     35.0849       0.016     5.83588     4.31327     4.03776     3.80844
       6900   0.0357784         1.6     519.927     250.216     74.5966     3611.09     2946.58     6557.67     2370.56     2411.88    0.438619    -138.025     42.6815     2072.32     2296.11      2.8033      34.391       0.016     5.84667     4.32596     4.04642     3.81542
       6800   0.0566454         1.6     523.526     250.647     73.6528     3620.78     2958.84     6579.62     2369.14     2409.47    0.437445    -138.072     42.6826     2071.49     2294.77      2.8049     33.6504       0.016     5.85731     4.33851     4.05492     3.82166
       6700   0.0509307         1.6     529.185     251.061     72.6305     3630.08     2969.88     6599.96     2369.02     2409.15    0.436231     -138.61     42.6835     2070.87      2293.7     2.80617     32.8309       0.016     5.86791     4.35093     4.06401       3.829
       6600   0.0361604         1.6     534.263     251.456     71.5784     3640.15     2977.82     6617.97     2368.53     2408.25    0.435016    -139.021     42.6843     2070.48     2292.92     2.80723     31.9755       0.016     5.87837     4.36325     4.07354     3.83715
       6500   0.0423445         1.6     537.886     251.852     70.5154     3647.39     2987.07     6634.45     2367.31     2406.17    0.433868    -139.175      42.685     2069.97     2291.98     2.80848     31.1106       0.016     5.88862     4.37549     4.08355     3.84663
       6400   0.0409297         1.6     542.119     252.249     69.7374      3654.1     2996.02     6650.12     2366.58      2404.9    0.432745    -139.525     42.6856     2069.37     2290.95     2.80975     30.4499       0.016     5.89877     4.38768      4.0942     3.85723
       6300   0.0473972         1.6     546.218     252.641     69.1221     3661.66     3006.33     6667.99     2365.84     2403.61    0.431622    -139.867     42.6861     2068.83     2289.99     2.81096     29.9319       0.016     5.90885     4.39985     4.10536     3.86845
       6200   0.0496516         1.6      550.96     253.024     68.5967     3677.25      3017.1     6694.35     2365.51     2402.97    0.430498    -140.344     42.6866     2068.38     2289.15     2.81204     29.4849       0.016     5.91887     4.00916     4.11687     3.87996
       6100   0.0519808         1.6     555.927     253.394     68.1519     3693.74     3028.36      6722.1     2365.29     2402.51    0.429381    -140.838      42.687     2068.04     2288.45       2.813     29.1018       0.016     5.92873     4.01581     4.12841     3.89142
       6000   0.0543849         1.6     561.128     253.746     67.7614      3699.4     3040.11     6739.51     2365.18      2402.2    0.428288    -141.343     42.6873     2067.78     2287.85     2.81386     28.7619       0.016     5.93835     4.02149     4.13977     3.90272
       5900   0.0442704         1.6     566.556     254.083     67.4134     3707.03     3049.73     6756.76     2365.16     2402.02    0.427224     -141.85     42.6876     2067.58     2287.34     2.81463     28.4556       0.016     5.94765     4.02682     4.15083     3.91374
       5800    0.051244         1.6      570.99     254.413     67.1172     3720.94     3060.82     6781.76     2364.56     2400.92    0.426211    -142.126     42.6879     2067.32     2286.76     2.81548     28.1958       0.016      5.9566     4.03206     4.16162     3.92485
       5700   0.0516357         1.6     576.115     254.736     66.8517     3725.14     3071.98     6797.12     2364.39     2400.51    0.425225    -142.541     42.6881     2067.01     2286.14     2.81631     27.9634       0.016     5.96526     4.03743     4.17228     3.93599
       5600   0.0513507         1.6     581.278     255.048     66.6119     3727.67     3083.08     6810.75     2364.23     2400.09    0.424249    -142.934     42.6883     2066.78     2285.61     2.81705     27.7521       0.016     5.97366     4.04384     4.18278     3.94688
       5500   0.0510854         1.6     586.413     255.354     66.3975     3740.18     3094.13     6834.31     2364.03     2399.62    0.423296    -143.295     42.6885     2066.56      2285.1     2.81776     27.5632       0.016     5.98183     4.05112     4.19311     3.95757
       5400   0.0497709         1.6      591.52     255.655     65.4731     3752.09      3104.9     6856.99      2363.8     2399.12    0.422367    -143.642     42.6886     2066.34      2284.6     2.81847     26.8546       0.016     5.98981     4.05899     3.80304     3.96813
       5300   0.0484703         1.6     596.496     255.954      64.123     3756.48      3115.4     6871.88     2363.51      2398.5     0.42146    -143.996     42.6887      2066.1     2284.08     2.81918     25.7634       0.016     5.99762     4.06722     3.81125      3.9784
       5200   0.0629196         1.6     601.358     256.249     62.5361     3773.24     3128.95     6902.19     2363.16      2397.8    0.420573    -144.383     42.6888     2065.84     2283.54     2.81991     24.4643       0.016     6.00528     4.07562     3.81867     3.98818
       5100    0.058812         1.6     607.646     256.531     60.7734     3777.05     3141.62     6918.67      2363.6     2398.36    0.419679    -145.103     42.6889     2065.71     2283.16     2.82044     23.0036       0.016     6.01278     4.08406     3.82572     3.99696
       5000   0.0547251         1.6     613.523     256.798     58.8674     3779.46     3153.42     6932.88      2363.7     2398.37    0.418804    -145.745      42.689     2065.71     2282.94     2.82086     21.4092       0.016     6.02006     4.09247     3.83229     3.60391
       4900    0.060096         1.6     619.001     257.061     56.8817     3783.24     3166.36      6949.6     2363.56     2397.98    0.417984    -146.346     42.6891     2065.65     2282.65     2.82136      19.736       0.016     6.02707     4.10075     3.83808      3.6082
       4800   0.0624628         1.6     625.013     257.316     54.8094     3783.71     3179.79      6963.5     2363.72     2398.07    0.417198    -147.105     42.6891     2065.58     2282.37     2.82181     17.9802       0.016     6.03383     4.10886     3.84312     3.61116
       4700   0.0648895         1.6     631.261     257.559     52.6679     3790.17     3193.73      6983.9     2363.96     2398.31    0.416435    -147.941     42.6892     2065.59     2282.18     2.82216     16.1512       0.016     6.04033     4.11672     3.84759     3.61333
       4600   0.0558222         1.6     637.741     257.788     50.4885     3792.49     3205.74     6998.23     2364.27     2398.65    0.415702    -148.846     42.6892     2065.65     2282.07     2.82243      14.278       0.016     6.04654     4.12432     3.85163     3.61503
       4500   0.0514448         1.6     643.319     258.012      48.269     3796.53     3216.83     7013.36     2364.05     2398.14    0.415018    -149.604     42.6893     2065.66      2281.9     2.82279     12.3635       0.016     6.05244     4.13161     3.85542     3.61675
       4400   0.0598003         1.6     648.472     258.239      46.391     3801.16     3229.69     7030.85     2363.64     2397.35    0.414375    -150.343     42.6893     2065.52     2281.56     2.82328     10.6926       0.016     6.05809     4.13861     3.85916     3.61876
       4300     0.06068         1.6     654.453     258.458     44.6874     3803.35     3242.73     7046.09     2363.74     2397.38    0.413731    -151.295     42.6894      2065.4     2281.24     2.82369     9.17285       0.016     6.06357     4.14535     3.86298     3.62123
       4200   0.0630134         1.6     660.523     258.667     43.0756     3809.96     3256.27     7066.23     2363.86     2397.45    0.413082    -152.266     42.6894     2065.38     2281.05     2.82398     7.72242       0.016     6.06889     4.15185     3.86693     3.62409
       4100   0.0597398         1.6     666.821     258.867     41.5377     3820.55      3269.1     7089.65     2364.07     2397.65    0.412443    -153.277     42.6894     2065.41     2280.93      2.8242     6.32922       0.016     6.07401     4.15813     3.87098     3.62716
       4000   0.0663546         1.6     672.802     259.061     40.0496      3831.5     3283.34     7114.84     2364.08     2397.52    0.411825    -154.217     42.6894     2065.44     2280.81     2.82444     4.97573       0.016     6.07892     4.16422     3.87509      3.6305
       3900   0.0730222         1.6     679.444     259.247      38.586     3845.18     3298.99     7144.17     2364.43     2397.95    0.411214    -155.289     42.6894     2065.49     2280.72      2.8246     3.63975       0.016     6.08364     4.17013     3.87926      3.6339
       3800   0.0654326         1.6     686.738     259.421       37.13     3857.32     3313.02     7170.34     2365.06     2398.82    0.410601     -156.46     42.6895     2065.67     2280.79     2.82461     2.30466       0.016     6.08817     4.17585     3.88337     3.63699
       3700   0.0640434         1.6      693.28     259.588     35.1059     3873.55     3326.76     7200.31     2365.18     2398.86    0.410018    -157.451     42.6895     2065.84     2280.86     2.82465    0.589086       0.016     6.09246     4.18139     3.88732     3.64004
       3600   0.0626499         1.6     699.683     259.757     31.5448     3887.34      3340.2     7227.54     2365.22     2398.76    0.409465    -158.492     42.6895     2065.91     2280.81     2.82478    -2.40812       0.016     6.09653     4.18673     3.89127     3.64339
       3500   0.0702969         1.6     705.956     259.926     27.3109     3900.32     3355.28     7255.59     2365.19     2398.56    0.408923    -159.649     42.6895     2065.92     2280.68     2.82497    -5.99025       0.016     6.10047     4.19188     3.89528     3.64702
       3400     0.06485         1.6      712.98      260.09     22.8184     3909.28     3369.19     7278.47     2365.56     2399.01    0.408369    -161.103     42.6895     2065.98     2280.62     2.82506    -9.83934       0.016     6.10431     4.19688     3.89935     3.65061
       3300   0.0657258         1.6     719.466     260.251     18.0801      3909.7     3383.28     7292.98     2365.58     2398.89    0.407818    -162.578     42.6895     2066.06     2280.58     2.82514    -13.9104       0.016     6.10804     3.80151     3.90339     3.65421
       3200   0.0666198         1.6      726.04     260.411     13.6825     3910.49     3397.57     7308.07     2365.64     2398.85    0.407278    -164.214     42.6895     2066.09     2280.49     2.82527     -17.814       0.016      6.1117     3.80455     3.90743     3.65796
       3100   0.0656597         1.6     732.701     260.567     10.6043     3911.34     3411.66        7323     2365.74     2398.87    0.406737    -165.938     42.6895     2066.12     2280.41     2.82538    -20.6402       0.016     6.11539     3.80671     3.91144     3.66174
       3000   0.0647101         1.6     739.266     260.719     8.00466     3913.46     3425.54        7339     2365.78     2398.79    0.406197    -167.657     42.6895     2066.15     2280.32     2.82548     -23.067       0.016     6.11906     3.80848      3.9154     3.66556
       2900   0.0682256         1.6      745.74     260.869     5.74838     3915.96     3440.17     7356.13     2365.76     2398.62    0.405662    -169.355     42.6895     2066.16     2280.22     2.82559     -25.208       0.016     6.12268     3.81005     3.91933     3.66946
       2800   0.0666156         1.6     752.561     261.015      3.7302     3918.77     3454.45     7373.22     2365.93     2398.77    0.405122    -171.105     42.6895     2066.19     2280.14     2.82566    -27.1476       0.016     6.12623     3.81151     3.92323      3.6733
       2700   0.0828121         1.6     759.239     261.157     1.71298     3923.01      3472.2      7395.2        2366     2398.74    0.404584    -172.795     42.6895     2066.24     2280.08     2.82571    -29.0545       0.016     6.12969     3.81289     3.92706     3.67706
       2600   0.0588436         1.6     767.496     261.285   -0.656429     3936.49     3484.81     7421.31      2366.9     2400.04    0.404028    -174.767     42.6895     2066.44     2280.21     2.82555    -31.2558       0.016     6.13304      3.8142     3.93073     3.68021
       2500   0.0769282         1.6     773.398     261.414    -3.10332     3937.68      3501.3     7438.97     2366.39     2399.07    0.403511    -176.251     42.6895     2066.57     2280.26     2.82554    -33.5214       0.016      6.1362     3.81543     3.93412     3.68343
       2400   0.0749682         1.6     781.089     261.541    -5.58785     3938.38     3517.36     7455.74     2366.94     2399.82    0.403003    -178.127     42.6895     2066.62     2280.22     2.82553    -35.8237       0.016     6.13923     3.81658     3.93751     3.68669
       2300   0.0723203         1.6     788.583     261.659    -8.10497     3939.75     3532.85      7472.6     2367.29     2400.24     0.40248    -179.942     42.6895     2066.81     2280.35     2.82537    -38.1576       0.016     6.14214     3.81765      3.9407     3.68951
       2200   0.0696669         1.6     795.813     261.775    -10.4808     3947.74     3547.77     7495.51     2367.45     2400.35    0.401977    -181.704     42.6895     2066.97     2280.45     2.82526    -40.4013       0.016     6.14488     3.81866     3.94371     3.69223
       2100   0.0695768         1.6     802.779     261.891    -12.4419     3948.67     3562.68     7511.35     2367.46     2400.22    0.401492    -183.411     42.6895     2067.07     2280.47     2.82521    -42.2992       0.016     6.14748     3.81959      3.9466     3.69505
       2000   0.0694883         1.6     809.737     262.008    -14.2291      3949.8     3577.57     7527.37     2367.48     2400.11    0.401012    -185.104     42.6896     2067.12     2280.43      2.8252    -44.0465       0.016     6.14998     3.82046     3.94948     3.69798
       1900    0.071901         1.6     816.688     262.125    -15.8838      3951.8     3592.98     7544.79      2367.5     2400.01    0.400529    -186.778     42.6896     2067.16     2280.39     2.82519    -45.6789       0.016     6.15242     3.82128     3.95234     3.70096
       1800    0.071996         1.6     823.879     262.239    -17.4394     3952.87     3608.41     7561.28     2367.65     2400.12    0.400038     -188.47     42.6896     2067.22     2280.37     2.82514    -47.2238       0.016     6.15482     3.82207     3.95519     3.70388
       1700   0.0759695         1.6     831.082      262.35    -19.0116     3953.06     3624.69     7577.74     2367.79     2400.22    0.399546    -190.127     42.6896     2067.31     2280.38     2.82506    -48.7626       0.016     6.15716     3.82283     3.95796     3.70667
       1600   0.0832497         1.6     838.686     262.456    -20.7779     3955.72     3642.52     7598.24     2368.13     2400.64    0.399051     -191.83     42.6896     2067.44     2280.46     2.82492    -50.4596       0.016     6.15942     3.82374     3.96062     3.70922
       1500   0.0746934         1.6     847.003     262.552    -22.6099     3958.88     3658.51      7617.4      2368.8     2401.58    0.398551    -193.629     42.6896     2067.68     2280.66     2.82463    -52.2136       0.016     6.16159     3.82504     3.96308     3.71124
       1400   0.0667678         1.6     854.464     262.645    -24.4761     3961.62     3672.82     7634.43     2368.92     2401.61    0.398074    -195.221     42.6896     2067.92     2280.87     2.82439    -53.9939       0.016     6.16361     3.82675     3.96527     3.71305
       1300   0.0699179         1.6     861.144     262.747    -26.3512     3968.18      3687.8     7655.99     2368.62        2401    0.397632    -196.671     42.6896     2067.99     2280.87     2.82435    -55.7762       0.016     6.16552      3.8287     3.96741     3.71527
       1200   0.0730274         1.6     868.139     262.856    -27.9503     3986.57     3703.46     7690.03     2368.57     2400.79    0.397188    -198.205     42.6896     2067.97     2280.77     2.82437    -57.3711       0.016     6.16742     3.83078     3.96969     3.71782
       1100   0.0757752         1.6     875.444     262.965    -28.8006     4001.94     3719.71     7721.65      2368.7     2400.88    0.396722    -199.766     42.6896     2068.01     2280.72     2.82431      -58.34       0.016     6.16937     3.83296     3.97207     3.72034
       1000   0.0778816         1.6     883.024      263.07    -29.3259     4015.27      3736.4     7751.67     2368.96     2401.17    0.396242    -201.302     42.6896     2068.12     2280.77     2.82418    -59.0265       0.016     6.17136     3.83521     3.97446     3.72267
        900    0.076879         1.6     890.811      263.17    -29.4996     4029.07     3752.88     7781.95      2369.3     2401.59     0.39576     -202.78     42.6896     2068.28     2280.88     2.82398    -59.4184       0.016     6.17334     3.83749     3.97675     3.72473
        800   0.0935271         1.6     898.516     263.269    -29.4071     4044.19     3772.93     7817.13     2369.55     2401.86    0.395285    -204.134     42.6896     2068.46     2281.01     2.82379    -59.5706       0.016     6.17529     3.83978     3.97892     3.72663
        700   0.0966643         1.6     907.872     263.355    -29.0173     4057.19     3793.64     7850.83     2370.66     2403.49    0.394796    -205.672     42.6896     2068.79     2281.32     2.82337    -59.4817       0.016     6.17717     3.84204     3.98088     3.72782
        600   0.0829128         1.6     917.524     263.425    -28.1728     4080.16     3811.39     7891.56     2371.75     2405.07    0.394309    -207.073     42.6896     2069.31     2281.88     2.82276    -59.0032       0.016     6.17888     3.84423     3.98237     3.72804
        500   0.0800666         1.6     925.813     263.494    -27.0293      4103.7     3828.54     7932.24     2371.95     2405.22    0.393878    -208.045     42.6896     2069.74     2282.32     2.82232    -58.2526       0.016     6.18032     3.84629      3.9834     3.72813
        400   0.0893919         1.6     933.829     263.572    -25.5622     4139.72      3847.7     7987.41     2372.02     2405.16    0.393487    -208.849     42.6896     2069.95     2282.51     2.82207    -57.2135       0.016     6.18157     3.84819     3.98431     3.72863
        300   0.0657056         1.6     942.744     263.649    -23.8495      4165.1     3861.78     8026.87     2372.59     2405.91    0.393081    -209.693     42.6896     2070.17     2282.71     2.82176    -55.9465       0.016     6.18273     3.84994     3.98523     3.72911
        200   0.0631685         1.6     949.312     263.737    -21.6274     4197.33     3875.33     8072.66     2371.83     2404.54    0.392695    -209.965     42.6896     2070.25     2282.73     2.82169      -54.27       0.016     6.18383     3.85156     3.98619      3.7302
        100   0.0820539         1.6     955.648     263.845    -18.4833     4214.74     3892.94     8107.68     2371.12     2403.28    0.392319    -210.104     42.6896     2070.05     2282.42     2.82189    -51.7929       0.016       6.185     3.85309     3.98755     3.73242
          0   0.0816073         1.6     963.853      263.95     -14.868     4219.18     3910.45     8129.63     2371.54     2403.84    0.391873    -210.441     42.6896     2069.98     2282.25     2.82186    -48.8926       0.016     6.18637     3.85459     3.98932     3.73466