     20000          0        1.3          0    179.437     354.04    78.9895    14.2831    93.2726    2343.43    2426.93   0.785391     6.5598    39.9574    2049.96     2345.7    2.72671    271.433      0.016    5.73044    4.59858    4.35318    4.39114
     19900          0        1.3          0    179.437     353.13    151.419    29.7361    181.156    2343.43    2426.93   0.785563    6.43382    39.9574    2049.96     2345.7    2.72686    270.633      0.016    5.73044    4.59858    4.35318    4.39114
     19800          0        1.3          0    179.437    352.506    228.894    46.3592    275.253    2343.43    2426.93   0.785735    6.30822    39.9574    2049.96     2345.7    2.72701    270.044      0.016    5.73044    4.59858    4.35318    4.39114
     19700          0        1.3          0    179.437    352.255    299.319    60.5222    359.841    2343.43    2426.93   0.785907    6.19879    39.9574    2049.96     2345.7    2.72716    269.745      0.016    5.73044    4.59858    4.35318    4.39114
     19600          0        1.3          0    179.437     352.29    351.209    72.5053    423.714    2343.43    2426.93   0.786079    6.12087    39.9574    2049.96     2345.7    2.72731    269.689      0.016    5.73044    4.59858    4.35318    4.39114
     19500          0        1.3          0    179.437    350.597    414.692    82.0183     496.71    2343.43    2426.93   0.786251    6.05158    39.9574    2049.96     2345.7    2.72746    268.519      0.016    5.73044    4.59858    4.35318    4.39114
     19400          0        1.3          0    179.437    347.879    487.353    94.1014    581.454    2343.43    2426.93   0.786423    5.90477    39.9574    2049.96     2345.7    2.72761    266.477      0.016    5.73044    4.59858    4.35318    4.39114
     19300          0        1.3          0    179.437    345.374    558.279    106.214    664.494    2343.43    2426.93   0.786595    5.65656    39.9574    2049.96     2345.7    2.72775    264.481      0.016    5.73044    4.59858    4.35318    4.39114
     19200          0        1.3          0    179.437    342.873    620.606    118.358    738.963    2343.43    2426.93   0.786767    5.32496    39.9574    2049.96     2345.7     2.7279    262.498      0.016    5.73044    4.59858    4.35318    4.39114
     19100          0        1.3          0    179.437     342.02    681.386    130.011    811.397    2343.43    2426.93   0.786938    4.94128    39.9574    2049.96     2345.7    2.72805    261.588      0.016    5.73044    4.59858    4.35318    4.39114
     19000          0        1.3          0    179.437    342.156     741.53    142.474    884.004    2343.43    2426.93    0.78711    4.58749    39.9574    2049.96     2345.7     2.7282    261.511      0.016    5.73044    4.59858    4.35318    4.39114
     18900          0        1.3          0    179.437    340.553    800.577    155.747    956.323    2343.43    2426.93   0.787281    4.26219    39.9574    2049.96     2345.7    2.72835     260.36      0.016    5.73044    4.59858    4.35318    4.39114
     18800          0        1.3          0    179.437    337.986    870.831     166.28    1037.11    2343.43    2426.93   0.787452    3.87637    39.9574    2049.96     2345.7     2.7285    258.368      0.016    5.73044    4.59858    4.35318    4.39114
     18700          0        1.3          0    179.437     336.21    952.601    178.113    1130.71    2343.43    2426.93   0.787624    3.41716    39.9574    2049.96     2345.7    2.72864    256.824      0.016    5.73044    4.59858    4.35318    4.39114
     18600          0        1.3          0    179.437    334.818    1047.59    192.576    1240.17    2343.43    2426.93   0.787795    2.92873    39.9574    2049.96     2345.7    2.72879    255.619      0.016    5.73044    4.59858    4.35318    4.39114
     18500          0        1.3          0    179.437    333.482    1150.05    201.259    1351.31    2343.43    2426.93   0.787966    2.42444    39.9574    2049.96     2345.7    2.72894    254.469      0.016    5.73044    4.59858    4.35318    4.39114
     18400          0        1.3          0    179.437    332.205    1219.19    209.492    1428.69    2343.43    2426.93   0.788137     1.9065    39.9574    2049.96     2345.7    2.72909    253.357      0.016    5.73044    4.59858    4.35318    4.39114
     18300          0        1.3          0    179.437    329.228     1275.7    218.075    1493.77    2343.43    2426.93   0.788308    1.34924    39.9574    2049.96     2345.7    2.72924    251.114      0.016    5.73044    4.59858    4.35318    4.39114
     18200          0        1.3          0    179.437      325.2     1360.8    226.658    1587.45    2343.43    2426.93   0.788478   0.672723    39.9574    2049.96     2345.7    2.72938     247.97      0.016    5.73044    4.59858    4.35318    4.39114
     18100          0        1.3          0    179.437    321.768    1469.79    234.714     1704.5    2343.43    2426.93   0.788649  -0.137283    39.9574    2049.96     2345.7    2.72953     245.11      0.016    5.73044    4.59858    4.35318    4.39114
     18000          0        1.3          0    179.437    318.559    1574.09    243.331    1817.42    2343.43    2426.93    0.78882   -1.04056    39.9574    2049.96     2345.7    2.72968    242.443      0.016    5.73044    4.59858    4.35318    4.39114
     17900          0        1.3          0    179.437     317.64    1670.99    253.364    1924.35    2343.43    2426.93    0.78899   -1.98653    39.9574    2049.96     2345.7    2.72983    241.293      0.016    5.73044    4.59858    4.35318    4.39114
     17800          0        1.3          0    179.437    318.134       1766    264.257    2030.25    2343.43    2426.93   0.789161   -2.86227    39.9574    2049.96     2345.7    2.72997    241.331      0.016    5.73044    4.59858    4.35318    4.39114
     17700          0        1.3          0    179.437    316.312    1860.47     274.54    2135.01    2343.43    2426.93   0.789331   -3.66765    39.9574    2049.96     2345.7    2.73012    239.957      0.016    5.73044    4.59858    4.35318    4.39114
     17600          0        1.3          0    179.437    313.229    1943.92    288.828    2232.75    2343.43    2426.93   0.789502   -4.52282    39.9574    2049.96     2345.7    2.73027    237.487      0.016    5.73044    4.59858    4.35318    4.39114
     17500          0        1.3          0    179.437    313.298    2011.35    302.776    2314.12    2343.43    2426.93   0.789672   -5.41147    39.9574    2049.96     2345.7    2.73042    237.026      0.016    5.73044    4.59858    4.35318    4.39114
     17400          0        1.3          0    182.115    344.137    2042.72    312.444    2355.16    2337.81    2427.24   0.817182   -7.03503    39.0482    2090.19    2390.75    2.64272    282.715      0.016     5.7211    4.59193     4.3525    4.39344
     17300          0        1.3          0    182.934    353.815    2073.54    322.233    2395.78    2333.75    2428.42   0.848489   -7.23612    38.2531    2099.33    2400.72    2.62299    291.111      0.016    5.71793    4.58375    4.34297    4.38361
     17200          0        1.3          0     183.39    359.881    2096.59    335.928    2432.52    2330.58    2429.87   0.876868   -7.02974    37.5586    2103.93     2405.7    2.61341    296.236      0.016    5.72125    4.57463    4.32783    4.36492
     17100          0        1.3          0    183.841    363.835    2099.91    350.717    2450.63    2328.02    2431.38   0.901834   -6.64495    36.9519    2107.52    2409.45    2.60581    299.608      0.016    5.72871    4.56346    4.30774    4.33998
     17000          0        1.3          0    184.395    366.328    2106.32    368.422    2474.74    2325.94    2432.88   0.923629   -6.19849     36.422    2110.68    2412.53    2.59894    301.804      0.016    5.73799    4.54879    4.28324    4.31057
     16900          0        1.3          0    185.076    363.157    2119.69    386.971    2506.66    2324.24    2434.34   0.942573   -5.83044    35.9588    2113.56     2415.1    2.59263    299.792      0.016    5.74731    4.52873    4.25519    4.27796
     16800          0        1.3          0    185.879     356.08    2132.94    406.282    2539.22    2322.88    2435.75    0.95898   -5.80695    35.5537    2116.22    2417.24    2.58687     294.26      0.016    5.75543    4.50524    4.22418    4.24311
     16700          0        1.3          0    186.789    347.713    2143.96    427.383    2571.34     2321.8    2437.11    0.97314   -6.22983     35.199     2118.7    2419.03    2.58162    287.424      0.016    5.76158    4.47861     4.5905    4.20736
     16600          0        1.3          0    187.792    338.163    2156.83     452.74    2609.57    2320.95    2438.38   0.985304   -7.09448    34.8882    2121.04    2420.52    2.57681    279.594      0.016    5.76538    4.44944    4.55473    4.57412
     16500          0        1.3          0    188.875    339.172    2164.82    472.218    2637.03     2320.3    2439.58   0.995708   -8.20911    34.6155    2123.26    2421.76     2.5724    279.344      0.016     5.7667    4.41878     4.5183    4.53859
     16400  0.0650992        1.3  0.0650992    190.027     347.24    2171.37    496.159    2667.52    2319.86    2440.75    1.00457   -8.99678     34.376    2125.37    2422.79    2.56833    285.676      0.016    5.76561    4.78854    4.48125    4.50183
     16300   0.112269        1.3    6.62219     191.23    352.215    2187.88    517.445    2705.33    2323.08    2446.41    1.01206    -10.762    34.1655    2127.46    2423.73    2.56423    290.396      0.016    5.76229    4.75451    4.44411    4.46344
     16200  0.0767534        1.3    17.8136    192.471    355.562    2209.52    544.419    2753.94    2328.32    2454.48    1.01836   -12.9931    33.9801     2129.7    2424.82    2.55976    293.461      0.016     5.7569    4.71877    4.40631     4.4227
     16100   0.011419        1.3    25.4236    193.744     347.18    2227.56    574.413    2801.98    2330.91    2458.87    1.02366    -13.948    33.8167    2132.12     2426.1     2.5553    287.827      0.016    5.74958    4.68191    4.76653    4.78448
     16000          0        1.3     26.554    195.053    330.904    2235.71    603.063    2838.77     2329.8    2458.25    1.02809   -13.8645    33.6725     2134.5     2427.3    2.55141    274.891      0.016    5.74049    4.64471     4.7271    4.74729
     15900          0        1.3     26.554    196.397    322.643    2239.04    630.519    2869.56    2328.47    2457.22    1.03174   -14.3663    33.5449    2136.67     2428.2    2.54807     267.14      0.016    5.72985    4.60874    4.68863    4.71125
     15800   0.025122        1.3    26.5792    197.769    319.213    2245.51     655.11    2900.62    2327.51    2456.53    1.03463   -15.2084     33.432    2138.62    2428.83    2.54497     264.05      0.016    5.71792    4.97335    4.65184    4.67653
     15700  0.0359064        1.3    29.1021     199.16    316.966    2252.78     679.46    2932.24    2328.14     2457.8    1.03685   -16.7061    33.3317    2140.44    2429.28    2.54184    262.155      0.016      5.705    4.93692    4.61664    4.64271
     15600  0.0406435        1.3    32.6975    200.563    315.747    2261.57    701.658    2963.22    2329.31    2459.68    1.03846   -18.3362    33.2426    2142.24    2429.71    2.53854    261.097      0.016    5.69156     4.9003    4.98176    4.60994
     15500  0.0387126        1.3    36.7599    201.974    313.768    2270.39    723.214    2993.61    2330.63    2461.65    1.03956    -19.898    33.1631    2144.05    2430.16    2.53512      259.6      0.016    5.67789    4.86419    4.94768     4.9819
     15400  0.0775223        1.3      40.67    203.391    311.399    2284.15    743.828    3027.98    2331.74    2463.27    1.04021   -21.3023    33.0921    2145.88    2430.63    2.53163    257.709      0.016     5.6641    4.82904    4.91521    4.95309
     15300   0.132637        1.3    48.4773    204.809    310.595    2306.07    766.336     3072.4    2334.89    2467.46    1.04047   -23.4703    33.0283    2147.74    2431.15    2.52792    256.967      0.016    5.65029    5.19703    4.88371    4.92345
     15200   0.174659        1.3     61.783     206.22    310.798    2328.98    788.189    3117.17     2340.6    2474.91    1.04038   -26.5016    32.9709    2149.76    2431.89    2.52369    257.169      0.016    5.63656    5.16481    4.85295    4.89229
     15100   0.252309        1.3    79.3265    207.619    317.238    2360.87    809.343    3170.21    2347.82    2484.24    1.04001   -29.7722     32.919    2152.05    2432.99    2.51886    262.122      0.016    5.62295    5.13265    4.82221    4.85924
     15000   0.320832        1.3    104.626    208.998    327.966    2406.78    829.648    3236.43    2358.27     2497.7    1.03943   -33.6414    32.8718    2154.71    2434.56    2.51332    271.067      0.016     5.6094    5.10079    5.19047    4.82364
     14900   0.376488        1.3    136.765    210.348    336.186    2463.43    847.947    3311.37    2370.99    2514.04    1.03867   -37.6064    32.8288    2157.85    2436.75    2.50693    278.533      0.016    5.59581    5.06927    5.15656    5.18791
     14800    0.35677        1.3    174.394    211.666    343.037    2531.41    865.559    3396.96    2384.98    2531.94    1.03779   -41.4307    32.7892    2161.52    2439.63    2.49979    284.633      0.016    5.58206    5.03802    5.12186    5.14852
     14700          0        1.3    209.714    212.902    334.208    2592.61    881.651    3474.26    2395.91    2545.79    1.03687   -43.7433    32.7525    2165.59    2443.08    2.49284    278.876      0.016    5.56806     5.0084    5.08565    5.10592
     14600          0        1.3    209.714    205.315    265.986    2613.56    912.176    3525.74    2390.09    2530.32    1.00282   -39.2831    33.7363    2141.74    2423.58    2.64386    199.636      0.016    6.42132    5.16008    4.80104    5.10266
     14500          0        1.3    209.714    203.043    239.373    2618.38    948.481    3566.86    2385.96    2517.95   0.969353   -40.3089    34.6823    2133.01    2415.86    2.66764    174.344      0.016    6.61354    4.96102    4.92152    5.15685
     14400          0        1.3    209.714    203.152    222.932    2621.04    986.683    3607.73    2383.27    2507.81   0.934885   -43.2486    35.5885    2126.64    2408.09    2.67788    159.569      0.016      6.501    4.67755    4.97944     4.8282
     14300          0        1.3    209.714    204.081    208.699    2626.63    1021.75    3648.38    2381.67     2499.3    0.89935   -46.7139    36.4418    2121.32    2400.58    2.68694    147.826      0.016      6.501    4.72154    4.99494    4.88992
     14200          0        1.3    209.714    205.244    196.531    2638.95    1055.06    3694.02    2380.79    2491.99   0.863779   -50.1989    37.2291    2116.65    2393.59    2.69543    137.951      0.016      6.501    4.72155    4.99274    4.94435
     14100          0        1.3    209.714    206.444    189.981    2651.85    1086.95     3738.8    2380.34    2485.59   0.829216   -53.4149    37.9427     2112.5    2387.21    2.70322    132.285      0.016      6.501    4.69883    4.98692    4.99041
     14000          0        1.3    209.714    207.624    186.947       2674    1116.31    3790.31    2380.12    2479.91   0.796446   -56.1172    38.5803     2108.8     2381.4    2.71031     129.66      0.016      6.501    4.66789    4.98283    4.62265
     13900          0        1.3    209.714    208.766    181.897    2701.42    1148.12    3849.53    2380.02    2474.84   0.765973   -58.3292    39.1438    2105.48    2376.11    2.71678    125.947      0.016      6.501     4.6371     4.9805    4.64638
     13800          0        1.3    209.714    209.869    175.978    2720.14    1176.76     3896.9    2379.94    2470.25   0.738024   -60.2781    39.6376    2102.51     2371.3    2.72275    121.394      0.016      6.501    4.61195    4.98224    4.67023
     13700          0        1.3    209.714     210.94    171.654    2754.81    1207.17    3961.98    2379.83    2466.06   0.712648   -62.0542    40.0676    2099.83    2366.88     2.7283    117.898      0.016      6.501    4.60173    4.98895    4.69477
     13600          0        1.3    209.714    211.991    168.214    2782.26    1236.39    4018.65    2379.64    2462.17    0.68978   -63.6508    40.4403    2097.39    2362.79    2.73354    115.172      0.016      6.501    4.99924    4.60072    4.72058
     13500          0        1.3    209.714    213.027    171.442    2810.06    1259.19    4069.25    2379.35    2458.54   0.669278   -64.9894    40.7621    2095.14    2358.96    2.73857    117.157      0.016      6.501    4.60059    4.61347     4.7477
     13400          0        1.3    209.714    214.042    178.705    2836.45    1284.19    4120.64    2378.97    2455.11   0.650964   -65.8001    41.0391    2093.06    2355.37    2.74342    122.674      0.016      6.501    4.60408    4.62677    4.77529
     13300          0        1.3    209.714    215.031    175.651    2863.54    1306.02    4169.55    2378.49    2451.86   0.634645   -66.2207     41.277    2091.13    2351.98     2.7481    121.323      0.016      6.501    4.60876    4.64295    4.40297
     13200          0        1.3    209.714    218.543    196.619    2873.27    1327.39    4200.65    2370.81    2449.11   0.670878    -66.636    40.2965    2127.17    2390.92    2.63859     154.78      0.016    6.62618     4.6064     4.6693    4.41869
     13100  0.0148769        1.3    209.729    220.767    203.316     2876.9    1342.49    4219.39    2364.58    2447.41   0.708058    -65.996    39.3976    2136.03    2399.09    2.61012     161.29      0.016    6.28179    4.60146    4.68604    4.42569
     13000          0        1.3    211.202     222.57     209.25    2888.53     1358.4    4246.93    2360.07    2447.17    0.74167    -65.289    38.5929    2140.38    2402.35    2.59534    167.195      0.016    6.48791    4.98473    4.68754    4.42548
     12900  0.0650393        1.3    211.267    224.027    215.602    2892.11    1373.08     4265.2    2355.42    2446.03    0.77136   -64.0432    37.8817    2143.35    2404.36    2.58461    173.164      0.016    5.85528    4.95875    4.67911    4.41784
     12800  0.0924173        1.3    217.798    225.137    221.992    2903.96    1388.83    4292.79    2354.92    2449.65    0.79749   -64.0748    37.2566     2145.6    2405.87    2.57621     179.12      0.016    5.98539    4.92916    4.66568    4.40555
     12700  0.0381961        1.3    226.986    226.126     224.21    2910.45     1405.3    4315.75    2355.79    2454.51   0.820509   -64.4127     36.708    2147.69    2407.33    2.56803     181.78      0.016    6.09102      4.899    4.64945    4.78931
     12600          0        1.3    230.767    227.209    223.514    2922.73    1423.24    4345.97    2353.57    2454.84   0.840655   -63.5319     36.226    2149.86    2408.79    2.55944    181.683      0.016     6.1761    4.86765    4.62983    4.76767
     12500          0        1.3    230.767    228.349    223.383    2932.48    1441.88    4374.36    2349.73    2452.65   0.858238   -62.1534    35.8017    2151.91    2410.06    2.55155    181.751      0.016    5.44106     4.8369     4.6095    4.74406
     12400          0        1.3    230.767    229.531    223.388    2944.32    1458.45    4402.77    2346.55    2450.94   0.873526    -61.174    35.4274    2153.76    2411.06    2.54424    181.998      0.016    5.49016    4.80879    4.98812    4.71999
     12300          0        1.3    230.767    230.747    222.064    2945.19    1474.49    4419.68    2343.85    2449.57   0.886774   -60.5451    35.0963    2155.46    2411.84    2.53727    181.176      0.016    5.52801    5.18179    4.96461     4.6955
     12200  0.0848856        1.3    230.852    231.992     219.75    2958.79     1491.8    4450.59    2341.61    2448.51   0.898227   -60.2948    34.8029    2157.06    2412.49    2.53052    179.409      0.016    5.55683    5.15492    4.94035    4.67066
     12100   0.150823        1.3    239.406     233.25    218.892    2981.38    1510.99    4492.38    2344.27    2453.59   0.908095   -62.1578    34.5423    2158.69    2413.17    2.52354    178.632      0.016    5.57834    5.12865    4.91559    4.64415
     12000   0.215714        1.3    254.554    234.508    218.858    3012.72    1526.58     4539.3    2350.01    2462.45   0.916594   -65.2022    34.3104    2160.59    2414.19    2.51593    178.625      0.016    5.59388    5.10294    4.88984    4.61459
     11900   0.252094        1.3    276.161    235.758    219.662    3048.79    1545.38    4594.17    2358.37    2474.47   0.923931   -69.0943    34.1037    2162.93    2415.73    2.50766    179.271      0.016    5.60446    5.07762    4.86454    4.98599
     11800   0.340182        1.3    301.459    237.002    221.055    3090.74    1563.42    4654.15    2367.51    2487.31    0.93028   -73.0138    33.9194    2165.73    2417.83    2.49888    180.432      0.016     5.6109    5.05252    4.83908    4.95334
     11700   0.123978        1.3    335.261    238.238    229.914     3144.9    1581.76    4726.66    2380.03    2504.32   0.935772   -77.7805    33.7547    2169.01    2420.51     2.4895    187.384      0.016     5.6138    5.02808    4.81188    4.91613
     11600  0.0772463        1.3    347.612    226.188     204.43    3180.22    1612.94    4793.15    2383.37    2501.62   0.906092   -76.8356    34.6333    2137.99    2395.93    2.66452    146.325      0.016    5.83726    5.18808    4.92897    4.90965
     11500  0.0157392        1.3    355.275    222.097    186.524    3207.31    1656.61    4863.91    2383.85    2496.24   0.875811   -77.6414    35.4829    2130.71    2391.55    2.68715    130.558      0.016    6.30227    4.60014    4.65677    4.95782
     11400  0.0204331        1.3    356.854    221.494    162.688    3223.04    1703.06     4926.1    2381.64    2487.72   0.844985   -78.9113    36.2999    2125.65     2386.2    2.69434    110.926      0.016     6.7183    4.72654    4.71458    4.62321
     11300  0.0225357        1.3    358.899    222.152    151.392    3232.33    1746.39    4978.72     2380.7    2481.05   0.813143   -81.4271    37.0709    2121.15    2380.16    2.70102    100.441      0.016    6.61113     4.7852    4.73027    4.67778
     11200          0        1.3     361.13    223.215    147.026    3236.71    1788.03    5024.74    2380.46    2475.49   0.781016   -84.0146    37.7829    2117.24    2374.41    2.70763    96.4036      0.016    6.55298    4.79779     4.7277    4.72517
     11100          0        1.3     361.13    224.382    139.176    3252.73    1828.54    5081.27    2379.37    2469.09   0.749675   -85.8973    38.4281    2113.63    2368.92    2.71404    90.4674      0.016    6.52539     4.7852    4.72077    4.76462
     11000          0        1.3     361.13    225.555    129.716    3277.61    1867.79     5145.4    2378.67    2463.52   0.719878   -87.8348    39.0042     2110.2    2363.64     2.7201    83.0069      0.016    6.51748    4.76205    4.71569     4.7982
     10900          0        1.3     361.13    226.702    124.286     3293.2    1908.69    5201.89    2378.18    2458.58   0.692058   -89.8038    39.5127    2107.07    2358.77     2.7257    78.3128      0.016     6.5225     4.7371    4.71385    4.42016
     10800          0        1.3     361.13    227.816    121.117    3297.17    1946.42    5243.59     2377.8    2454.18   0.666488   -91.6181    39.9577    2104.25    2354.31    2.73086    75.6182      0.016    6.53606    4.71497    4.71408    4.43706
     10700          0        1.3     361.13    228.895    117.036    3302.79    1983.75    5286.54    2377.46     2450.2   0.643243   -93.2723    40.3448    2101.72    2350.24    2.73565      72.41      0.016    6.55525    4.69772    4.71795    4.45547
     10600          0        1.3     361.13    229.942    112.561    3312.64    2020.71    5333.35    2377.11    2446.57   0.622283     -94.87    40.6796    2099.43     2346.5    2.74013    68.7973      0.016    6.57814    4.68606    4.72593    4.47542
     10500          0        1.3     361.13    230.961    109.844    3322.75    2057.25       5380    2376.71     2443.2   0.603497   -96.4271    40.9683    2097.34    2343.02    2.74436    66.4097      0.016    6.60344    4.67999     4.7378    4.49704
     10400          0        1.3     361.13    231.957    108.149     3333.5    2091.49    5424.99    2376.26    2440.05   0.586726   -97.8822    41.2164    2095.41    2339.78    2.74839    64.9197      0.016    6.63031    4.67917    4.75317    4.52037
     10300          0        1.3     361.13    232.932     107.05    3337.65    2123.46    5461.11    2375.74    2437.07   0.571794   -99.2236    41.4292    2093.61    2336.72    2.75226    63.9259      0.016    6.65821    4.68308    4.77159     4.5454
     10200          0        1.3     361.13     233.89    105.865    3342.66    2155.27    5497.93    2375.16    2434.24   0.558516   -100.455    41.6113    2091.93    2333.81    2.75599    62.9639      0.016    6.68678    4.69117    4.79267    4.57202
     10100          0        1.3     361.13    234.834    103.656    3363.81    2184.13    5547.94    2374.51    2431.53   0.546709   -101.642    41.7671    2090.33    2331.03    2.75963    61.1753      0.016    6.71578     4.7029    4.41341    4.59996
     10000          0        1.3     361.13    235.761    101.118     3378.4    2212.37    5590.77     2373.8    2428.93   0.536213   -102.834    41.9003    2088.82    2328.38    2.76317    59.1062      0.016      6.745    4.71761    4.42996    4.21974
      9900          0        1.3     361.13    236.664    98.4056    3382.13    2240.01    5622.14    2373.08    2426.48   0.526897   -104.052     42.014    2087.41    2325.87     2.7666    56.8778      0.016     6.7742    4.73459    4.44607    4.23621
      9800          0        1.3     361.13    237.543    95.5584    3386.94    2266.21    5653.15    2372.33    2424.16   0.518614   -105.308    42.1111    2086.08    2323.48    2.76992    54.5264      0.016    6.20298    4.75339    4.46488    4.25519
      9700          0        1.3     361.13    238.404    92.6018    3389.28    2290.99    5680.27    2371.56    2421.93   0.511228   -106.607    42.1939    2084.81     2321.2    2.77313    52.0714      0.016    6.22933    4.77378    4.48576    4.27633
      9600          0        1.3     361.13    239.248    89.5575    3392.26    2314.38    5706.64    2370.77    2419.77    0.50462   -107.955    42.2647    2083.59    2318.99    2.77626    49.5303      0.016    6.25509    4.79554     4.5083    4.29927
      9500          0        1.3     361.13    240.079    86.4381    3393.63    2336.37       5730    2369.96    2417.68   0.498684   -109.353    42.3252    2082.42    2316.85    2.77933     46.914      0.016    6.28044    4.41392    4.53216    4.32369
      9400          0        1.3     361.13    240.891    84.0855    3411.81    2360.68    5772.49    2369.12    2415.63    0.49333   -110.787    42.3768    2081.27    2314.76    2.78234    44.8331      0.016    6.30537    4.42621    4.55691    4.34932
      9300   0.103394        1.3    361.233    241.679    82.1783    3429.19     2382.8    5811.99    2368.32     2413.7   0.488481   -112.238     42.421    2080.14    2312.73    2.78527    43.1407      0.016    6.32981    4.43938    4.58217    4.37586
      9200  0.0994289        1.3    371.569    242.427     80.359    3445.66    2404.08    5849.74    2372.93    2418.84   0.483927   -115.668    42.4588    2079.86    2311.73    2.78726    41.4898      0.016    6.35375    4.45578     4.2068    4.00098
      9100  0.0879576        1.3      381.5    243.135    78.6286    3454.29    2422.94    5877.24    2376.27    2422.36   0.479754   -118.509    42.4911    2080.52    2311.87     2.7886     39.886      0.016    6.37691    4.47434    4.22428     4.0164
      9000  0.0717925        1.3     390.28    243.814    77.0344       3461    2438.43    5899.43    2378.33    2424.25   0.476133   -120.765    42.5188    2081.15    2312.01    2.78998    38.3957      0.016    6.39897    4.49401    4.23742    4.02593
      8900  0.0751245        1.3    397.462    244.471    75.6015    3478.57    2454.61    5933.17    2379.14    2424.57   0.472993   -122.491    42.5426    2081.47     2311.8    2.79155    37.0476      0.016    6.41988    4.51409    4.25124    4.03648
      8800  0.0714521        1.3    404.971    245.112    74.2869    3484.76    2470.02    5954.78    2379.96    2424.94   0.470194    -124.18    42.5629    2081.55    2311.33    2.79319    35.8075      0.016    6.43979    4.53429    4.26594    4.04838
      8700  0.0678294        1.3    412.113    245.739    73.0723    3485.95    2484.68    5970.63    2380.39    2424.84   0.467643   -125.696    42.5804    2081.53    2310.76    2.79483    34.6579      0.016    6.45891    4.55447    4.28129    4.06145
      8600  0.0655615        1.3    418.894    246.356    71.9506    3492.23    2498.87    5991.11    2380.51    2424.38   0.465293   -127.072    42.5954    2081.39    2310.05     2.7965    33.5938      0.016    6.47737    4.57456    4.29721    4.07561
      8500  0.0633274        1.3    425.447    246.967    70.9093    3492.24    2512.61    6004.85    2380.43     2423.7   0.463101   -128.358    42.6083    2081.14    2309.23     2.7982    32.6049      0.016    6.49534    4.59452    4.31366    4.09076
      8400  0.0632972        1.3     431.78    247.571    70.3792    3495.65    2526.34    6021.99     2380.2    2422.84   0.461033   -129.557    42.6195    2080.82    2308.33    2.79991    32.0043      0.016    6.51292    4.21133    4.33058    4.10678
      8300  0.0460882        1.3    438.093    248.165    70.1798    3503.73    2536.47     6040.2    2379.94    2421.97   0.459062   -130.694     42.629    2080.46    2307.39    2.80162    31.7027      0.016    6.53036    4.22231    4.34778    4.12348
      8200  0.0460536        1.3    442.701    248.748    70.2348    3507.44     2546.6    6054.03    2378.76    2419.91   0.457193   -131.436    42.6372    2079.94    2306.28    2.80343    31.6275      0.016    6.54774    4.23129    4.36511    4.14101
      8100  0.0460545        1.3    447.307    249.322    70.5015    3514.28    2556.73       6071    2377.74    2418.08   0.455398   -132.176    42.6443    2079.26       2305    2.80529    31.7451      0.016    6.56498    4.24181    4.38267    4.15932
      8000  0.0446396        1.3    451.911    249.888    70.9328    3515.35    2566.56    6081.92    2376.82    2416.41   0.453638   -132.891    42.6505    2078.58    2303.72     2.8071    32.0134      0.016     6.5821    4.25429    4.00055    4.17811
      7900  0.0432556        1.3    456.373    250.451    71.5765     3523.5    2576.11    6099.61    2375.91    2414.76   0.451914   -133.535    42.6557    2077.91    2302.46    2.80887    32.4656      0.016    6.59913    4.26816     4.0156    4.19696
      7800  0.0391717        1.3    460.695    251.007    72.3917     3529.4     2584.8     6114.2       2375    2413.14   0.450233   -134.099    42.6603    2077.26    2301.22    2.81061    33.0774      0.016    5.81444    4.28291    4.02842    3.81149
      7700  0.0399392        1.3    464.613    251.553    73.3704    3533.09    2593.65    6126.74    2373.98     2411.4   0.448618   -134.526    42.6642    2076.61       2300    2.81234    33.8379      0.016    5.82899    4.29811    4.03921    3.82026
      7600  0.0359912        1.3    468.603    252.085     74.517    3538.95    2601.67    6140.62    2373.13    2409.91   0.447068   -134.915    42.6676    2075.98    2298.82    2.81401     34.752      0.016    5.84301    4.31344    4.05008    3.82919
      7500  0.0322168        1.3    472.198    252.605    75.8059    3550.21    2608.89    6159.09    2372.16    2408.28   0.445576   -135.161    42.6706    2075.37    2297.67    2.81564    35.7992      0.016    5.85662    4.32878    4.06187    3.83967
      7400  0.0284794        1.3    475.416    253.114    76.1693    3564.75    2615.32    6180.07    2371.11    2406.55   0.444139   -135.298    42.6731    2074.73     2296.5    2.81725    36.1951      0.016    5.86989     4.3441    4.07446    3.85144
      7300  0.0343289        1.3     478.27    253.616    76.0127    3580.67    2622.98    6203.66    2369.98    2404.75   0.442747   -135.389    42.6753    2074.06     2295.3    2.81888    36.1306      0.016     5.8829    4.35939    4.08772     3.8643
      7200   0.040205        1.3    481.709    254.111    75.5698    3600.31    2631.87    6232.18     2369.3    2403.53   0.441378   -135.643    42.6772    2073.44    2294.16    2.82042    35.8252      0.016    5.89571    4.37468    4.10154    3.87793
      7100    0.03456        1.3    485.724    254.597    74.9205    3620.69    2639.57    6260.26    2368.97    2402.76   0.440026   -136.028    42.6788    2072.94    2293.18    2.82185    35.3409      0.016    5.90836    4.38995    4.11576    3.89192
      7000 0.00981679        1.3    489.155    255.077    74.1296    3633.46     2642.1    6275.55     2368.3    2401.57   0.438717   -136.299    42.6803    2072.49    2292.26    2.82324    34.7335      0.016    5.92084    4.00458     4.1302    3.90627
      6900 0.00992972        1.3    490.137    255.556    73.2796    3646.24    2644.64    6290.88    2366.39    2398.77   0.437481   -136.134    42.6815    2071.81    2291.08    2.82486    34.0787      0.016    5.93316    4.01473    4.14488    3.92146
      6800  0.0306113        1.3     491.15    256.031    72.3732    3657.21    2651.51    6308.72    2364.78    2396.36   0.436275   -136.115    42.6826    2070.92    2289.64    2.82659    33.3777      0.016    5.94534    4.02256    4.15982    3.93753
      6700   0.024665        1.3    494.205    256.491    71.3893    3667.75    2657.12    6324.87    2364.45    2395.64   0.435032   -136.593    42.6835    2070.19    2288.42    2.82811    32.5993      0.016    5.95739    4.02957    4.17492    3.95369
      6600 0.00969488        1.3    496.657    256.937    70.3764    3679.02    2659.58     6338.6    2363.76    2394.43   0.433793   -136.945    42.6843    2069.66    2287.43    2.82948     31.786      0.016    5.96926    4.03664    4.18991    3.96965
      6500   0.015728        1.3    497.632    257.375    69.3544    3687.42    2663.31    6350.73    2362.33    2392.26   0.432614   -137.039     42.685    2069.01    2286.32    2.83096    30.9637      0.016    5.98089    4.04529    3.80441    3.98584
      6400  0.0141765        1.3    499.204    257.808    68.6169    3695.25     2666.7    6361.95    2361.39    2390.76    0.43146   -137.333    42.6856     2068.3    2285.14    2.83244    30.3455      0.016    5.99235    4.05521    3.81636    3.60169
      6300  0.0205303        1.3    500.628    258.232    68.0427    3703.89    2671.42    6375.31    2360.47    2389.27   0.430323    -137.62    42.6861    2067.65    2284.04    2.83385    29.8705      0.016    6.00364    4.06591    3.82668    3.61243
      6200  0.0226693        1.3    502.683    258.644    67.5589    3720.52    2676.57    6397.09    2359.97    2388.37   0.429222   -138.043    42.6866    2067.09    2283.07    2.83516    29.4667      0.016    6.01473    4.07704    3.83531    3.61923
      6100  0.0248759        1.3    504.952     259.04    67.1557    3738.01    2682.18    6420.19    2359.62    2387.65   0.428165   -138.483     42.687    2066.66    2282.25    2.83635    29.1268      0.016    6.02556    4.08833    3.84294    3.62569
      6000    0.02714        1.3    507.442    259.422     66.806    3744.62    2688.26    6432.88    2359.39    2387.11   0.427161   -138.934    42.6873    2066.32    2281.54    2.83746    28.8299      0.016    6.03608    4.09963    3.85094    3.63283
      5900  0.0168791        1.3    510.146    259.791    66.4977    3753.16    2692.17    6445.34    2359.26    2386.71   0.426208   -139.388    42.6876    2066.04    2280.93    2.83848    28.5664      0.016    6.04626    4.11089    3.85962    3.64053
      5800  0.0237159        1.3     511.84    260.153    66.2407    3767.95    2697.52    6465.47    2358.56    2385.58   0.425315   -139.609    42.6879    2065.72    2280.27    2.83954    28.3488      0.016    6.05613    4.12208    3.86873    3.64891
      5700  0.0239464        1.3    514.212    260.509    66.0137    3772.99    2702.91     6475.9    2358.31    2385.03   0.424458   -139.971    42.6881    2065.37    2279.58    2.84059    28.1581      0.016    6.06575     4.1332     3.8782    3.65785
      5600  0.0234916        1.3    516.606    260.857    65.8114    3776.32     2708.2    6484.52    2358.06    2384.49   0.423621   -140.311    42.6883    2065.08    2278.96    2.84157    27.9884      0.016    6.07516    4.14424    3.88791    3.66711
      5500  0.0230591        1.3    518.955    261.201    65.6342    3789.59     2713.4       6503    2357.78     2383.9    0.42281   -140.618    42.6885     2064.8    2278.37    2.84253     27.841      0.016    6.08439    4.15521    3.89778    3.67664
      5400  0.0215788        1.3     521.26     261.54    64.7524    3802.22    2718.29    6520.51    2357.48    2383.29   0.422024   -140.911    42.6886    2064.52    2277.77    2.84349     27.175      0.016    6.09345    4.16608    3.90777    3.68642
      5300  0.0201112        1.3    523.416    261.876    63.4469     3807.3    2722.86    6530.16     2357.1    2382.58   0.421258   -141.211    42.6887    2064.22    2277.16    2.84445    26.1271      0.016    6.10237    4.17687    3.91786    3.69642
      5200  0.0343606        1.3    525.441    262.209    61.9063    3824.68    2730.45    6555.14    2356.67    2381.81    0.42051   -141.544    42.6888     2063.9    2276.53    2.84542    24.8721      0.016    6.11119    4.18758    3.92804    3.70663
      5100  0.0299948        1.3    528.873    262.537    60.1898    3829.07    2737.12    6566.19    2357.01    2382.05   0.419755   -142.211    42.6889    2063.68    2276.02    2.84627    23.4563      0.016    6.12019    4.19821    3.93827    3.71673
      5000  0.0256409        1.3    531.868     262.86    58.3295    3830.94    2742.86     6573.8    2357.01    2381.82   0.419015   -142.799     42.689    2063.56    2275.62    2.84706    21.9075      0.016    6.12936    3.80722    3.94843    3.72666
      4900  0.0307396        1.3    534.437    263.181    56.3897    3834.24    2749.67    6583.91    2356.73    2381.24    0.41831   -143.344    42.6891    2063.38    2275.16     2.8479    20.2803      0.016    6.13854    3.81395    3.95849    3.73667
      4800  0.0328052        1.3    537.513    263.496    54.3633    3835.15    2756.93    6592.08    2356.74    2381.03   0.417617   -144.047    42.6891    2063.18    2274.69    2.84872    18.5708      0.016    6.14767    3.81973    3.96843    3.74666
      4700  0.0349008        1.3    540.796    263.804    52.2672    3842.01    2764.62    6606.63     2356.8     2380.9   0.416931   -144.827    42.6892    2063.03    2274.28    2.84948    16.7885      0.016    6.15669    3.82515    3.97822     3.7565
      4600  0.0254909        1.3    544.277    264.106    50.1326    3843.97    2770.32    6614.29    2356.92    2380.84   0.416256   -145.676    42.6892    2062.93    2273.92     2.8502    14.9624      0.016    6.16555    3.83045    3.98781    3.76615
      4500  0.0207884        1.3    546.821    264.404    47.9579     3847.7    2775.01    6622.72    2356.49    2380.06    0.41561   -146.374    42.6893    2062.76     2273.5    2.85097    13.0951      0.016    6.17423    3.83576    3.99724    3.77581
      4400  0.0288149        1.3    548.908      264.7    46.1223    3852.06    2781.41    6633.48    2355.85    2379.02   0.414983   -147.053    42.6893    2062.46    2272.92    2.85183    11.4709      0.016    6.18275    3.84113    3.60595    3.78566
      4300  0.0293426        1.3     551.79    264.992    44.4601    3854.03    2787.92    6641.95    2355.72    2378.65   0.414344   -147.945    42.6894    2062.18    2272.37    2.85264     9.9981      0.016    6.19116    3.84657    3.61358    3.79522
      4200  0.0313116        1.3    554.726    265.278    42.8887    3860.45    2794.84     6655.3     2355.6    2378.29   0.413698   -148.854    42.6894    2061.98    2271.91    2.85337    8.59471      0.016    6.19945    3.85213    3.62073    3.40363
      4100  0.0276781        1.3    557.854    265.556    41.3905    3870.89    2800.99    6671.88    2355.57    2378.05   0.413066   -149.803    42.6894    2061.82    2271.52    2.85406    7.24871      0.016    5.40675    3.85829    3.62715    3.40905
      4000  0.0339436        1.3    560.628    265.827    39.9422    3881.73    2808.46    6690.19    2355.33    2377.55   0.412464   -150.679    42.6894    2061.66    2271.13    2.85474    5.94267      0.016    5.41349    3.86489     3.6327    3.41292
      3900  0.0402522        1.3    564.028     266.09     38.519    3895.35    2817.27    6712.62    2355.45    2377.53   0.411884   -151.686    42.6894    2061.54    2270.78    2.85537    4.65456      0.016    5.41985    3.87169    3.63763    3.41593
      3800   0.032317        1.3    568.046     266.34    37.1036    3907.46    2824.38    6731.84    2355.85    2377.89   0.411319   -152.792    42.6895    2061.53    2270.58    2.85587    3.36797      0.016     5.4259    3.87853    3.64207    3.41829
      3700  0.0306206        1.3    571.276    266.582    35.1277    3923.72    2831.12    6754.84    2355.75     2377.6   0.410795   -153.714    42.6895    2061.53     2270.4    2.85638    1.70243      0.016    5.43164    3.88529    3.64621    3.42084
      3600  0.0289523        1.3    574.336    266.816    31.6253    3937.59    2837.51     6775.1    2355.58    2377.22   0.410308   -154.688    42.6895    2061.45    2270.13    2.85693   -1.24251      0.016     5.4371    3.89192    3.65038     3.4241
      3500  0.0363336        1.3    577.239    267.045    27.4569    3950.71    2845.46    6796.17    2355.35    2376.76   0.409837   -155.777    42.6895    2061.34    2269.82    2.85749   -4.76982      0.016    5.44232     3.8984    3.65472    3.42791
      3400  0.0306294        1.3    580.866    267.267    23.0326    3959.89     2852.2    6812.08    2355.53    2376.85   0.409366   -157.165    42.6895    2061.26    2269.57    2.85797     -8.562      0.016    5.44737    3.90472    3.65922    3.43197
      3300  0.0312646        1.3     583.93    267.484    18.3657    3960.02    2859.06    6819.08    2355.37    2376.49   0.408906   -158.573    42.6895    2061.22    2269.35    2.85845   -12.5745      0.016    5.45223     3.9109    3.66382    3.43625
      3200  0.0319182        1.3    587.057    267.696    14.0349    3961.16    2866.07    6827.23    2355.26    2376.21   0.408461   -160.144    42.6895    2061.13    2269.09    2.85894   -16.4198      0.016    5.45695    3.91694    3.66852    3.44077
      3100  0.0307156        1.3    590.248    267.905    11.0155     3961.6    2872.81    6834.41    2355.19    2375.98   0.408021   -161.803    42.6895    2061.05    2268.84     2.8594    -19.189      0.016    5.46153    3.92285    3.67332    3.44545
      3000  0.0295253        1.3    593.318     268.11    8.47009    3964.18     2879.3    6843.49    2355.06    2375.67   0.407588   -163.457    42.6895    2060.97    2268.59    2.85987   -21.5606      0.016    5.46601    3.92864     3.6782    3.45027
      2900  0.0327939        1.3    596.274    268.312     6.2643     3967.2    2886.49    6853.69    2354.88     2375.3   0.407161   -165.092    42.6895    2060.87    2268.32    2.86034   -23.6482      0.016    5.47039    3.93433    3.68314    3.45522
      2800  0.0309309        1.3    599.551    268.512    4.29369    3970.58    2893.28    6863.85    2354.89    2375.18   0.406735   -166.779    42.6895    2060.79    2268.08    2.86078   -25.5358      0.016     5.4747    3.93992    3.68814    3.46023
      2700  0.0468339        1.3     602.66    268.708    2.32398     3974.2    2903.47    6877.67     2354.8    2374.92   0.406312   -168.406    42.6895    2060.72    2267.85    2.86121   -27.3914      0.016    5.47893    3.94543    3.69317    3.46527
      2600  0.0225852        1.3    607.319    268.899 0.00253894    3987.03    2908.47     6895.5    2355.53    2375.74    0.40588   -170.318    42.6895    2060.77    2267.77     2.8615   -29.5415      0.016    5.48309    3.95085    3.69817    3.47006
      2500  0.0403859        1.3    609.596    269.089   -2.39556     3987.5    2917.28    6904.78    2354.85    2374.71   0.405483   -171.736    42.6895    2060.77    2267.63     2.8619   -31.7559      0.016    5.48714    3.95619    3.70308    3.47494
      2400  0.0381166        1.3    613.632    269.278   -4.83124    3988.97     2925.6    6914.57    2355.23    2375.08   0.405091   -173.551    42.6895     2060.7    2267.41    2.86229   -34.0069      0.016    5.49111    3.96144    3.70804     3.4799
      2300  0.0351549        1.3    617.441    269.463   -7.29976    3989.53    2933.29    6922.82    2355.41    2375.17    0.40469   -175.304    42.6895    2060.75    2267.32     2.8626   -36.2892      0.016    5.49502    3.96662    3.71295    3.48467
      2200  0.0321942        1.3    620.953    269.646   -9.62894    3996.67    2940.34    6937.01    2355.39       2375   0.404306   -177.002    42.6895    2060.77    2267.21    2.86293   -38.4816      0.016    5.49886    3.97171     3.7178    3.48944
      2100  0.0318022        1.3    624.172    269.828   -11.5457     3996.7    2947.32    6944.01    2355.21    2374.64   0.403935   -178.644    42.6895    2060.73    2267.02    2.86331   -40.3285      0.016    5.50262    3.97672    3.72263    3.49431
      2000  0.0314131        1.3    627.352    270.011   -13.2899    3996.89     2954.2    6951.09    2355.05    2374.29   0.403565   -180.273    42.6896    2060.65     2266.8    2.86371   -42.0254      0.016    5.50634    3.98167    3.72749    3.49929
      1900  0.0335181        1.3    630.496    270.192   -14.9027    3997.91    2961.55    6959.46    2354.88    2373.94    0.40319   -181.882    42.6896    2060.56    2266.56    2.86411   -43.6078      0.016    5.51004    3.98654    3.73238    3.50434
      1800  0.0332975        1.3    633.847    270.373   -16.4171    3997.96    2968.84     6966.8    2354.85    2373.77   0.402809    -183.51    42.6896    2060.48    2266.33    2.86449   -45.1029      0.016    5.51372    3.99137    3.73729     3.5094
      1700  0.0369392        1.3    637.181    270.552   -17.9476    3999.21    2976.91    6976.12     2354.8    2373.58   0.402426   -185.103    42.6896    2060.43    2266.14    2.86485   -46.5918      0.016    5.51738    3.99616    3.74219    3.51443
      1600  0.0438574        1.3    640.881    270.729   -19.6711    4000.76    2986.47    6987.24    2354.95    2373.64   0.402041   -186.742    42.6896    2060.41    2265.99    2.86518   -48.2387      0.016    5.52101    3.60082    3.74707    3.51936
      1500   0.034952        1.3    645.258    270.902   -21.4602    4002.78    2994.12     6996.9    2355.42    2374.12   0.401653   -188.476    42.6896    2060.48    2265.94    2.86542   -49.9419      0.016    5.52459    3.60403    3.75184    3.52403
      1400  0.0267267        1.3    648.745    271.071   -23.2824    4004.32       3000    7004.31    2355.32    2373.87   0.401286   -190.002    42.6896    2060.55    2265.89    2.86569   -51.6707      0.016    5.52807    3.60626    3.75642     3.5286
      1300  0.0296124        1.3    651.421    271.239   -25.1113    4009.65    3006.49    7016.14    2354.82    2373.08   0.400945   -191.385    42.6896    2060.47    2265.67    2.86608   -53.4013      0.016    5.53145    3.60805    3.76089    3.53339
      1200  0.0324749        1.3    654.385    271.404   -26.6665    4026.75     3013.6    7040.35    2354.56    2372.62     0.4006   -192.853    42.6896    2060.32    2265.38    2.86648   -54.9445      0.016    5.53474    3.60963    3.76535    3.53833
      1100  0.0349827        1.3    657.635    271.566   -27.4767     4040.8    3021.25    7062.04    2354.49    2372.41   0.400239   -194.349    42.6896    2060.22    2265.14    2.86684    -55.862      0.016    5.53798    3.61111    3.76979    3.54321
      1000  0.0368531        1.3    661.135    271.723    -27.964    4052.76    3029.29    7082.05    2354.56    2372.37    0.39987   -195.822    42.6896    2060.17    2264.98    2.86714   -56.4978      0.016    5.54115    3.61252    3.77414    3.54792
       900  0.0356255        1.3    664.819    271.874   -28.1025    4065.17    3037.06    7102.23     2354.7    2372.44   0.399505   -197.238    42.6896    2060.18    2264.88    2.86739   -56.8396      0.016    5.54423     3.6139    3.77836    3.55243
       800   0.052011        1.3    668.398    272.022   -27.9762    4078.86    3048.36    7127.22    2354.76    2372.39   0.399153    -198.53    42.6896    2060.21     2264.8    2.86762   -56.9424      0.016     5.5472    3.61536    3.78243    3.55676
       700  0.0548532        1.3    673.602    272.162   -27.5561    4090.39    3060.27    7150.66    2355.67    2373.46   0.398796   -200.009    42.6896    2060.36    2264.87    2.86772   -56.8046      0.016    5.55006    3.61683    3.78631    3.56064
       600  0.0408323        1.3    679.073    272.294   -26.6852    4111.88    3069.15    7181.03    2356.54    2374.47   0.398452   -201.352    42.6896    2060.68    2265.14    2.86768   -56.2775      0.016    5.55277    3.61826    3.78985    3.56389
       500  0.0377502        1.3    683.153    272.423    -25.517     4133.9    3077.37    7211.27    2356.54    2374.34   0.398159   -202.261    42.6896    2060.92    2265.33    2.86775   -55.4792      0.016    5.55528    3.61961    3.79308    3.56699
       400  0.0468367        1.3    686.938    272.553   -24.0264    4168.38    3087.54    7255.93     2356.4    2374.04     0.3979   -203.002    42.6896    2060.99    2265.31    2.86793   -54.3933      0.016    5.55763    3.62087    3.79615    3.57023
       300  0.0229849        1.3    691.597    272.679   -22.2913    4192.21    3092.59     7284.8    2356.77     2374.4    0.39763   -203.784    42.6896    2061.07    2265.31    2.86806   -53.0798      0.016    5.55988    3.62206    3.79916    3.57338
       200  0.0203383        1.3    693.893    272.808     -20.05    4222.86    3097.07    7319.94    2355.82    2373.05   0.397379   -203.989    42.6896    2061.03    2265.17    2.86833   -51.3576      0.016    5.56205    3.62334    3.40196    3.57677
       100  0.0390932        1.3    695.946     272.94   -16.8903    4238.68    3105.59    7344.27    2354.94     2371.8   0.397131   -204.063    42.6896    2060.76    2264.76    2.86877   -48.8359      0.016     5.5642    3.62504    3.40477    3.58069
         0  0.0385023        1.3    699.855    273.071   -13.2621    4241.51    3113.97    7355.49     2355.2    2372.04   0.396829   -204.341    42.6896    2060.59    2264.47    2.86905   -45.8917      0.016    5.56641    3.62703    3.40769     3.5845