      20000           0           0           0     179.437      354.04     78.9895     14.2831     93.2726     2343.43     2426.93    0.785391      6.5598     39.9574     2049.96      2345.7     2.72671     271.433       0.016     5.73044     4.59858     4.35318     4.39114
      19900           0           0           0     179.437      353.13     151.419     29.7361     181.156     2343.43     2426.93    0.785563     6.43382     39.9574     2049.96      2345.7     2.72686     270.633       0.016     5.73044     4.59858     4.35318     4.39114
      19800           0           0           0     179.437     352.506     228.894     46.3592     275.253     2343.43     2426.93    0.785735     6.30822     39.9574     2049.96      2345.7     2.72701     270.044       0.016     5.73044     4.59858     4.35318     4.39114
      19700           0           0           0     179.437     352.255     299.319     60.5222     359.841     2343.43     2426.93    0.785907     6.19879     39.9574     2049.96      2345.7     2.72716     269.745       0.016     5.73044     4.59858     4.35318     4.39114
      19600           0           0           0     179.437      352.29     351.209     72.5053     423.714     2343.43     2426.93    0.786079     6.12087     39.9574     2049.96      2345.7     2.72731     269.689       0.016     5.73044     4.59858     4.35318     4.39114
      19500           0           0           0     179.437     350.597     414.692     82.0183      496.71     2343.43     2426.93    0.786251     6.05158     39.9574     2049.96      2345.7     2.72746     268.519       0.016     5.73044     4.59858     4.35318     4.39114
      19400           0           0           0     179.437     347.879     487.353     94.1014     581.454     2343.43     2426.93    0.786423     5.90477     39.9574     2049.96      2345.7     2.72761     266.477       0.016     5.73044     4.59858     4.35318     4.39114
      19300           0           0           0     179.437     345.374     558.279     106.214     664.494     2343.43     2426.93    0.786595     5.65656     39.9574     2049.96      2345.7     2.72775     264.481       0.016     5.73044     4.59858     4.35318     4.39114
      19200           0           0           0     179.437     342.873     620.606     118.358     738.963     2343.43     2426.93    0.786767     5.32496     39.9574     2049.96      2345.7      2.7279     262.498       0.016     5.73044     4.59858     4.35318     4.39114
      19100           0           0           0     179.437      342.02     681.386     130.011     811.397     2343.43     2426.93    0.786938     4.94128     39.9574     2049.96      2345.7     2.72805     261.588       0.016     5.73044     4.59858     4.35318     4.39114
      19000           0           0           0     179.437     342.156      741.53     142.474     884.004     2343.43     2426.93     0.78711     4.58749     39.9574     2049.96      2345.7      2.7282     261.511       0.016     5.73044     4.59858     4.35318     4.39114
      18900           0           0           0     179.437     340.553     800.577     155.747     956.323     2343.43     2426.93    0.787281     4.26219     39.9574     2049.96      2345.7     2.72835      260.36       0.016     5.73044     4.59858     4.35318     4.39114
      18800           0           0           0     179.437     337.986     870.831      166.28     1037.11     2343.43     2426.93    0.787452     3.87637     39.9574     2049.96      2345.7      2.7285     258.368       0.016     5.73044     4.59858     4.35318     4.39114
      18700           0           0           0     179.437      336.21     952.601     178.113     1130.71     2343.43     2426.93    0.787624     3.41716     39.9574     2049.96      2345.7     2.72864     256.824       0.016     5.73044     4.59858     4.35318     4.39114
      18600           0           0           0     179.437     334.818     1047.59     192.576     1240.17     2343.43     2426.93    0.787795     2.92873     39.9574     2049.96      2345.7     2.72879     255.619       0.016     5.73044     4.59858     4.35318     4.39114
      18500           0           0           0     179.437     333.482     1150.05     201.259     1351.31     2343.43     2426.93    0.787966     2.42444     39.9574     2049.96      2345.7     2.72894     254.469       0.016     5.73044     4.59858     4.35318     4.39114
      18400           0           0           0     179.437     332.205     1219.19     209.492     1428.69     2343.43     2426.93    0.788137      1.9065     39.9574     2049.96      2345.7     2.72909     253.357       0.016     5.73044     4.59858     4.35318     4.39114
      18300           0           0           0     179.437     329.228      1275.7     218.075     1493.77     2343.43     2426.93    0.788308     1.34924     39.9574     2049.96      2345.7     2.72924     251.114       0.016     5.73044     4.59858     4.35318     4.39114
      18200           0           0           0     179.437       325.2      1360.8     226.658     1587.45     2343.43     2426.93    0.788478    0.672723     39.9574     2049.96      2345.7     2.72938      247.97       0.016     5.73044     4.59858     4.35318     4.39114
      18100           0           0           0     179.437     321.768     1469.79     234.714      1704.5     2343.43     2426.93    0.788649   -0.137283     39.9574     2049.96      2345.7     2.72953      245.11       0.016     5.73044     4.59858     4.35318     4.39114
      18000           0           0           0     179.437     318.559     1574.09     243.331     1817.42     2343.43     2426.93     0.78882    -1.04056     39.9574     2049.96      2345.7     2.72968     242.443       0.016     5.73044     4.59858     4.35318     4.39114
      17900           0           0           0     179.437      317.64     1670.99     253.364     1924.35     2343.43     2426.93     0.78899    -1.98653     39.9574     2049.96      2345.7     2.72983     241.293       0.016     5.73044     4.59858     4.35318     4.39114
      17800           0           0           0     179.437     318.134        1766     264.257     2030.25     2343.43     2426.93    0.789161    -2.86227     39.9574     2049.96      2345.7     2.72997     241.331       0.016     5.73044     4.59858     4.35318     4.39114
      17700           0           0           0     179.437     316.312     1860.47      274.54     2135.01     2343.43     2426.93    0.789331    -3.66765     39.9574     2049.96      2345.7     2.73012     239.957       0.016     5.73044     4.59858     4.35318     4.39114
      17600           0           0           0     179.437     313.229     1943.92     288.828     2232.75     2343.43     2426.93    0.789502    -4.52282     39.9574     2049.96      2345.7     2.73027     237.487       0.016     5.73044     4.59858     4.35318     4.39114
      17500           0           0           0     179.437     313.298     2011.35     302.776     2314.12     2343.43     2426.93    0.789672    -5.41147     39.9574     2049.96      2345.7     2.73042     237.026       0.016     5.73044     4.59858     4.35318     4.39114
      17400           0           0           0     182.115     344.137     2042.72     312.444     2355.16     2337.81     2427.24    0.817182    -7.03503     39.0482     2090.19     2390.75     2.64272     282.715       0.016      5.7211     4.59193      4.3525     4.39344
      17300           0           0           0     182.934     353.815     2073.54     322.233     2395.78     2333.75     2428.42    0.848489    -7.23612     38.2531     2099.33     2400.72     2.62299     291.111       0.016     5.71793     4.58375     4.34297     4.38361
      17200           0           0           0      183.39     359.881     2096.59     335.928     2432.52     2330.58     2429.87    0.876868    -7.02974     37.5586     2103.93      2405.7     2.61341     296.236       0.016     5.72125     4.57463     4.32783     4.36492
      17100           0           0           0     183.841     363.835     2099.91     350.717     2450.63     2328.02     2431.38    0.901834    -6.64495     36.9519     2107.52     2409.45     2.60581     299.608       0.016     5.72871     4.56346     4.30774     4.33998
      17000           0           0           0     184.395     366.328     2106.32     368.422     2474.74     2325.94     2432.88    0.923629    -6.19849      36.422     2110.68     2412.53     2.59894     301.804       0.016     5.73799     4.54879     4.28324     4.31057
      16900           0           0           0     185.076     363.157     2119.69     386.971     2506.66     2324.24     2434.34    0.942573    -5.83044     35.9588     2113.56      2415.1     2.59263     299.792       0.016     5.74731     4.52873     4.25519     4.27796
      16800           0           0           0     185.879      356.08     2132.94     406.282     2539.22     2322.88     2435.75     0.95898    -5.80695     35.5537     2116.22     2417.24     2.58687      294.26       0.016     5.75543     4.50524     4.22418     4.24311
      16700           0           0           0     186.789     347.713     2143.96     427.383     2571.34      2321.8     2437.11     0.97314    -6.22983      35.199      2118.7     2419.03     2.58162     287.424       0.016     5.76158     4.47861      4.5905     4.20736
      16600           0           0           0     187.792     338.163     2156.83      452.74     2609.57     2320.95     2438.38    0.985304    -7.09448     34.8882     2121.04     2420.52     2.57681     279.594       0.016     5.76538     4.44944     4.55473     4.57412
      16500           0           0           0     188.875     339.172     2164.82     472.218     2637.03      2320.3     2439.58    0.995708    -8.20911     34.6155     2123.26     2421.76      2.5724     279.344       0.016      5.7667     4.41878      4.5183     4.53859
      16400   0.0650992           0   0.0650992     190.027      347.24     2171.37     496.159     2667.52     2319.86      2440.7     1.00457    -8.99678      34.376     2125.37     2422.79     2.56833     285.676       0.016     5.76561     4.78854     4.48125     4.50183
      16300    0.111926           0     6.62185      191.31     352.193     2187.86     517.365     2705.22     2323.04     2441.76     1.01208    -10.7661     34.1655     2127.47     2423.65     2.56507     290.397       0.016     5.76229     4.75452     4.44482     4.46801
      16200    0.075701           0     17.7782     192.795     355.467     2209.41     544.015     2753.42     2328.08     2442.77     1.01846    -13.0117     33.9801     2129.66     2424.36     2.56322     293.462       0.016     5.75704     4.71898     4.41094     4.44113
      16100  0.00966992           0     25.2823      194.41     346.979     2227.24     573.342     2800.59     2330.24     2443.71     1.02388    -13.9891     33.8167     2131.88     2424.94     2.56203     287.817       0.016     5.75027     4.68294     4.77961     4.41843
      16000           0           0     26.2396     196.009     330.602     2235.09     601.037     2836.12     2328.59      2444.6     1.02839    -13.9222     33.6725     2133.98     2425.43      2.5602     274.854       0.016     5.74245     4.64754     4.74998     4.79702
      15900           0           0     26.2396      197.54     322.246     2238.02     627.349     2865.37     2326.92     2445.41     1.03202    -14.4737     33.5449     2135.92     2425.84      2.5575     267.065       0.016     5.73387     4.61413     4.72116     4.77195
      15800   0.0219197           0     26.2615     199.033     318.736     2244.02     650.676     2894.69     2325.73     2446.16     1.03485    -15.3471      33.432     2137.76     2426.18     2.55448     263.931       0.016     5.72469     4.98402     4.69166     4.74327
      15700    0.032293           0     28.4638     200.533     316.417     2250.74     673.653     2924.39     2326.07     2446.86       1.037    -16.7925     33.3317     2139.53     2426.47     2.55153     261.997       0.016     5.71499     4.95161     4.66193     4.71402
      15600   0.0365918           0     31.6974     202.071     315.126      2258.9     694.342     2953.24     2326.98     2447.52     1.03859    -18.3723     33.2426      2141.3     2426.71     2.54887     260.904       0.016     5.70479     4.91914     4.63268     4.68625
      15500    0.034189           0     35.3542     203.645     313.073     2267.03     714.227     2981.26     2328.04     2448.13     1.03969    -19.8872     33.1631     2143.06     2426.91      2.5464     259.376       0.016     5.69436     4.88701     4.60448      4.6603
      15400   0.0725297           0     38.8115     205.243     310.628     2280.02      732.99     3013.01     2328.88     2448.71     1.04037    -21.2471     33.0921     2144.81     2427.09     2.54394     257.453       0.016     5.68391     4.85576     4.97641     4.63582
      15300    0.126991           0     46.1189     206.898     309.731     2301.07     753.409     3054.48     2331.73     2449.26     1.04068    -23.3759     33.0283     2146.59     2427.26     2.54172      256.68       0.016     5.67351     4.82578      4.9494      4.6145
      15200    0.167891           0     58.8589     208.685     309.803     2322.99     772.797     3095.78     2337.02     2449.76     1.04069    -26.3788     32.9709     2148.47     2427.43     2.54029     256.846       0.016     5.66331     5.19962     4.92574     4.60281
      15100    0.243948           0     75.7241      210.65      316.03     2353.67     790.921     3144.59     2343.56     2450.21     1.04048    -29.6339      32.919     2150.52     2427.59     2.53981     261.749       0.016     5.65362      5.1747      4.9077     4.60027
      15000    0.310185           0     100.185     212.851      326.44     2398.06     807.373     3205.43     2352.98     2450.62     1.04011    -33.5054     32.8718     2152.76     2427.76     2.54047     270.617       0.016     5.64484     5.15056     4.89606     4.60638
      14900    0.362739           0     131.256     215.346      334.23     2452.75     820.674     3273.42     2364.22     2451.01     1.03966    -37.4927     32.8288     2155.25     2427.92      2.5425     277.969       0.016     5.63741     5.12701     4.89146     4.62126
      14800    0.339498           0     167.507     218.147     340.506     2518.19     831.805        3350      2376.2     2451.39     1.03917    -41.3544     32.7892     2158.01      2428.1     2.54569     283.904       0.016      5.6318     5.10656     4.89447     4.64778
      14700           0           0     201.117     221.108     331.132     2576.32     839.692     3416.01     2384.64     2451.77     1.03868    -43.7125     32.7525     2160.89     2428.31      2.5497     277.941       0.016     5.62854     5.09024      4.9058     4.68376
      14600           0           0     201.117     215.082     262.303     2593.59      860.45     3454.04     2377.75     2452.03     1.01152    -39.5414     33.7363     2120.43     2386.78     2.72143     199.218       0.016     6.53591     4.85826     4.66432     4.73079
      14500           0           0     201.117     213.407     235.376     2594.41      886.39      3480.8     2373.21     2451.63    0.975291    -40.6896     34.6823     2114.06     2381.05     2.74512     173.817       0.016     6.77608     4.67814     4.42515      4.4055
      14400           0           0     201.117      213.83     218.766     2601.24     913.915     3515.16     2370.81     2451.09    0.937721    -43.6605     35.5885     2110.61     2376.49     2.75196     158.919       0.016     6.59245     4.42236     4.50135     4.47224
      14300           0           0     201.117     214.963     204.478     2611.05     938.102     3549.15     2369.96     2450.45    0.899307    -47.1057     36.4418     2107.97      2372.1     2.75733     147.065       0.016     6.50082     4.48614     4.52871     4.52838
      14200           0           0     201.117     216.269     192.304      2627.6     960.385     3587.99     2370.08     2449.64    0.861211     -50.542     37.2291     2105.66     2367.93     2.76249     137.106       0.016       6.501     4.50741       4.532      4.5701
      14100           0           0     201.117      217.57     185.723     2644.75     981.149      3625.9     2370.78     2448.67    0.824517    -53.6949     37.9427     2103.56     2364.03     2.76741     131.382       0.016       6.501     4.50472     4.52623     4.59931
      14000           0           0     201.117     218.812     182.658     2671.19     999.322     3670.52     2371.76     2447.55    0.790001    -56.3293     38.5803     2101.62      2360.4     2.77205     128.711       0.016       6.501     4.49123      4.5182     4.21431
      13900           0           0     201.117     219.987     177.641     2702.87      1019.9     3722.77     2372.85     2446.33    0.758133     -58.475     39.1438     2099.83     2357.03     2.77642     124.958       0.016       6.501     4.47483      4.5099     4.22042
      13800           0           0     201.117     221.097     171.773      2725.8     1037.32     3763.12     2373.92     2445.03    0.729108     -60.362     39.6376     2098.17      2353.9     2.78056     120.374       0.016       6.501     4.45973     4.50356     4.22544
      13700           0           0     201.117     222.148     167.493     2764.62     1056.52     3821.15     2374.89     2443.67    0.702935    -62.0816     40.0676     2096.64     2350.99      2.7845     116.859       0.016     6.50103     4.44797     4.50064     4.23134
      13600           0           0     201.117     223.147     164.106     2796.19     1074.58     3870.77     2375.73     2442.23    0.679513    -63.6283     40.4403      2095.2     2348.26     2.78825     114.121       0.016     6.52606     4.44033     4.50151      4.2388
      13500           0           0     201.117     224.103     167.288     2828.14     1086.31     3914.45     2376.41     2440.74    0.658667    -64.9234     40.7621     2093.85     2345.68     2.79186     116.087       0.016     6.55223     4.43697     4.50606     4.24827
      13400           0           0     201.117      225.02      174.47     2858.76     1100.33     3959.09     2376.92     2439.21    0.640184    -65.6975     41.0391     2092.57     2343.22     2.79535     121.572       0.016     6.57895     4.43766     4.51398     4.25992
      13300           0           0     201.117     225.904     171.509     2889.99     1111.29     4001.28     2377.26     2437.63    0.623838    -66.0891      41.277     2091.34     2340.87     2.79874     120.195       0.016     6.60588     4.44205     4.52496     4.27378
      13200           0           0     201.117     229.452     192.314     2904.02     1121.75     4025.77     2370.18      2436.1     0.66178    -66.5405     40.2965     2128.87     2381.62     2.68414     152.748       0.016     6.31631     4.44953     4.54935     4.29245
      13100           0           0     201.117     231.687     198.907     2912.07     1125.93        4038     2364.45     2435.41    0.700575    -65.9494     39.3976     2138.05     2390.26     2.65369     159.141       0.016     6.57295     4.44861     4.56416     4.30209
      13000           0           0     201.117     233.485     204.784     2928.16     1130.93     4059.09     2359.59     2435.01    0.735631    -64.9815     38.5929     2142.56     2393.84     2.63782     164.968       0.016     5.97379      4.4332     4.56386     4.30235
      12900   0.0352881           0     201.152     234.921      211.06     2929.11     1134.72     4063.83     2355.45     2434.76    0.766591      -63.84     37.8817     2145.66      2396.1     2.62629     170.864       0.016     6.13629     4.41033     4.55348     4.29378
      12800   0.0629377           0     204.709     236.046     217.392     2936.37     1139.55     4075.92     2353.78      2434.6    0.793854    -63.3347     37.2566     2148.01     2397.79     2.61777      176.77       0.016     5.46421     4.78428     4.53797     4.28001
      12700   0.0081789           0     210.948     237.151     219.611     2938.25        1145     4083.25     2353.64     2434.52    0.817909    -63.2637      36.708     2150.08     2399.16     2.61057     179.422       0.016     5.56283     4.75573     4.52043      4.2652
      12600           0           0     211.758     238.375     218.937     2955.11     1151.78     4106.89     2350.45     2434.52    0.838961    -62.0606      36.226     2152.07     2400.34      2.6028     179.336       0.016     5.64039      4.7249     4.50042     4.24715
      12500           0           0     211.758       239.6      218.79     2969.45     1159.17     4128.61     2347.37     2434.59    0.857281    -61.0568     35.8017     2153.96     2401.41      2.5947     179.389       0.016      5.7006     4.69301     4.47756     4.22389
      12400           0           0     211.758      240.82     218.769     2985.91     1164.45     4150.36     2344.82     2434.71    0.873192    -60.3683     35.4274     2155.78     2402.41     2.58668     179.598       0.016     5.74742     4.66119     4.45262     4.59957
      12300           0           0     211.758     242.042     217.435     2991.41     1169.19      4160.6     2342.71     2434.86     0.88699    -59.9657     35.0963     2157.56     2403.36     2.57885     178.735       0.016     5.78415     4.63169      4.4289     4.57465
      12200   0.0546509           0     211.812     243.275     215.119     3000.38     1175.22      4175.6     2340.98     2435.05    0.898947    -59.8851     34.8029      2159.3     2404.27     2.57121     176.928       0.016     5.01166     4.60505     4.40576     4.54777
      12100     0.12109           0     217.344     244.592     214.253     3018.33     1183.07      4201.4     2342.47     2435.26    0.909305    -61.2447     34.5423     2161.06     2405.12     2.56417     176.136       0.016     5.03098     4.97906     4.78173     4.52305
      12000    0.186018           0     229.518     246.105     214.195        3045     1187.06     4232.06     2347.16      2435.5    0.918318    -63.9207     34.3104     2162.92     2405.93     2.55835     176.132       0.016     5.04451     4.95305     4.75834     4.50521
      11900    0.221606           0     248.155     247.892     214.912     3076.32     1193.72     4270.05     2354.34     2435.76      0.9262    -67.5562     34.1037     2164.97     2406.71      2.5539     176.772       0.016     5.05361     4.92765     4.73898      4.4973
      11800    0.308315           0     270.402     249.969      216.14     3113.36     1198.79     4312.15     2362.02     2436.04    0.933116     -71.301     33.9194      2167.2     2407.46     2.55053     177.903       0.016     5.05954     4.90344     4.72616     4.49974
      11700    0.101002           0     301.027     252.389     224.605     3162.21     1202.99      4365.2     2372.71     2436.34     0.93918    -75.9657     33.7547     2169.65     2408.19     2.54831     184.749       0.016     5.06346     4.88158     4.72052     4.51437
      11600   0.0535874           0     311.079     241.334     198.773     3191.87     1219.02     4410.89     2374.87     2436.49    0.913595    -75.1102     34.6333     2126.42     2367.44     2.74261     144.853       0.016     6.09919     4.64361      4.4658     4.54898
      11500           0           0     316.384     237.758     180.947     3213.38     1247.02     4460.41     2374.41     2436.09    0.881636     -75.909     35.4829     2119.25     2362.33     2.77002     129.233       0.016      6.5928     4.45932      4.2241     4.22191
      11400           0           0     316.384     237.448      157.38     3223.81     1277.53     4501.34     2372.18     2435.62    0.848518    -77.2742     36.2999     2115.57      2358.3     2.77651     109.672       0.016     6.42619     4.20077     4.30016     4.29226
      11300           0           0     316.384      238.26      146.18     3227.88     1304.75     4532.63     2371.36     2435.07    0.814271    -79.7217     37.0709     2112.93     2354.43     2.78059     99.2482       0.016     6.33894     4.26109     4.32834     4.35143
      11200           0           0     316.384     239.413     141.903     3228.62     1330.18      4558.8     2371.46      2434.4    0.779985    -82.1875     37.7829     2110.72     2350.76      2.7845     95.2708       0.016      6.2958     4.27778     4.33212     4.39501
      11100           0           0     316.384     240.624     134.221     3249.59     1354.46     4604.05     2372.09     2433.61    0.746754    -84.4017     38.4281     2108.76     2347.35     2.78828     89.3549       0.016     6.27866     4.27082     4.32556     4.01884
      11000           0           0     316.384       241.8     124.927     3279.27     1377.46     4656.73     2373.01     2432.73    0.715391    -86.5704     39.0042        2107      2344.2     2.79186     81.8953       0.016     6.27727     4.25318     4.31445     4.02974
      10900           0           0     316.384     242.913     119.576     3299.56     1402.15     4701.71     2374.05     2431.78    0.686365    -88.7017     39.5127     2105.41     2341.32     2.79522     77.1955       0.016     6.28549      4.2326     4.30356     4.03666
      10800           0           0     316.384      243.96     116.467     3308.18     1423.74     4731.92     2375.08     2430.75    0.659899     -90.633     39.9577     2103.95     2338.66     2.79837     74.4897       0.016     6.29952      4.2155      4.2951     4.04166
      10700           0           0     316.384     244.952      112.47     3318.36     1445.01     4763.37     2376.02     2429.66    0.636032    -92.3738     40.3448     2102.61      2336.2     2.80135     71.2678       0.016     6.31707     4.20704     4.28994     4.04632
      10600           0           0     316.384     245.901     108.077     3332.71     1466.01     4798.72     2376.85     2428.51    0.614686    -94.0371     40.6796     2101.37      2333.9     2.80419     67.6407       0.016     6.33677     4.20342     4.28836     4.05175
      10500           0           0     316.384     246.815     105.402     3347.26     1486.69     4833.96     2377.53     2427.31    0.595709    -95.6457     40.9683      2100.2     2331.73     2.80693     65.2342       0.016     6.35776     4.20273      4.2902      4.0586
      10400           0           0     316.384     247.695     103.736     3362.42      1505.2     4867.62     2378.06     2426.08    0.578909    -97.1429     41.2164     2099.09     2329.65     2.80959     63.7221       0.016     6.37947     4.20407      4.2951      4.0672
      10300           0           0     316.384     248.544     102.655     3370.96     1521.56     4892.52     2378.44      2424.8    0.564081    -98.5204     41.4292     2098.03     2327.67     2.81217     62.7008       0.016     6.40149     4.20695     4.30271     4.07763
      10200   0.0748856           0     316.459     249.363     101.496     3380.34     1537.89     4918.23     2378.72     2423.49    0.551014    -99.8017     41.6113     2097.01     2325.77     2.81469     61.7099       0.016     6.42357     4.21108     4.31263     4.08985
      10100   0.0601133           0     323.933     250.294      99.187     3405.96      1551.3     4957.26     2382.73     2422.16    0.539551    -102.499     41.7671     2096.13     2323.93      2.8182     59.7771       0.016     6.44568     4.21629     4.32518     4.10769
      10000   0.0563754           0     329.941     251.337     96.4881     3425.18     1563.96     4989.14     2384.93      2420.8    0.529547    -104.572     41.9003     2095.38     2322.16     2.82231     57.5152       0.016     6.46845     4.22263     4.34176     4.13146
       9900   0.0526989           0     335.575     252.393     93.6071     3433.71     1575.87     5009.57     2386.34     2419.42    0.520754    -106.421      42.014     2094.68     2320.44     2.82616     55.0932       0.016     6.49211     4.23022     4.36196     4.15823
       9800   0.0450488           0     340.837     253.439     90.5923     3443.48     1586.17     5029.66     2387.16     2418.03    0.512976    -108.119     42.1111     2094.01     2318.77     2.82974     52.5538       0.016     6.51653     4.23909      4.3849     4.18679
       9700   0.0376238           0     345.334     254.455     87.4851     3446.26     1594.91     5041.17     2387.31     2416.63    0.506051    -109.641     42.1939     2093.35     2317.15     2.83301     49.9277       0.016     6.54185     4.24931     4.00865     3.81324
       9600   0.0304788           0     349.089     255.426     84.3162     3448.52     1602.11     5050.63     2386.99     2415.27    0.499866    -111.045     42.2647      2092.7     2315.58     2.83593     47.2392       0.016     6.56783      4.2624     4.02732     3.83171
       9500    0.023628           0     352.131     256.341     81.1026     3455.23     1607.85     5063.08     2386.31     2413.95    0.494317    -112.376     42.3252     2092.08      2314.1     2.83852     44.5005       0.016     6.59389     4.27804     4.04363      3.8501
       9400    0.034626           0     354.504     257.198     78.6656     3478.83     1615.85     5094.68     2385.39     2412.67    0.489318    -113.653     42.3768     2091.48     2312.69     2.84082     42.3167       0.016     5.81769     4.29544     4.06103     3.86803
       9300   0.0239633           0     357.956     258.031     76.6616     3501.72     1621.62     5123.34     2385.17     2411.42    0.484807    -115.195      42.421     2090.91     2311.35      2.8431     40.5139       0.016     5.83961      4.3141     4.07986     3.88659
       9200   0.0197537           0     360.348     258.841     74.9116     3523.65     1626.48     5150.12     2384.37      2410.2    0.480734    -116.503     42.4588     2090.35     2310.04     2.84532     38.9238       0.016     5.86052     4.33366     4.09956     3.90581
       9100  0.00810151           0     362.312      259.61     73.3465     3537.56     1628.87     5166.43     2383.44     2409.01     0.47703    -117.742     42.4911      2089.8     2308.77     2.84733     37.4899       0.016      5.8806     4.35383     4.11964     3.92504
       9000           0           0     363.114     260.327     71.9446     3549.36     1629.89     5179.25     2382.04     2407.83    0.473641    -118.775     42.5188     2089.22     2307.53      2.8491     36.1947       0.016     5.89993     4.37438     4.13969      3.9437
       8900           0           0     363.114     260.982     70.7021     3571.82     1630.23     5202.05     2380.44     2406.66     0.47052    -119.707     42.5426     2088.63     2306.31     2.85061     35.0331       0.016     5.91847     4.39509     4.15928      3.9613
       8800           0           0     363.114     261.591     69.5775     3582.73     1631.29     5214.02     2379.12      2405.5    0.467638    -120.703     42.5629     2088.01     2305.11     2.85202     33.9728       0.016     5.93618      4.0125     4.17818     3.97812
       8700           0           0     363.114     262.167     68.5453     3586.07     1633.06     5219.12     2377.98     2404.35    0.464982    -121.736     42.5804      2087.4     2303.93     2.85343     32.9915       0.016     5.95302     4.02418     4.19629     3.99459
       8600           0           0     363.114     262.713     67.5935     3587.99     1635.22     5223.22     2376.98     2403.21     0.46254    -122.788     42.5954     2086.78     2302.78     2.85486     32.0791       0.016     5.96898     4.03394     3.81151     3.60868
       8500           0           0     363.114     263.229     66.7117     3592.18     1637.75     5229.93      2376.1     2402.11    0.460307    -123.843     42.6083     2086.18     2301.68     2.85626      31.227       0.016     5.98408     4.04509     3.82245     3.61717
       8400           0           0     363.114     263.716     66.3222     3592.83     1640.17        5233     2375.32     2401.06    0.458276    -124.882     42.6195     2085.62     2300.63     2.85763     30.7478       0.016     5.99834      4.0573     3.83118     3.62379
       8300           0           0     363.114     264.177     66.2544     3604.84     1646.04     5250.88     2374.62     2400.06    0.456427    -125.877      42.629     2085.09     2299.66     2.85895     30.5576       0.016     6.01183     4.06996     3.83929     3.63108
       8200           0           0     363.114     264.616     66.4068     3612.37     1651.78     5264.15     2373.98     2399.11    0.454738    -126.813     42.6372     2084.59     2298.73     2.86022     30.5598       0.016     6.02461     4.08278     3.84831     3.63898
       8100           0           0     363.114     265.038     66.7504     3622.96     1657.37     5280.33     2373.39      2398.2    0.453192    -127.681     42.6443     2084.11     2297.84     2.86146     30.7326       0.016     6.03681     4.09561     3.85811     3.64758
       8000           0           0     363.114     265.448     67.2507     3625.56     1663.09     5288.66     2372.83     2397.32    0.451769    -128.475     42.6505     2083.64     2296.98     2.86267     31.0483       0.016     6.04852     4.10841     3.86839     3.65684
       7900           0           0     363.114     265.847     67.9564     3637.33     1668.94     5306.27     2372.31     2396.46    0.450453    -129.193     42.6557     2083.18     2296.14     2.86386     31.5418       0.016     6.05984     4.12113     3.87903     3.66665
       7800           0           0     363.114     266.238     68.8278     3646.79     1675.48     5322.27     2371.81     2395.62    0.449228    -129.826     42.6603     2082.73     2295.31     2.86503     32.1893       0.016     6.07083     4.13375     3.88993     3.67694
       7700           0           0     363.114     266.621     69.8522        3654      1681.7      5335.7     2371.32     2394.79    0.448082    -130.374     42.6642     2082.28      2294.5     2.86618     32.9763       0.016     6.08156     4.14626     3.90105     3.68761
       7600           0           0     363.114     266.998     71.0387     3663.34      1688.6     5351.94     2370.85     2393.97    0.447004    -130.832     42.6676     2081.84     2293.69     2.86732     33.9129       0.016     6.09208     4.15866     3.91232     3.69858
       7500           0           0     363.114     267.369     72.3589     3678.04     1696.14     5374.18     2370.39     2393.17    0.445985    -131.199     42.6706      2081.4      2292.9     2.86845     34.9759       0.016     6.10241     4.17095     3.92372     3.70981
       7400           0           0     363.114     267.735     72.7641     3695.99     1704.33     5400.32     2369.94     2392.37    0.445017    -131.493     42.6731     2080.97     2292.11     2.86957     35.3832       0.016     6.11261     4.18313     3.93522     3.72124
       7300           0           0     363.114     268.098     72.6459     3715.28     1711.15     5426.43     2369.49     2391.59    0.444092     -131.77     42.6753     2080.54     2291.34     2.87067     35.3236       0.016     6.12303     4.19523      3.9468     3.73283
       7200           0           0     363.114     268.458     72.2524     3738.24     1716.61     5454.84     2369.05      2390.8    0.443204    -132.048     42.6772     2080.11     2290.56     2.87177     35.0318       0.016     6.13365     3.80622     3.95847     3.74454
       7100           0           0     363.114     268.815     71.6704     3761.87     1723.12     5484.99     2368.61     2390.02    0.442349    -132.339     42.6788     2079.68      2289.8     2.87286     34.5789       0.016     6.14435     3.81434     3.97019     3.75637
       7000           0           0     363.114     269.165     70.9487     3777.81     1734.69      5512.5     2368.18     2389.25    0.441523    -132.646     42.6803     2079.26     2289.04     2.87393     34.0045       0.016     6.15505     3.82119     3.98185     3.76826
       6900           0           0     363.114      269.51     70.1299     3793.74      1746.1     5539.84     2367.75     2388.49    0.440723    -132.972     42.6815     2078.84     2288.29     2.87499      33.343       0.016     6.16565     3.82753     3.99343     3.78017
       6800           0           0     363.114     269.847     69.2343     3807.85     1753.04      5560.9     2367.32     2387.73    0.439947    -133.319     42.6826     2078.42     2287.55     2.87603      32.612       0.016     6.17614     3.83373      3.6045     3.79206
       6700           0           0     363.114     270.178     68.2869      3821.5     1761.12     5582.62      2366.9     2386.97    0.439193    -133.686     42.6835     2078.02     2286.83     2.87705     31.8306       0.016     6.18649     3.83992     3.61391     3.40324
       6600           0           0     363.114     270.501     67.3165     3835.83     1772.22     5608.05     2366.49     2386.24    0.438466    -134.073     42.6843     2077.62     2286.13     2.87805     31.0245       0.016     6.19665     3.84613      3.6221     3.41072
       6500           0           0     363.114     270.814     66.3143     3847.27     1781.94      5629.2      2366.1     2385.54    0.437774    -134.477      42.685     2077.24     2285.45     2.87901     30.1865       0.016     5.40592     3.85284     3.62907     3.41589
       6400           0           0     363.114     271.116     65.5891     3858.13     1791.85     5649.98     2365.72     2384.88    0.437119    -134.893     42.6856     2076.88     2284.81     2.87994     29.5475       0.016     5.41424     3.86026     3.63518     3.42005
       6300           0           0     363.114     271.406     65.0256     3869.78     1800.31     5670.09     2365.37     2384.26    0.436499    -135.306     42.6861     2076.54      2284.2     2.88083     29.0516       0.016     5.42205     3.86805     3.64094     3.42477
       6200           0           0     363.114     271.685     64.5593     3889.41     1808.19     5697.61     2365.03     2383.66    0.435908    -135.709     42.6866     2076.22     2283.62     2.88168     28.6353       0.016     5.42945       3.876     3.64673     3.43008
       6100           0           0     363.114     271.954     64.1802     3909.88      1815.5     5725.38     2364.71     2383.09    0.435343    -136.099      42.687     2075.92     2283.07      2.8825     28.2923       0.016     5.43651     3.88398     3.65265     3.43578
       6000           0           0     363.114     272.215     63.8597     3919.43     1822.21     5741.65     2364.39     2382.54    0.434802    -136.474     42.6873     2075.62     2282.53      2.8833     27.9994       0.016      5.4433     3.89193      3.6587     3.44175
       5900           0           0     363.114     272.468     63.5858     3930.89     1830.98     5761.87     2364.09     2382.01    0.434283    -136.834     42.6876     2075.33     2282.01     2.88407     27.7468       0.016     5.44985     3.89982     3.66488     3.44793
       5800           0           0     363.114     272.714     63.3496     3948.57      1838.2     5786.77     2363.79     2381.48    0.433783    -137.178     42.6879     2075.05      2281.5     2.88482     27.5272       0.016     5.45619     3.90761     3.67115     3.45427
       5700           0           0     363.114     272.955      63.145     3956.48     1845.25     5801.73      2363.5     2380.97      0.4333    -137.507     42.6881     2074.78        2281     2.88556     27.3357       0.016     5.46236      3.9153     3.67753     3.46073
       5600           0           0     363.114      273.19     62.9683     3962.65     1852.29     5814.94     2363.22     2380.47    0.432832     -137.82     42.6883     2074.51     2280.52     2.88628     27.1694       0.016     5.46836     3.92288     3.68416     3.46731
       5500           0           0     363.114     273.421     62.8161     3978.74     1859.31     5838.05     2362.94     2379.98    0.432378    -138.118     42.6885     2074.24     2280.04     2.88699     27.0253       0.016     5.47424     3.93037     3.69096     3.47403
       5400           0           0     363.114     273.649     61.9704     3994.15     1866.54     5860.69     2362.67      2379.5    0.431936    -138.414     42.6886     2073.98     2279.56     2.88768     26.3654       0.016     5.48001     3.93777     3.69785     3.48087
       5300           0           0     363.114     273.874     60.7022     4001.97     1873.96     5875.93      2362.4     2379.02    0.431504    -138.748     42.6887     2073.71     2279.09     2.88837     25.3232       0.016     5.48567     3.94509     3.70479     3.48781
       5200           0           0     363.114     274.095     59.1989     4022.06     1878.26     5900.32     2362.13     2378.55    0.431082    -139.132     42.6888     2073.45     2278.63     2.88905     24.0723       0.016     5.49126     3.95232     3.71176     3.49483
       5100           0           0     363.114     274.315     57.5421      4029.1     1883.37     5912.47     2361.87     2378.08    0.430667    -139.573     42.6889      2073.2     2278.17     2.88972     22.6826       0.016     5.49676     3.95948     3.71874     3.50189
       5000           0           0     363.114     274.531      55.748     4029.81      1889.3     5919.12      2361.6     2377.61     0.43026    -140.072      42.689     2072.94     2277.71     2.89039     21.1678       0.016     5.50221     3.96657     3.72573     3.50898
       4900           0           0     363.114     274.746     53.8678     4030.59     1894.05     5924.63     2361.34     2377.15     0.42986     -140.63     42.6891     2072.68     2277.26     2.89105     19.5677       0.016     5.50758     3.97359     3.73271      3.5161
       4800           0           0     363.114     274.958     51.9049     4033.96     1898.25     5932.22     2361.09     2376.69    0.429465    -141.246     42.6891     2072.43     2276.82      2.8917     17.8893       0.016     5.51291     3.98055     3.73967     3.52322
       4700           0           0     363.114     275.168     49.8775     4043.21     1901.92     5945.13     2360.83     2376.24    0.429076     -141.92     42.6892     2072.18     2276.37     2.89234     16.1449       0.016     5.51818     3.98744     3.74661     3.53033
       4600           0           0     363.114     275.377     47.8157     4043.56      1907.5     5951.06     2360.58     2375.79    0.428692    -142.648     42.6892     2071.93     2275.93     2.89298     14.3621       0.016      5.5234     3.99427     3.75353     3.53744
       4500           0           0     363.114     275.584     45.7007     4045.04     1913.98     5959.02     2360.32     2375.34    0.428313     -143.43     42.6893     2071.69      2275.5     2.89361      12.526       0.016     5.52858     3.60098     3.76042     3.54452
       4400           0           0     363.114     275.788     43.9036     4047.18     1918.67     5965.85     2360.07      2374.9    0.427938    -144.257     42.6893     2071.44     2275.06     2.89424      10.915       0.016      5.5337     3.60636     3.76727     3.55159
       4300           0           0     363.114     275.989     42.2828     4047.39     1923.16     5970.55     2359.82     2374.45    0.427568     -145.11     42.6894      2071.2     2274.63     2.89486     9.45913       0.016     5.53876     3.61078     3.77403     3.55862
       4200           0           0     363.114     276.186     40.7552     4051.68     1927.15     5978.83     2359.58     2374.02    0.427204    -145.979     42.6894     2070.96     2274.21     2.89547     8.07742       0.016     5.54374     3.61477     3.78068     3.56559
       4100           0           0     363.114     276.378     39.3027     4060.03     1931.82     5991.85     2359.33     2373.58    0.426844    -146.861     42.6894     2070.72      2273.8     2.89607     6.75665       0.016     5.54862     3.61855     3.78722     3.57249
       4000           0           0     363.114     276.565     37.8951     4068.82     1935.09     6003.91     2359.09     2373.15    0.426491    -147.753     42.6894     2070.48     2273.39     2.89665     5.47195       0.016     5.55339     3.62225     3.79365     3.57931
       3900           0           0     363.114     276.748     36.5175     4080.44     1936.94     6017.38     2358.85     2372.73    0.426143    -148.653     42.6894     2070.25     2272.99     2.89722     4.21112       0.016     5.55807     3.62594     3.79997     3.58603
       3800           0           0     363.114     276.928       35.16     4090.61     1940.42     6031.02     2358.62     2372.32    0.425802    -149.561     42.6895     2070.03      2272.6     2.89778     2.96589       0.016     5.56264     3.62965     3.40563     3.59263
       3700           0           0     363.114     277.103     33.2452     4104.98     1944.19     6049.17     2358.38     2371.91    0.425468     -150.48     42.6895     2069.81     2272.22     2.89833      1.3395       0.016     5.56711     3.63338     3.41087     3.59899
       3600           0           0     363.114     277.273     29.8114     4117.04     1948.27      6065.3     2358.16      2371.5    0.425142    -151.479     42.6895     2069.59     2271.85     2.89887    -1.56835       0.016     5.57148     3.63712     3.41581     3.20416
       3500           0           0     363.114     277.439     25.7141     4128.41     1950.71     6079.12     2357.94     2371.12    0.424829    -152.613     42.6895     2069.38     2271.49     2.89939    -5.05952       0.016     5.57574     3.64088      3.4202     3.20773
       3400           0           0     363.114       277.6      21.372     4135.93     1954.31     6090.24     2357.73     2370.76    0.424531    -153.897     42.6895     2069.19     2271.15     2.89989    -8.80438       0.016     5.57988     3.64463     3.42405     3.21049
       3300           0           0     363.114     277.755     16.7874     4137.64     1957.71     6095.35     2357.53     2370.41    0.424249    -155.328     42.6895        2069     2270.82     2.90038    -12.7696       0.016     5.58389     3.64836     3.42749     3.21277
       3200           0           0     363.114     277.904     12.5287        4138     1960.92     6098.91     2357.35     2370.09    0.423983      -156.9     42.6895     2068.82     2270.51     2.90085    -16.5718       0.016     5.58777     3.65206     3.43063     3.21475
       3100           0           0     363.114     278.047     9.56865     4139.88     1964.31     6104.19     2357.17     2369.79    0.423733    -158.545     42.6895     2068.66     2270.21      2.9013    -19.3021       0.016      5.5915     3.65573     3.43355     3.21653
       3000           0           0     363.114     278.185       7.074     4141.07      1967.9     6108.97        2357      2369.5    0.423497    -160.208     42.6895      2068.5     2269.93     2.90173    -21.6401       0.016      5.5951     3.65937     3.43632     3.21817
       2900           0           0     363.114     278.316     4.91036     4142.73     1970.71     6113.44     2356.85     2369.23    0.423275    -161.867     42.6895     2068.35     2269.67     2.90214    -23.7005       0.016     5.59856     3.66297     3.43898     3.21996
       2800           0           0     363.114     278.443     2.98118     4144.79     1973.86     6118.65      2356.7     2368.98    0.423064    -163.511     42.6895     2068.21     2269.42     2.90254      -25.56       0.016     5.60189     3.66654     3.44169     3.22213
       2700  0.00101042           0     363.115     278.566     1.05232     4149.69     1974.19     6123.88     2356.56     2368.73    0.422864    -165.134     42.6895     2068.08     2269.17     2.90292    -27.3889       0.016     5.60509     3.67008     3.44447     3.22458
       2600           0           0     363.215     278.686    -1.20577     4163.73     1978.98     6142.71     2356.47     2368.49    0.422673    -166.772     42.6895     2067.95     2268.94     2.90331    -29.4912       0.016     5.60819     3.67361     3.44735     3.22727
       2500           0           0     363.215     278.804    -3.56147     4165.37     1979.88     6145.25     2356.33     2368.26     0.42249      -168.4     42.6895     2067.82     2268.71     2.90369     -31.678       0.016      5.6112     3.67711     3.45032     3.23012
       2400           0           0     363.215     278.918    -5.94421     4165.72      1981.2     6146.92     2356.19     2368.03    0.422313    -170.045     42.6895      2067.7     2268.49     2.90405    -33.8932       0.016     5.61413     3.68061     3.45335     3.23304
       2300           0           0     363.215     279.029    -8.35264     4167.34     1983.08     6150.42     2356.05     2367.81    0.422141    -171.708     42.6895     2067.58     2268.27      2.9044    -36.1311       0.016     5.61699      3.6841     3.45641     3.23603
       2200           0           0     363.215     279.138     -10.628     4175.47     1985.52     6160.99     2355.92     2367.59    0.421973    -173.388     42.6895     2067.46     2268.05     2.90474    -38.2837       0.016     5.61979     3.68758     3.45949     3.23907
       2100           0           0     363.215     279.245    -12.5012     4176.46     1987.96     6164.42     2355.79     2367.37     0.42181    -175.065     42.6895     2067.34     2267.83     2.90508    -40.0991       0.016     5.62252     3.69104     3.46259     3.24215
       2000           0           0     363.215     279.351    -14.2075     4177.56     1990.41     6167.98     2355.67     2367.15    0.421651    -176.724     42.6896     2067.22     2267.62     2.90542    -41.7698       0.016     5.62521     3.69449      3.4657     3.24526
       1900           0           0     363.215     279.455    -15.7862     4179.47     1992.34     6171.81     2355.54     2366.94    0.421495    -178.358     42.6896      2067.1     2267.41     2.90575    -43.3292       0.016     5.62786     3.69792      3.4688     3.24838
       1800           0           0     363.215     279.558    -17.2659     4180.37     1994.23     6174.59     2355.42     2366.73    0.421342    -179.964     42.6896     2066.98     2267.21     2.90608    -44.8002       0.016     5.63046     3.70133     3.47191     3.25153
       1700           0           0     363.215     279.659    -18.7602      4180.8     1995.26     6176.06      2355.3     2366.52    0.421193    -181.541     42.6896     2066.87        2267     2.90641    -46.2639       0.016     5.63304     3.70472     3.47502     3.25468
       1600  0.00199504           0     363.217      279.76    -20.4407     4183.13     1995.79     6178.92     2355.19     2366.31    0.421046    -183.099     42.6896     2066.75      2266.8     2.90673    -47.8796       0.016     5.63558     3.70808     3.47812     3.25783
       1500           0           0     363.415     279.864    -22.1767     4185.86      1997.1     6182.97     2355.17      2366.1    0.420902    -184.682     42.6896     2066.64     2266.59     2.90708    -49.5409       0.016      5.6381     3.71142     3.48122     3.26109
       1400           0           0     363.415     279.967    -23.9508     4188.07     2000.12     6188.19     2355.03      2365.9    0.420763    -186.213     42.6896     2066.53     2266.39     2.90742    -51.2323       0.016     5.64062     3.71474     3.48437     3.26439
       1300           0           0     363.415     280.067    -25.7473     4194.03     2002.45     6196.49      2354.9      2365.7    0.420623    -187.741     42.6896     2066.42     2266.19     2.90774    -52.9418       0.016     5.64312     3.71803     3.48751      3.2676
       1200           0           0     363.415     280.166     -27.278     4211.75     2004.11     6215.85     2354.77     2365.49    0.420485    -189.264     42.6896     2066.31        2266     2.90805    -54.4699       0.016      5.6456      3.7213     3.49061     3.27078
       1100           0           0     363.415     280.263    -28.0666     4226.38     2005.16     6231.54     2354.65     2365.29    0.420347    -190.747     42.6896      2066.2      2265.8     2.90836    -55.3708       0.016     5.64806     3.72454     3.49368     3.27392
       1000           0           0     363.415     280.359    -28.5308     4238.91     2005.75     6244.67     2354.53     2365.09     0.42021    -192.164     42.6896     2066.09      2265.6     2.90866    -55.9862       0.016     5.65049     3.72774     3.49672     3.27703
        900           0           0     363.415     280.454    -28.6455     4251.86     2006.56     6258.42     2354.41      2364.9    0.420075    -193.502     42.6896     2065.98     2265.41     2.90897    -56.3044       0.016      5.6529      3.7309     3.49973     3.28012
        800   0.0124348           0     363.427     280.549    -28.4976     4266.08     2009.33     6275.41      2354.3      2364.7    0.419942    -194.753     42.6896     2065.87     2265.22     2.90927    -56.3842       0.016     5.65528     3.73402     3.50271     3.28319
        700   0.0152131           0     364.673     280.666    -28.0573     4278.11     2012.73     6290.84     2354.84      2364.5    0.419819    -196.129     42.6896     2065.78     2265.03     2.90974    -56.2198       0.016     5.65766     3.73711     3.50578     3.28692
        600 0.000995323           0      366.18     280.819    -27.1724     4300.09     2013.09     6313.17     2355.36     2364.31    0.419716    -197.391     42.6896     2065.71     2264.84     2.91038    -55.6648       0.016     5.66017     3.74019     3.50926     3.29169
        500           0           0     366.279     280.964    -25.9925     4322.59     2013.41     6335.99        2355     2364.12    0.419615    -198.231     42.6896     2065.63     2264.65     2.91085    -54.8404       0.016     5.66289     3.74333     3.51313     3.29633
        400  0.00713831           0     366.286     281.084    -24.4943     4357.53     2015.05     6372.58     2354.66     2363.93    0.419493    -198.951     42.6896     2065.54     2264.47     2.91114     -53.734       0.016     5.66569     3.74655     3.51694     3.30023
        300           0           0     366.993     281.204    -22.7529     4381.82     2018.53     6400.35     2354.76     2363.74    0.419362    -199.682     42.6896     2065.46     2264.28     2.91148    -52.4006       0.016     5.66847      3.7498     3.52057     3.30407
        200           0           0     366.993     281.321     -20.533     4412.96     2022.56     6435.51     2354.44     2363.55    0.419227    -200.135     42.6896     2065.37      2264.1      2.9118    -50.6833       0.016     5.67123     3.75306     3.52413     3.30774
        100           0           0     366.993     281.425    -17.4166      4429.3     2022.59     6451.89     2354.18     2363.37    0.419084    -200.438     42.6896     2065.28     2263.92     2.91205    -48.1886       0.016     5.67392      3.7563     3.52751       3.311
          0           0           0     366.993     281.521    -13.8141     4432.69     2022.65     6455.34     2353.96     2363.18    0.418936    -200.559     42.6896     2065.19     2263.75     2.91229    -45.2533       0.016     5.67652     3.75949     3.53068     3.31401