      20000           0           1           0     179.437      354.04     78.9895     14.2831     93.2726     2343.43     2426.93    0.785391      6.5598     39.9574     2049.96      2345.7     2.72671     271.433       0.016     5.73044     4.59858     4.35318     4.39114
      19900           0           1           0     179.437      353.13     151.419     29.7361     181.156     2343.43     2426.93    0.785563     6.43382     39.9574     2049.96      2345.7     2.72686     270.633       0.016     5.73044     4.59858     4.35318     4.39114
      19800           0           1           0     179.437     352.506     228.894     46.3592     275.253     2343.43     2426.93    0.785735     6.30822     39.9574     2049.96      2345.7     2.72701     270.044       0.016     5.73044     4.59858     4.35318     4.39114
      19700           0           1           0     179.437     352.255     299.319     60.5222     359.841     2343.43     2426.93    0.785907     6.19879     39.9574     2049.96      2345.7     2.72716     269.745       0.016     5.73044     4.59858     4.35318     4.39114
      19600           0           1           0     179.437      352.29     351.209     72.5053     423.714     2343.43     2426.93    0.786079     6.12087     39.9574     2049.96      2345.7     2.72731     269.689       0.016     5.73044     4.59858     4.35318     4.39114
      19500           0           1           0     179.437     350.597     414.692     82.0183      496.71     2343.43     2426.93    0.786251     6.05158     39.9574     2049.96      2345.7     2.72746     268.519       0.016     5.73044     4.59858     4.35318     4.39114
      19400           0           1           0     179.437     347.879     487.353     94.1014     581.454     2343.43     2426.93    0.786423     5.90477     39.9574     2049.96      2345.7     2.72761     266.477       0.016     5.73044     4.59858     4.35318     4.39114
      19300           0           1           0     179.437     345.374     558.279     106.214     664.494     2343.43     2426.93    0.786595     5.65656     39.9574     2049.96      2345.7     2.72775     264.481       0.016     5.73044     4.59858     4.35318     4.39114
      19200           0           1           0     179.437     342.873     620.606     118.358     738.963     2343.43     2426.93    0.786767     5.32496     39.9574     2049.96      2345.7      2.7279     262.498       0.016     5.73044     4.59858     4.35318     4.39114
      19100           0           1           0     179.437      342.02     681.386     130.011     811.397     2343.43     2426.93    0.786938     4.94128     39.9574     2049.96      2345.7     2.72805     261.588       0.016     5.73044     4.59858     4.35318     4.39114
      19000           0           1           0     179.437     342.156      741.53     142.474     884.004     2343.43     2426.93     0.78711     4.58749     39.9574     2049.96      2345.7      2.7282     261.511       0.016     5.73044     4.59858     4.35318     4.39114
      18900           0           1           0     179.437     340.553     800.577     155.747     956.323     2343.43     2426.93    0.787281     4.26219     39.9574     2049.96      2345.7     2.72835      260.36       0.016     5.73044     4.59858     4.35318     4.39114
      18800           0           1           0     179.437     337.986     870.831      166.28     1037.11     2343.43     2426.93    0.787452     3.87637     39.9574     2049.96      2345.7      2.7285     258.368       0.016     5.73044     4.59858     4.35318     4.39114
      18700           0           1           0     179.437      336.21     952.601     178.113     1130.71     2343.43     2426.93    0.787624     3.41716     39.9574     2049.96      2345.7     2.72864     256.824       0.016     5.73044     4.59858     4.35318     4.39114
      18600           0           1           0     179.437     334.818     1047.59     192.576     1240.17     2343.43     2426.93    0.787795     2.92873     39.9574     2049.96      2345.7     2.72879     255.619       0.016     5.73044     4.59858     4.35318     4.39114
      18500           0           1           0     179.437     333.482     1150.05     201.259     1351.31     2343.43     2426.93    0.787966     2.42444     39.9574     2049.96      2345.7     2.72894     254.469       0.016     5.73044     4.59858     4.35318     4.39114
      18400           0           1           0     179.437     332.205     1219.19     209.492     1428.69     2343.43     2426.93    0.788137      1.9065     39.9574     2049.96      2345.7     2.72909     253.357       0.016     5.73044     4.59858     4.35318     4.39114
      18300           0           1           0     179.437     329.228      1275.7     218.075     1493.77     2343.43     2426.93    0.788308     1.34924     39.9574     2049.96      2345.7     2.72924     251.114       0.016     5.73044     4.59858     4.35318     4.39114
      18200           0           1           0     179.437       325.2      1360.8     226.658     1587.45     2343.43     2426.93    0.788478    0.672723     39.9574     2049.96      2345.7     2.72938      247.97       0.016     5.73044     4.59858     4.35318     4.39114
      18100           0           1           0     179.437     321.768     1469.79     234.714      1704.5     2343.43     2426.93    0.788649   -0.137283     39.9574     2049.96      2345.7     2.72953      245.11       0.016     5.73044     4.59858     4.35318     4.39114
      18000           0           1           0     179.437     318.559     1574.09     243.331     1817.42     2343.43     2426.93     0.78882    -1.04056     39.9574     2049.96      2345.7     2.72968     242.443       0.016     5.73044     4.59858     4.35318     4.39114
      17900           0           1           0     179.437      317.64     1670.99     253.364     1924.35     2343.43     2426.93     0.78899    -1.98653     39.9574     2049.96      2345.7     2.72983     241.293       0.016     5.73044     4.59858     4.35318     4.39114
      17800           0           1           0     179.437     318.134        1766     264.257     2030.25     2343.43     2426.93    0.789161    -2.86227     39.9574     2049.96      2345.7     2.72997     241.331       0.016     5.73044     4.59858     4.35318     4.39114
      17700           0           1           0     179.437     316.312     1860.47      274.54     2135.01     2343.43     2426.93    0.789331    -3.66765     39.9574     2049.96      2345.7     2.73012     239.957       0.016     5.73044     4.59858     4.35318     4.39114
      17600           0           1           0     179.437     313.229     1943.92     288.828     2232.75     2343.43     2426.93    0.789502    -4.52282     39.9574     2049.96      2345.7     2.73027     237.487       0.016     5.73044     4.59858     4.35318     4.39114
      17500           0           1           0     179.437     313.298     2011.35     302.776     2314.12     2343.43     2426.93    0.789672    -5.41147     39.9574     2049.96      2345.7     2.73042     237.026       0.016     5.73044     4.59858     4.35318     4.39114
      17400           0           1           0     182.115     344.137     2042.72     312.444     2355.16     2337.81     2427.24    0.817182    -7.03503     39.0482     2090.19     2390.75     2.64272     282.715       0.016      5.7211     4.59193      4.3525     4.39344
      17300           0           1           0     182.934     353.815     2073.54     322.233     2395.78     2333.75     2428.42    0.848489    -7.23612     38.2531     2099.33     2400.72     2.62299     291.111       0.016     5.71793     4.58375     4.34297     4.38361
      17200           0           1           0      183.39     359.881     2096.59     335.928     2432.52     2330.58     2429.87    0.876868    -7.02974     37.5586     2103.93      2405.7     2.61341     296.236       0.016     5.72125     4.57463     4.32783     4.36492
      17100           0           1           0     183.841     363.835     2099.91     350.717     2450.63     2328.02     2431.38    0.901834    -6.64495     36.9519     2107.52     2409.45     2.60581     299.608       0.016     5.72871     4.56346     4.30774     4.33998
      17000           0           1           0     184.395     366.328     2106.32     368.422     2474.74     2325.94     2432.88    0.923629    -6.19849      36.422     2110.68     2412.53     2.59894     301.804       0.016     5.73799     4.54879     4.28324     4.31057
      16900           0           1           0     185.076     363.157     2119.69     386.971     2506.66     2324.24     2434.34    0.942573    -5.83044     35.9588     2113.56      2415.1     2.59263     299.792       0.016     5.74731     4.52873     4.25519     4.27796
      16800           0           1           0     185.879      356.08     2132.94     406.282     2539.22     2322.88     2435.75     0.95898    -5.80695     35.5537     2116.22     2417.24     2.58687      294.26       0.016     5.75543     4.50524     4.22418     4.24311
      16700           0           1           0     186.789     347.713     2143.96     427.383     2571.34      2321.8     2437.11     0.97314    -6.22983      35.199      2118.7     2419.03     2.58162     287.424       0.016     5.76158     4.47861      4.5905     4.20736
      16600           0           1           0     187.792     338.163     2156.83      452.74     2609.57     2320.95     2438.38    0.985304    -7.09448     34.8882     2121.04     2420.52     2.57681     279.594       0.016     5.76538     4.44944     4.55473     4.57412
      16500           0           1           0     188.875     339.172     2164.82     472.218     2637.03      2320.3     2439.58    0.995708    -8.20911     34.6155     2123.26     2421.76      2.5724     279.344       0.016      5.7667     4.41878      4.5183     4.53859
      16400   0.0650992           1   0.0650992     190.027      347.24     2171.37     496.159     2667.52     2319.86     2440.74     1.00457    -8.99678      34.376     2125.37     2422.79     2.56833     285.676       0.016     5.76561     4.78854     4.48125     4.50183
      16300     0.11219           1     6.62211     191.249      352.21     2187.88     517.426      2705.3     2323.07     2445.34     1.01206     -10.763     34.1655     2127.46     2423.71     2.56442     290.396       0.016     5.76229     4.75451     4.44428     4.46449
      16200     0.07651           1     17.8054     192.545      355.54      2209.5     544.326     2753.82     2328.27     2451.77     1.01838    -12.9974     33.9801     2129.69     2424.72     2.56056     293.461       0.016     5.75693     4.71881     4.40738     4.42695
      16100   0.0110135           1     25.3909     193.898     347.134     2227.49     574.166     2801.65     2330.76     2455.36     1.02371    -13.9574     33.8167     2132.06     2425.83     2.55686     287.825       0.016     5.74974     4.68214     4.76948     4.79257
      16000           0           1     26.4812     195.274     330.834     2235.56     602.594     2838.16     2329.52     2455.07     1.02816     -13.878     33.6725     2134.38     2426.87     2.55345     274.882       0.016     5.74095     4.64536     4.73251     4.75936
      15900           0           1     26.4812     196.662     322.551      2238.8     629.785     2868.59     2328.11     2454.46      1.0318    -14.3915     33.5449      2136.5     2427.66     2.55027     267.123       0.016     5.73078     4.61011     4.69633     4.72571
      15800   0.0243757           1     26.5056     198.062     319.102     2245.17     654.082     2899.25     2327.09      2454.1     1.03468     -15.241      33.432     2138.42     2428.21     2.54719     264.023       0.016      5.7195     4.97573     4.66123     4.69228
      15700   0.0350614           1     28.9539      199.48     316.838      2252.3     678.113     2930.42     2327.65     2455.21     1.03688    -16.7266     33.3317     2140.23     2428.62     2.54411     262.118       0.016     5.70734     4.94027      4.6273      4.6595
      15600   0.0396919           1     32.4646     200.916     315.602     2260.95     699.957      2960.9     2328.77     2456.77     1.03849     -18.345     33.2426     2142.02        2429     2.54098     261.052       0.016     5.69462     4.90464     4.99412     4.62755
      15500   0.0376465           1     36.4318     202.367     313.604     2269.61     721.121     2990.73     2330.02      2458.4      1.0396    -19.8954     33.1631     2143.82     2429.39      2.5378     259.548       0.016     5.68172     4.86947     4.96063     4.99907
      15400   0.0763405           1     40.2351     203.828     311.217     2283.19     741.297     3024.48     2331.07     2459.74     1.04025    -21.2894     33.0921     2145.63     2429.79     2.53457     257.649       0.016     5.66871     4.83519     4.92921     4.97311
      15300    0.131293           1     47.9241     205.304      310.39      2304.9      763.31     3068.21     2334.14     2463.05     1.04052    -23.4487     33.0283     2147.47     2430.23     2.53123       256.9       0.016     5.65569     4.80398      4.8992     4.94662
      15200    0.173042           1     61.0952     206.806     310.561     2327.57     784.577     3112.15     2339.74     2468.84     1.04045    -26.4739     32.9709     2149.45     2430.83     2.52768     257.093       0.016     5.64281     5.17328     4.87052     4.92008
      15100    0.250307           1     78.4766     208.341      316.95     2359.17     805.009     3164.18     2346.79     2476.07     1.04012    -29.7411      32.919     2151.69      2431.7     2.52389     262.034       0.016     5.63016     5.14241     4.84298     4.89379
      15000    0.318282           1     103.575     209.914     327.601     2404.72     824.398     3229.12     2356.99     2486.44     1.03959    -33.6108     32.8718     2154.24     2432.93     2.51982     270.961       0.016     5.61777     5.11212     4.81634     4.86778
      14900    0.373195           1     135.458     211.533     335.718      2460.9     841.512     3302.41     2369.36     2499.01     1.03891    -37.5805     32.8288     2157.23     2434.63     2.51543       278.4       0.016     5.60567     5.08263     5.18999     4.84199
      14800    0.352634           1     172.757     213.198      342.43     2528.27     857.594     3385.86     2382.88     2512.77     1.03814    -41.4118     32.7892     2160.69     2436.87     2.51074     284.462       0.016     5.59386     5.05407     5.16326     4.81639
      14700           0           1     207.668     214.835      333.47     2588.73     871.753     3460.49     2393.23     2523.38     1.03735    -43.7333     32.7525     2164.49     2439.55     2.50641     278.657       0.016      5.5824     5.02672     5.13762      5.1948
      14600           0           1     207.668     207.605     265.101      2608.8     899.989     3508.79     2387.16     2511.65     1.00491    -39.3417     33.7363      2136.7     2414.81      2.6625     199.543       0.016     6.44837     5.18287     4.86177     4.80774
      14500           0           1     207.668     205.463     238.413     2612.66     933.873     3546.54     2382.93     2502.13    0.970807    -40.3964     34.6823     2128.54     2407.56     2.68631     174.226       0.016     6.65179     4.98934     4.99522     4.85988
      14400           0           1     207.668      205.64     221.931     2616.33     969.587     3585.91     2380.33      2494.3    0.935618    -43.3427     35.5885     2122.87     2400.56     2.69576     159.421       0.016       6.501      4.7107     4.65093      4.9301
      14300           0           1     207.668     206.607     207.688     2622.92     1002.13     3625.05      2378.9     2487.66    0.899388    -46.8033     36.4418     2118.19     2393.83     2.70391     147.651       0.016       6.501     4.76312     4.66592     4.99592
      14200           0           1     207.668     207.796      195.52     2636.26     1032.89     3669.14     2378.27     2481.92    0.863208    -50.2766     37.2291      2114.1     2387.54     2.71158     137.756       0.016       6.501     4.77042     4.66328     4.64001
      14100           0           1     207.668     209.012     188.965     2650.17     1062.21     3712.37     2378.12     2476.87    0.828156    -53.4758     37.9427     2110.47     2381.79     2.71864     132.076       0.016       6.501     4.75369     4.65424     4.67349
      14000           0           1     207.668     210.195     185.927     2673.34        1089     3762.34     2378.23     2472.35    0.794997    -56.1596     38.5803     2107.22     2376.56     2.72508     129.441       0.016       6.501      4.7274      4.6463     4.70146
      13900           0           1     207.668     211.333     180.889     2701.77     1118.23        3820     2378.44     2468.25    0.764202    -58.3546     39.1438      2104.3     2371.79     2.73099     125.718       0.016       6.501     4.70008     4.64227      4.7261
      13800           0           1     207.668     212.427     174.985     2721.48     1144.32      3865.8     2378.65     2464.47    0.735999    -60.2887     39.6376     2101.67     2367.42     2.73646     121.158       0.016       6.501     4.67622     4.64295     4.74931
      13700           0           1     207.668     213.484     170.675     2757.13     1172.19     3929.31     2378.79     2460.96    0.710433    -62.0518     40.0676     2099.27     2363.39     2.74158     117.658       0.016       6.501     4.65785     4.64831     4.77245
      13600           0           1     207.668     214.508     167.254     2785.54     1198.89     3984.43     2378.84     2457.65    0.687432    -63.6374     40.4403     2097.07     2359.64     2.74643     114.931       0.016       6.501      4.6456     4.65804      4.7964
      13500           0           1     207.668     215.504     170.479      2814.3     1219.21     4033.51     2378.79     2454.53    0.666855    -64.9662     40.7621     2095.04     2356.13     2.75105     116.913       0.016       6.501     4.63939     4.67115     4.41586
      13400           0           1     207.668     216.474     177.732     2841.66     1241.78     4083.44     2378.63     2451.59    0.648538    -65.7674     41.0391     2093.15     2352.83     2.75549     122.424       0.016       6.501     4.63874     4.68525     4.43098
      13300           0           1     207.668     217.418     174.707     2869.69     1261.22     4130.91     2378.39     2448.81    0.632269    -66.1795      41.277     2091.39     2349.73     2.75976     121.067       0.016       6.501     4.64295     4.70119     4.44972
      13200           0           1     207.668     220.931     195.641      2880.4      1280.2      4160.6     2370.89     2446.42    0.668924    -66.6015     40.2965     2127.82     2389.14     2.64904     154.319       0.016     6.69058     4.64455     4.72617     4.46873
      13100  0.00825863           1     207.676     223.148     202.319     2885.03     1292.92     4177.95     2364.79     2444.98    0.706499    -65.9715     39.3976     2136.76     2397.44     2.62008     160.805       0.016     6.34404     4.64104     4.74288     4.47976
      13000           0           1     208.494     224.941     208.247     2897.66     1306.46     4204.13     2360.04     2444.38    0.740458     -65.138     38.5929     2141.15     2400.79     2.60508     166.697       0.016     6.55155     4.62558     4.74485      4.4822
      12900   0.0584598           1     208.552     226.389     214.587     2900.23     1318.78     4219.02     2355.54     2443.51    0.770447    -63.9311     37.8817     2144.14     2402.84     2.59419     172.654       0.016     5.91463     4.60355       4.737     4.47629
      12800   0.0858744           1     214.426     227.508     220.965     2911.06     1332.16     4243.21     2354.79     2445.95    0.796842    -63.8569     37.2566     2146.41     2404.38     2.58582       178.6       0.016     6.04463     4.97787     4.72394     4.46353
      12700   0.0314897           1     222.959     228.539      223.18     2916.51     1346.22     4262.73     2355.45     2449.43    0.820113    -64.1145      36.708     2148.47     2405.79     2.57801     181.258       0.016     6.15033     4.95028     4.70753     4.44572
      12600           0           1     226.076     229.677     222.483     2929.82     1361.69     4291.52     2353.02     2449.48    0.840487    -63.1702      36.226     2150.59     2407.15     2.56977     181.161       0.016      5.4335     4.92068     4.68701     4.42422
      12500           0           1     226.076     230.856     222.341     2940.61     1377.83     4318.44     2349.35        2448    0.858256    -61.8823     35.8017      2152.6     2408.34     2.56193     181.223       0.016     5.49589     4.89011     4.66383     4.40241
      12400           0           1     226.076     232.057     222.335     2953.51     1391.87     4345.38      2346.3     2446.86    0.873686    -60.9741     35.4274     2154.45     2409.33     2.55446     181.458       0.016     5.54424     4.85982     4.64091     4.78118
      12300           0           1     226.076     233.278     221.005     2955.43     1405.38     4360.81     2343.74     2445.94    0.887052    -60.4007     35.0963     2156.18     2410.17     2.54727     180.624       0.016     5.58133     4.83198     4.61954     4.75773
      12200    0.077979           1     226.154     234.521     218.687     2967.98     1420.16     4388.13     2341.61     2445.25    0.898615    -60.1923     34.8029     2157.82     2410.89     2.54029     178.845       0.016     5.60943     4.80661     4.99863     4.73355
      12100    0.143979           1     234.018     235.802     217.822      2989.5      1436.8      4426.3     2344.01      2448.9    0.908592    -61.9432     34.5423     2159.48      2411.6     2.53334     178.061       0.016     5.63037     5.18203     4.97598     4.70902
      12000    0.208809           1     248.481     237.139     217.775     3019.75     1449.76     4469.51     2349.49      2455.5    0.917209    -64.9062     34.3104     2161.36     2412.53     2.52627     178.051       0.016     5.64552     5.15746     4.95222     4.68395
      11900    0.244929           1     269.398     238.538     218.549     3054.71     1465.77     4520.48     2357.55     2464.59    0.924678    -68.7415     34.1037     2163.61     2413.84     2.51904     178.692       0.016     5.65595     5.13317     4.92842     4.65835
      11800    0.332617           1     293.978     240.001     219.892     3095.49     1480.81     4576.31     2366.34     2474.34    0.931173    -72.6215     33.9194     2166.27     2415.58     2.51167     179.841       0.016      5.6625     5.10927     4.90474     4.63252
      11700    0.118461           1     327.026     241.534     228.646     3148.39     1495.86     4644.25     2378.41     2487.32    0.936818    -77.3641     33.7547     2169.35     2417.76     2.50411     186.763       0.016     5.66587     5.08588     4.88122     4.60754
      11600   0.0715112           1     338.825     229.736     203.059     3182.33     1523.49     4705.82     2381.46     2485.28    0.908212    -76.4392     34.6333     2135.23     2389.03     2.68407      145.98       0.016     5.89339     4.84666     4.60767     4.61364
      11500  0.00989816           1     345.915     225.781     185.159     3208.06     1563.47     4771.53     2381.71     2481.04    0.877547    -77.2406     35.4829     2127.97     2384.46       2.708     130.242       0.016     6.36653     4.65806     4.74084     4.66228
      11400   0.0146259           1     346.909     225.262     161.379     3222.48     1606.16     4828.64     2379.39     2474.38     0.84619     -78.491     36.2999     2123.24     2379.39     2.71512     110.625       0.016     6.79143     4.79187     4.40743     4.73042
      11300   0.0167901           1     348.374     225.976     150.099     3230.48     1645.67     4876.14     2378.45     2469.09    0.813755    -80.9828     37.0709     2119.16     2373.83     2.72128     100.154       0.016     6.68874     4.44468     4.42187     4.79458
      11200           0           1     350.036     227.071     145.751     3233.59     1683.44     4917.03     2378.29     2464.63    0.781082    -83.5468     37.7829     2115.64     2368.55     2.72733     96.1293       0.016      6.6339     4.45191     4.41848     4.43628
      11100           0           1     350.036     228.244     137.941     3250.84      1720.1     4970.94     2377.64     2459.83    0.749269     -85.518     38.4281     2112.46      2363.6     2.73308     90.1955       0.016     6.60859     4.43641     4.41157     4.46657
      11000           0           1     350.036     229.401     128.523     3276.92      1755.5     5032.42     2377.38     2455.62    0.719079    -87.5167     39.0042     2109.49     2358.93      2.7384     82.7325       0.016     6.60208     4.41273     4.40667     4.49194
      10900           0           1     350.036     230.525     123.114     3293.67     1792.57     5086.25      2377.3     2451.83    0.690955    -89.5286     39.5127      2106.8     2354.64      2.7433     78.0345       0.016     6.60781     4.79753     4.40488     4.51446
      10800           0           1     350.036     231.624     119.958      3298.8      1826.5      5125.3     2377.29     2448.36    0.665138    -91.3749     39.9577     2104.36     2350.69     2.74787     75.3342       0.016     6.62172     4.78495     4.40633     4.53567
      10700           0           1     350.036     232.698     115.891     3305.56     1860.03     5165.59     2377.27     2445.15    0.641699    -93.0539     40.3448     2102.14     2347.02     2.75218     72.1195       0.016     6.64113      4.7746     4.41061     4.55649
      10600           0           1     350.036     233.745     111.429     3316.55     1893.18     5209.74      2377.2     2442.13    0.620593    -94.6714     40.6796     2100.11     2343.61     2.75628     68.5002       0.016     6.66418     4.76798     4.41727     4.57744
      10500           0           1     350.036     234.763     108.715     3327.79     1925.92     5253.71     2377.05     2439.29    0.601701    -96.2446     40.9683     2098.23     2340.42     2.76019     66.1048       0.016     6.68959     4.76556     4.42596     4.59872
      10400           0           1     350.036     235.754      107.02     3339.67     1956.36     5296.03     2376.82     2436.59    0.584869    -97.7129     41.2164     2096.49     2337.43     2.76394     64.6065       0.016     6.71649     4.76725     4.43623     4.21482
      10300           0           1     350.036     236.717      105.92     3344.95     1984.55     5329.49     2376.53     2434.06    0.569935    -99.0642     41.4292     2094.88     2334.62     2.76753     63.6032       0.016     6.74426     4.77272     4.44828      4.2268
      10200           0           1     350.036     237.654     104.737     3351.08     2012.59     5363.68     2376.18     2431.67    0.556708    -100.304     41.6113     2093.37     2331.98     2.77099     62.6316       0.016     6.77249     4.78156     4.46231      4.2419
      10100           0           1     350.036     238.567     102.535     3373.36     2037.73     5411.08     2375.76     2429.38    0.544994    -101.496     41.7671     2091.96     2329.47     2.77432     60.8342       0.016     6.20084     4.79336     4.47866     4.25975
      10000           0           1     350.036     239.459     100.006     3389.06     2062.27     5451.32     2375.27     2427.18    0.534611    -102.694     41.9003     2090.62     2327.07     2.77755     58.7574       0.016     6.22694     4.40637     4.49719     4.27985
       9900           0           1     350.036      240.33     97.3048     3393.89     2086.24     5480.12     2374.72     2425.04    0.525397     -103.92      42.014     2089.35     2324.77      2.7807     56.5223       0.016     6.25255     4.41621     4.51752     4.30181
       9800           0           1     350.036     241.176     94.4697     3399.79      2108.8     5508.59     2374.11     2422.95    0.517205    -105.184     42.1111     2088.11     2322.55     2.78377     54.1655       0.016     6.27773     4.42504     4.53921     4.32529
       9700           0           1     350.036     241.995     91.5275     3401.05        2130     5531.05     2373.46     2420.91    0.509905    -106.493     42.1939     2086.92     2320.41     2.78674     51.7061       0.016     6.30242      4.4345     4.56194     4.34997
       9600   0.0923263           1     350.128     242.793     88.4993     3402.97     2149.83     5552.81     2372.81     2418.96     0.50338    -107.871     42.2647     2085.77     2318.34     2.78963     49.1616       0.016     6.32663     4.44734     4.58552     4.37558
       9500    0.085623           1     359.354     243.599     85.2464     3405.54     2168.31     5573.85     2376.94     2421.87    0.497438    -111.092     42.3252     2085.24        2317     2.79216      46.396       0.016     6.35045     4.46298     4.20871     4.00158
       9400   0.0966002           1     367.928     244.417     82.6777     3425.13     2189.09     5614.22     2379.73     2423.54     0.49211    -113.794     42.3768     2085.38     2316.44     2.79449     44.0835       0.016     6.37392     4.48068     4.22609     4.01916
       9300    0.085994           1     377.577     245.228     80.5134     3444.17     2207.67     5651.83     2382.47     2425.26    0.487438    -116.421      42.421     2085.65     2316.04     2.79673      42.124       0.016      6.3969     4.49965     4.24066     4.03303
       9200   0.0816966           1     386.172     246.023     78.5944     3462.41     2225.34     5687.75     2384.06     2425.93     0.48333    -118.567     42.4588     2085.89     2315.63     2.79891     40.3696       0.016     6.41931      4.5194     4.25702     4.04826
       9100   0.0698185           1      394.33     246.801     76.8588     3472.81     2240.54     5713.35     2385.08     2426.09    0.479686    -120.462     42.4911     2085.99     2315.06     2.80106     38.7741       0.016     6.44117     4.53974     4.27473     4.06482
       9000   0.0532159           1     401.295     247.562     75.2874     3481.26     2252.28     5733.54     2385.24     2425.43    0.476409    -122.011     42.5188      2085.9     2314.29     2.80321     37.3244       0.016     6.46252     4.56054     4.29341     4.08255
       8900   0.0561328           1      406.62     248.306       73.89     3500.54     2264.62     5765.16     2384.47     2423.86    0.473425      -123.2     42.5426     2085.55     2313.24     2.80539     36.0296       0.016     6.48345     4.58171     4.31286     4.10134
       8800   0.0520254           1     412.229     249.035     72.6148     3508.41     2276.11     5784.52     2383.95     2422.57    0.470649    -124.472     42.5629     2085.06     2312.03     2.80756     34.8464       0.016     6.50402     4.20289     4.33294     4.12102
       8700   0.0480065           1     417.427     249.754     71.4397     3508.85     2286.76     5795.61     2383.25     2421.11    0.468032     -125.66     42.5804     2084.52     2310.79      2.8097     33.7529       0.016     6.52437     4.21783     4.35349     4.14143
       8600   0.0454043           1     422.225     250.455     70.3569     3513.54     2296.85      5810.4      2382.4     2419.52    0.465559    -126.775     42.5954     2083.93     2309.49     2.81182     32.7425       0.016     6.54477     4.22868     4.37423     4.16241
       8500    0.042876           1     426.763     251.138      69.354     3515.09     2306.42     5821.51     2381.49     2417.88     0.46321    -127.849     42.6083     2083.29     2308.17      2.8139     31.8041       0.016     6.56506     4.24043     4.39504     4.18381
       8400   0.0425677           1     431.051     251.806      68.858     3516.98     2315.91     5832.89     2380.55     2416.21     0.46097    -128.874     42.6195     2082.64     2306.84     2.81593       31.25       0.016     6.58515     4.25459      4.0135     3.80475
       8300   0.0251025           1      435.29     252.461     68.6894     3526.55     2321.75      5848.3     2379.68     2414.64    0.458838    -129.866      42.629        2082     2305.54     2.81791     30.9913       0.016     5.80456     4.27031     4.02757     3.81804
       8200   0.0249097           1       437.8     253.095     68.7731     3531.71     2327.53     5859.24     2377.99     2412.29    0.456835    -130.482     42.6372     2081.28     2304.18     2.81988     30.9558       0.016     5.82189     4.28688     4.03944     3.82861
       8100   0.0248061           1     440.291     253.705     69.0683     3539.99     2333.27     5873.26     2376.57     2410.23    0.454935    -131.114     42.6443     2080.49     2302.75     2.82181     31.1104       0.016     5.83832     4.30385     4.05253      3.8405
       8000   0.0233348           1      442.77     254.297      69.528     3540.31      2338.7     5879.02     2375.33     2408.38    0.453109    -131.735     42.6505     2079.73     2301.36     2.82366     31.4139       0.016     5.85409       4.321      4.0667     3.85359
       7900   0.0219233           1     445.102     254.874     70.2001     3549.83     2343.83     5893.66     2374.17     2406.63    0.451354    -132.297     42.6557     2079.01     2300.04     2.82546        31.9       0.016     5.86936     4.33824     4.08161      3.8677
       7800    0.017813           1      447.29     255.439     71.0433     3557.08     2348.09     5905.17     2373.07     2404.94    0.449668    -132.789     42.6603      2078.3     2298.75     2.82722     32.5443       0.016     5.88423     4.35553     4.09707     3.88262
       7700   0.0185386           1     449.072     255.994     72.0486      3562.1     2352.49     5914.59     2371.88     2403.18     0.44805    -133.154     42.6642      2077.6     2297.47     2.82896     33.3361       0.016     5.89879     4.37283     4.11297     3.89822
       7600   0.0145187           1     450.922     256.539     73.2195     3569.26     2356.06     5925.31     2370.85     2401.59    0.446488    -133.487     42.6676      2076.9     2296.21     2.83066     34.2802       0.016      5.9131     4.39011     4.12921     3.91435
       7500   0.0106723           1      452.37     257.076     74.5309     3581.79      2358.8     5940.59     2369.71      2399.9    0.444979    -133.683     42.6706      2076.2     2294.96     2.83235     35.3566       0.016     5.92721     4.00634     4.14572     3.93092
       7400  0.00690701           1     453.434     257.603     74.9231     3597.57     2360.75     5958.32     2368.49     2398.14    0.443521    -133.772     42.6731     2075.48     2293.69     2.83403      35.783       0.016     5.94113     4.01748     4.16238     3.94784
       7300   0.0127803           1      454.13     258.113     74.7991     3614.71     2363.91     5978.63     2367.21     2396.31    0.442108     -133.82     42.6753     2074.73      2292.4      2.8357       35.75       0.016     5.95479      4.0262       4.179     3.96501
       7200   0.0186933           1     455.414     258.608     74.3928     3635.53     2368.31     6003.83     2366.38     2394.95    0.440728    -134.034     42.6772     2074.01     2291.17     2.83731     35.4777       0.016     5.96815     4.03412     4.19547     3.98228
       7100   0.0130971           1     457.278     259.091     73.7829     3657.04     2371.51     6028.56     2365.91     2393.95    0.439381    -134.383     42.6788     2073.41     2290.08     2.83884     35.0281       0.016     5.98121     4.04344     3.81022     3.99945
       7000           0           1     458.575     259.562     73.0341      3670.9     2373.48     6044.38     2365.12     2392.65    0.438092    -134.622     42.6803     2072.86     2289.05     2.84032     34.4565       0.016     5.99396      4.0542     3.82197     3.61195
       6900           0           1     458.575     260.015     72.2119     3684.75     2375.39     6060.14     2363.73     2390.77    0.436887    -134.643     42.6815     2072.22     2287.95      2.8418     33.8197       0.016     6.00636     4.06579     3.83151     3.61975
       6800  0.00972723           1     458.584     260.447     71.3264     3696.77     2377.85     6074.62     2362.54     2389.13    0.435744    -134.754     42.6826     2071.53      2286.8     2.84325     33.1261       0.016      6.0184     4.07777     3.83987     3.62734
       6700  0.00398182           1     459.551     260.864     70.3788     3708.32     2379.08      6087.4     2362.01     2388.16    0.434634    -135.116     42.6835     2070.93     2285.77      2.8446     32.3699       0.016     6.03006     4.08988     3.84869      3.6357
       6600           0           1     459.945     261.269     69.4104     3720.56     2380.95     6101.51     2361.19     2386.93    0.433573    -135.381     42.6843      2070.4     2284.84      2.8459      31.589       0.016     6.04137     4.10204     3.85844     3.64478
       6500           0           1     459.945     261.662     68.4193     3729.89     2381.51      6111.4     2360.25     2385.59    0.432567    -135.611      42.685     2069.85     2283.89     2.84718     30.7849       0.016     6.05237     4.11421     3.86876     3.65453
       6400           0           1     459.945     262.045     67.7124     3738.63     2382.36     6120.99     2359.41     2384.36    0.431598    -135.886     42.6856     2069.29     2282.93     2.84843     30.1844       0.016     6.06311     4.12638      3.8795     3.66484
       6300 0.000772225           1     459.946     262.421     67.1686     3748.14     2382.89     6131.03     2358.65     2383.22     0.43066    -136.183     42.6861     2068.75        2282     2.84966      29.728       0.016     6.07364     4.13852     3.89053      3.6756
       6200  0.00307353           1     460.026     262.791     66.7212     3765.61     2383.89      6149.5     2357.99      2382.2    0.429749    -136.505     42.6866     2068.23     2281.11     2.85087     29.3504       0.016     6.08398     4.15063     3.90179     3.68672
       6100  0.00538465           1     460.335     263.157     66.3564      3783.9     2385.39     6169.29      2357.5     2381.34    0.428864    -136.868      42.687     2067.74     2280.26     2.85204     29.0414       0.016     6.09418     4.16269     3.91322     3.69809
       6000  0.00770217           1     460.876      263.52     66.0436     3791.27     2387.37     6178.64     2357.14     2380.62    0.428004    -137.258     42.6873     2067.31     2279.47     2.85318     28.7761       0.016     6.10425      4.1747     3.92478     3.70967
       5900           0           1     461.639     263.881     65.7701     3800.54     2387.55     6188.09     2356.89     2380.01    0.427172    -137.664     42.6876     2066.92     2278.74      2.8543      28.544       0.016     6.11426     4.18666     3.93642     3.72139
       5800  0.00431927           1     461.643     264.238     65.5424     3816.03     2388.81     6204.84      2356.2     2378.97    0.426373     -137.89     42.6879     2066.51     2277.98     2.85543     28.3531       0.016     6.12454     4.19858     3.94813     3.73323
       5700  0.00454571           1     462.075     264.593     65.3447     3821.74     2390.12     6211.85      2355.8     2378.22    0.425595    -138.204     42.6881     2066.07      2277.2     2.85655     28.1898       0.016     6.13502     3.80854     3.95991     3.74517
       5600  0.00408802           1     462.529     264.945     65.1722     3825.71     2391.32     6217.03      2355.4     2377.49    0.424828    -138.503     42.6883     2065.66     2276.46     2.85765     28.0488       0.016     6.14558     3.81605      3.9717     3.75718
       5500  0.00366132           1     462.938     265.291     65.0248     3839.59     2392.43     6232.02     2354.98     2376.73    0.424078    -138.773     42.6885     2065.26     2275.73     2.85874     27.9302       0.016     6.15613     3.82257      3.9834     3.76921
       5400  0.00220012           1     463.302     265.631      64.177     3852.79     2393.23     6246.02     2354.55     2375.95    0.423344    -139.034     42.6886     2064.87        2275     2.85981     27.2939       0.016     6.16659     3.82874     3.99501     3.78124
       5300 0.000775485           1     463.521     265.964     62.9073     3858.41     2393.71     6252.12     2354.04     2375.11    0.422626    -139.304     42.6887     2064.46     2274.27     2.86086     26.2763       0.016     6.17693     3.83482     3.60587      3.7932
       5200   0.0150889           1     463.613     266.289     61.4045      3876.3     2397.22     6273.52     2353.49     2374.23    0.421921    -139.609     42.6888     2064.04     2273.54     2.86191     25.0522       0.016     6.18713     3.84092     3.61509     3.40415
       5100   0.0107678           1     465.117      266.61     59.7269     3881.15     2399.81     6280.96     2353.73     2374.15    0.421225    -140.252     42.6889     2063.71     2272.92     2.86288     23.6682       0.016     6.19716     3.84713     3.62306     3.41129
       5000  0.00649843           1      466.19     266.924     57.9067      3882.6     2401.49     6284.08     2353.63     2373.75    0.420564    -140.815      42.689     2063.49     2272.41      2.8638     22.1517       0.016     5.40625     3.85413     3.62984     3.41625
       4900   0.0117195           1     466.845     267.228     56.0083     3885.51     2404.26     6289.77     2353.29     2373.13    0.419954    -141.336     42.6891     2063.23     2271.89     2.86471     20.5567       0.016     5.41444     3.86173      3.6358     3.42031
       4800   0.0139113           1     468.019      267.52     54.0241     3886.77     2407.49     6294.26     2353.24     2372.82    0.419375    -142.017     42.6891     2062.99     2271.38     2.86557     18.8794       0.016     5.42212     3.86963     3.64146     3.42497
       4700   0.0161363           1     469.412     267.804     51.9702     3893.92     2411.19      6305.1     2353.28     2372.61    0.418819    -142.777     42.6892      2062.8     2270.95     2.86639     17.1291       0.016     5.42941     3.87763     3.64716     3.43017
       4600  0.00686535           1     471.017     268.081     49.8776     3895.62      2412.9     6308.53     2353.38     2372.47     0.41829    -143.607     42.6892     2062.66     2270.58     2.86716     15.3347       0.016     5.43637     3.88564     3.65297     3.43571
       4500  0.00235312           1     471.699     268.348      47.745     3899.14     2413.66      6312.8     2352.94      2371.8    0.417793    -144.287     42.6893     2062.48     2270.17     2.86793     13.4986       0.016     5.44305     3.89359      3.6589     3.44152
       4400   0.0105972           1     471.942     268.604     45.9501     3903.33     2416.15     6319.48     2352.32     2370.96     0.41732    -144.949     42.6893      2062.2     2269.65     2.86872     11.9044       0.016     5.44948     3.90144     3.66495     3.44756
       4300   0.0113171           1     473.003     268.854     44.3277     3905.17      2418.8     6323.96     2352.21     2370.63    0.416844    -145.826     42.6894     2061.94     2269.16     2.86947     10.4607       0.016     5.45571     3.90918     3.67112     3.45377
       4200   0.0134621           1     474.137       269.1     42.7942      3911.5      2421.9     6333.39     2352.12     2370.33     0.41637    -146.724     42.6894     2061.74     2268.74     2.87018     9.08552       0.016     5.46177     3.91681     3.67756     3.46011
       4100  0.00998071           1     475.479     269.343      41.332     3921.87     2424.26     6346.13     2352.12     2370.11    0.415908    -147.662     42.6894     2061.57     2268.37     2.87087     7.76671       0.016     5.46769     3.92433      3.6842      3.4666
       4000   0.0163803           1     476.484     269.583      39.918     3932.69     2427.97     6360.67      2351.9     2369.69    0.415464    -148.528     42.6894      2061.4     2267.99     2.87155     6.48679       0.016     5.47347     3.93175     3.69096     3.47323
       3900   0.0227649           1     478.128      269.82     38.5267     3946.32     2433.05     6379.37     2352.03     2369.61    0.415028    -149.526     42.6894     2061.25     2267.64     2.87221     5.22378       0.016     5.47914     3.93908     3.69777     3.47996
       3800   0.0148496           1     480.397     270.058     37.1405     3958.46     2436.45     6394.91     2352.43      2369.8    0.414597    -150.624     42.6895     2061.18     2267.38     2.87283     3.96146       0.016     5.48472     3.94633     3.70461     3.48675
       3700   0.0131688           1      481.88     270.294     35.1951     3974.79     2439.48     6414.27     2352.29     2369.47     0.41419    -151.537     42.6895     2061.11     2267.13     2.87345     2.32009       0.016     5.49021     3.95349     3.71146     3.49357
       3600   0.0115047           1     483.195     270.526      31.727     3988.76     2442.15     6430.91     2352.07     2369.06    0.413799      -152.5     42.6895     2060.98     2266.79     2.87409   -0.599984       0.016     5.49562     3.96057      3.7183     3.50045
       3500   0.0188755           1     484.353     270.755     27.5945     4002.02      2446.4     6448.41     2351.79     2368.57    0.413411    -153.576     42.6895      2060.8     2266.42     2.87473    -4.10165       0.016     5.50095     3.96757     3.72514     3.50736
       3400   0.0131234           1     486.235     270.982     23.2057     4011.37     2449.41     6460.78     2351.91      2368.5    0.413015    -154.952     42.6895     2060.65     2266.07     2.87535    -7.86766       0.016     5.50623      3.9745     3.73196     3.51428
       3300    0.013713           1     487.548     271.208     18.5747     4011.45     2452.56        6464     2351.67     2368.06    0.412623    -156.345     42.6895     2060.51     2265.75     2.87596    -11.8535       0.016     5.51144     3.98135     3.73875      3.5212
       3200    0.014311           1      488.92     271.431     14.2765     4012.84     2455.82     6468.66     2351.48     2367.68    0.412237    -157.901     42.6895     2060.35      2265.4     2.87658    -15.6728       0.016      5.5166     3.98812     3.74553     3.52812
       3100   0.0130437           1      490.35     271.653     11.2848        4013     2458.82     6471.82     2351.33     2367.34    0.411849    -159.544     42.6895     2060.19     2265.04     2.87718    -18.4171       0.016     5.52171     3.99483     3.75227     3.53503
       3000   0.0117893           1     491.653     271.872     8.76439     4015.88     2461.55     6477.43     2351.11     2366.93    0.411462    -161.181     42.6895     2060.02     2264.69     2.87779    -20.7651       0.016     5.52677     3.60137     3.75898     3.54192
       2900   0.0149995           1     492.835     272.089      6.5815     4019.22     2464.96     6484.18     2350.84     2366.46    0.411077    -162.797     42.6895     2059.84     2264.32     2.87839    -22.8301       0.016     5.53177     3.60659     3.76566      3.5488
       2800   0.0130774           1     494.333     272.303     4.63245     4022.93     2467.96     6490.89     2350.76     2366.19     0.41069    -164.466     42.6895     2059.67     2263.96     2.87898    -24.6958       0.016     5.53672     3.61092     3.77225     3.55565
       2700   0.0289204           1     495.657     272.513     2.68458     4026.19     2474.34     6500.54     2350.57     2365.81    0.410306    -166.074     42.6895     2059.51     2263.63     2.87956    -26.5297       0.016     5.54158     3.61485     3.77874     3.56244
       2600  0.00458044           1     498.524     272.722    0.385272     4038.64     2475.52     6514.16      2351.2     2366.26    0.409917    -167.969     42.6895     2059.45      2263.4     2.88008    -28.6579       0.016     5.54634     3.61858      3.7851     3.56912
       2500   0.0223617           1         499     272.925     -1.9897     4038.71      2480.5     6519.21     2350.41     2365.29    0.409556    -169.367     42.6895     2059.35     2263.14     2.88063    -30.8503       0.016       5.551     3.62225     3.79135     3.57572
       2400    0.020032           1     501.234     273.124    -4.40179      4040.6     2484.97     6525.57      2350.7     2365.39    0.409199    -171.163     42.6895      2059.2     2262.82     2.88116    -33.0793       0.016     5.55556      3.6259     3.79749     3.58224
       2300   0.0170183           1     503.234     273.322    -6.84673     4040.71      2488.8     6529.51     2350.77     2365.29    0.408838    -172.897     42.6895     2059.14      2262.6     2.88166    -35.3392       0.016     5.56002     3.62957     3.40327     3.58862
       2200   0.0140291           1     504.933     273.516    -9.15291     4047.37     2491.98     6539.36     2350.65     2364.99    0.408493    -174.577     42.6895     2059.06     2262.37     2.88215    -37.5094       0.016     5.56438     3.63326     3.40846     3.59481
       2100   0.0136351           1     506.335     273.705    -11.0474     4047.84     2495.08     6542.92     2350.37     2364.55     0.40816      -176.2     42.6895     2058.94      2262.1     2.88266    -39.3344       0.016     5.56864     3.63696     3.41337     3.20072
       2000    0.013265           1     507.699     273.888    -12.7694     4048.17     2498.09     6546.26     2350.11     2364.12    0.407832    -177.811     42.6896      2058.8      2261.8     2.88316    -41.0097       0.016     5.57279     3.64068     3.41797     3.20507
       1900    0.015409           1     509.027     274.067    -14.3599     4048.65     2501.56     6550.21     2349.87     2363.72    0.407509    -179.402     42.6896     2058.65     2261.49     2.88364    -42.5707       0.016     5.57684     3.64441     3.42202     3.20821
       1800   0.0152408           1     510.568      274.24     -15.852     4049.17     2504.98     6554.16     2349.78     2363.48    0.407194    -181.012     42.6896     2058.52     2261.22      2.8841    -44.0446       0.016     5.58078     3.64812      3.4256      3.2107
       1700   0.0189507           1     512.096     274.409    -17.3593     4051.01      2509.2     6560.21     2349.68     2363.24     0.40689    -182.589     42.6896     2058.42     2260.99     2.88454    -45.5124       0.016      5.5846      3.6518     3.42883     3.21279
       1600   0.0259323           1     513.998     274.573    -19.0588     4051.95     2514.92     6566.87     2349.79     2363.21      0.4066    -184.213     42.6896     2058.36     2260.79     2.88495     -47.138       0.016     5.58829     3.65546      3.4318     3.21462
       1500    0.017075           1     516.582     274.735    -20.8239     4053.33     2518.73     6572.06     2350.23     2363.53    0.406321    -185.934     42.6896     2058.38      2260.7     2.88531    -48.8201       0.016     5.59185     3.65908     3.43457     3.21626
       1400  0.00893405           1     518.281     274.892    -22.6219     4054.21     2520.78        6575      2350.1     2363.29    0.406072    -187.445     42.6896     2058.41     2260.62     2.88567    -50.5279       0.016     5.59528     3.66267     3.43719     3.21777
       1300   0.0119411           1     519.178     275.041    -24.4262     4058.86     2523.48     6582.33     2349.59     2362.67    0.405851    -188.813     42.6896     2058.33     2260.42     2.88606     -52.238       0.016     5.59857     3.66621     3.43971     3.21934
       1200   0.0149231           1     520.375     275.182    -25.9582     4075.25     2526.81     6602.06     2349.33     2362.31    0.405631    -190.269     42.6896      2058.2     2260.16     2.88644    -53.7613       0.016     5.60173     3.66972     3.44225     3.22131
       1100   0.0175368           1      521.87      275.32    -26.7477     4088.57      2530.7     6619.27     2349.28     2362.15    0.405403    -191.753     42.6896     2058.11     2259.96      2.8868    -54.6598       0.016     5.60478     3.67319     3.44487     3.22357
       1000   0.0194947           1     523.626     275.455    -27.2161     4099.78     2535.01     6634.79     2349.36     2362.13    0.405176    -193.216     42.6896     2058.07     2259.81     2.88712    -55.2774       0.016     5.60774     3.67662     3.44759     3.22603
        900    0.018339           1     525.574     275.589    -27.3381     4111.43     2539.07      6650.5     2349.52      2362.2    0.404956    -194.623     42.6896     2058.07     2259.72     2.88743    -55.6021       0.016     5.61061     3.68004     3.45037     3.22861
        800   0.0347739           1     527.424     275.722    -27.1967     4124.34     2546.67     6671.01      2349.6     2362.17     0.40475    -195.905     42.6896     2058.08     2259.64     2.88773    -55.6884       0.016     5.61339     3.68343      3.4532      3.2313
        700   0.0375878           1     530.904     275.857    -26.7644     4135.08     2554.88     6689.96     2350.52        2363    0.404545    -197.377     42.6896      2058.2     2259.68     2.88796    -55.5351       0.016     5.61611     3.68681     3.45606     3.23403
        600    0.023512           1     534.649     275.996    -25.8846     4155.77     2560.06     6715.83     2351.39     2363.79    0.404354     -198.71     42.6896     2058.45     2259.87     2.88815    -54.9933       0.016     5.61877     3.69017     3.45892     3.23673
        500    0.020413           1     536.997     276.133    -24.7089     4176.98     2564.57     6741.55     2351.36     2363.68    0.404205    -199.607     42.6896     2058.64     2259.99     2.88838    -54.1811       0.016     5.62136     3.69351     3.46177     3.23946
        400   0.0294884           1     539.048     276.266    -23.2119     4210.65     2571.03     6781.68     2351.21     2363.45    0.404073    -200.335     42.6896     2058.68     2259.95     2.88865    -53.0822       0.016     5.62388     3.69683     3.46462     3.24225
        300  0.00561698           1     541.973     276.398    -21.4714     4233.65     2572.36     6806.01     2351.55     2363.71    0.403928    -201.105     42.6896     2058.74     2259.91      2.8889    -51.7563       0.016     5.62636     3.70011     3.46747     3.24505
        200   0.0030379           1     542.532     276.525    -19.2261     4263.48     2573.13     6836.61     2350.59     2362.66     0.40379    -201.294     42.6896     2058.69     2259.77     2.88921    -50.0223       0.016      5.6288     3.70335     3.47032     3.24792
        100   0.0218764           1     542.854     276.643    -16.0631     4278.47     2577.94     6856.41      2349.7     2361.68    0.403644    -201.354     42.6896     2058.46     2259.42     2.88957    -47.4897       0.016     5.63119     3.70656      3.4732     3.25088
          0   0.0213101           1     545.041     276.761    -12.4331     4280.48     2582.63     6863.11     2349.97     2361.85    0.403451     -201.62     42.6896     2058.31     2259.16     2.88987    -44.5351       0.016     5.63357     3.70972     3.47609     3.25387