      20000           0         0.7           0     179.437      354.04     78.9895     14.2831     93.2726     2343.43     2426.93    0.785391      6.5598     39.9574     2049.96      2345.7     2.72671     271.433       0.016     5.73044     4.59858     4.35318     4.39114
      19900           0         0.7           0     179.437      353.13     151.419     29.7361     181.156     2343.43     2426.93    0.785563     6.43382     39.9574     2049.96      2345.7     2.72686     270.633       0.016     5.73044     4.59858     4.35318     4.39114
      19800           0         0.7           0     179.437     352.506     228.894     46.3592     275.253     2343.43     2426.93    0.785735     6.30822     39.9574     2049.96      2345.7     2.72701     270.044       0.016     5.73044     4.59858     4.35318     4.39114
      19700           0         0.7           0     179.437     352.255     299.319     60.5222     359.841     2343.43     2426.93    0.785907     6.19879     39.9574     2049.96      2345.7     2.72716     269.745       0.016     5.73044     4.59858     4.35318     4.39114
      19600           0         0.7           0     179.437      352.29     351.209     72.5053     423.714     2343.43     2426.93    0.786079     6.12087     39.9574     2049.96      2345.7     2.72731     269.689       0.016     5.73044     4.59858     4.35318     4.39114
      19500           0         0.7           0     179.437     350.597     414.692     82.0183      496.71     2343.43     2426.93    0.786251     6.05158     39.9574     2049.96      2345.7     2.72746     268.519       0.016     5.73044     4.59858     4.35318     4.39114
      19400           0         0.7           0     179.437     347.879     487.353     94.1014     581.454     2343.43     2426.93    0.786423     5.90477     39.9574     2049.96      2345.7     2.72761     266.477       0.016     5.73044     4.59858     4.35318     4.39114
      19300           0         0.7           0     179.437     345.374     558.279     106.214     664.494     2343.43     2426.93    0.786595     5.65656     39.9574     2049.96      2345.7     2.72775     264.481       0.016     5.73044     4.59858     4.35318     4.39114
      19200           0         0.7           0     179.437     342.873     620.606     118.358     738.963     2343.43     2426.93    0.786767     5.32496     39.9574     2049.96      2345.7      2.7279     262.498       0.016     5.73044     4.59858     4.35318     4.39114
      19100           0         0.7           0     179.437      342.02     681.386     130.011     811.397     2343.43     2426.93    0.786938     4.94128     39.9574     2049.96      2345.7     2.72805     261.588       0.016     5.73044     4.59858     4.35318     4.39114
      19000           0         0.7           0     179.437     342.156      741.53     142.474     884.004     2343.43     2426.93     0.78711     4.58749     39.9574     2049.96      2345.7      2.7282     261.511       0.016     5.73044     4.59858     4.35318     4.39114
      18900           0         0.7           0     179.437     340.553     800.577     155.747     956.323     2343.43     2426.93    0.787281     4.26219     39.9574     2049.96      2345.7     2.72835      260.36       0.016     5.73044     4.59858     4.35318     4.39114
      18800           0         0.7           0     179.437     337.986     870.831      166.28     1037.11     2343.43     2426.93    0.787452     3.87637     39.9574     2049.96      2345.7      2.7285     258.368       0.016     5.73044     4.59858     4.35318     4.39114
      18700           0         0.7           0     179.437      336.21     952.601     178.113     1130.71     2343.43     2426.93    0.787624     3.41716     39.9574     2049.96      2345.7     2.72864     256.824       0.016     5.73044     4.59858     4.35318     4.39114
      18600           0         0.7           0     179.437     334.818     1047.59     192.576     1240.17     2343.43     2426.93    0.787795     2.92873     39.9574     2049.96      2345.7     2.72879     255.619       0.016     5.73044     4.59858     4.35318     4.39114
      18500           0         0.7           0     179.437     333.482     1150.05     201.259     1351.31     2343.43     2426.93    0.787966     2.42444     39.9574     2049.96      2345.7     2.72894     254.469       0.016     5.73044     4.59858     4.35318     4.39114
      18400           0         0.7           0     179.437     332.205     1219.19     209.492     1428.69     2343.43     2426.93    0.788137      1.9065     39.9574     2049.96      2345.7     2.72909     253.357       0.016     5.73044     4.59858     4.35318     4.39114
      18300           0         0.7           0     179.437     329.228      1275.7     218.075     1493.77     2343.43     2426.93    0.788308     1.34924     39.9574     2049.96      2345.7     2.72924     251.114       0.016     5.73044     4.59858     4.35318     4.39114
      18200           0         0.7           0     179.437       325.2      1360.8     226.658     1587.45     2343.43     2426.93    0.788478    0.672723     39.9574     2049.96      2345.7     2.72938      247.97       0.016     5.73044     4.59858     4.35318     4.39114
      18100           0         0.7           0     179.437     321.768     1469.79     234.714      1704.5     2343.43     2426.93    0.788649   -0.137283     39.9574     2049.96      2345.7     2.72953      245.11       0.016     5.73044     4.59858     4.35318     4.39114
      18000           0         0.7           0     179.437     318.559     1574.09     243.331     1817.42     2343.43     2426.93     0.78882    -1.04056     39.9574     2049.96      2345.7     2.72968     242.443       0.016     5.73044     4.59858     4.35318     4.39114
      17900           0         0.7           0     179.437      317.64     1670.99     253.364     1924.35     2343.43     2426.93     0.78899    -1.98653     39.9574     2049.96      2345.7     2.72983     241.293       0.016     5.73044     4.59858     4.35318     4.39114
      17800           0         0.7           0     179.437     318.134        1766     264.257     2030.25     2343.43     2426.93    0.789161    -2.86227     39.9574     2049.96      2345.7     2.72997     241.331       0.016     5.73044     4.59858     4.35318     4.39114
      17700           0         0.7           0     179.437     316.312     1860.47      274.54     2135.01     2343.43     2426.93    0.789331    -3.66765     39.9574     2049.96      2345.7     2.73012     239.957       0.016     5.73044     4.59858     4.35318     4.39114
      17600           0         0.7           0     179.437     313.229     1943.92     288.828     2232.75     2343.43     2426.93    0.789502    -4.52282     39.9574     2049.96      2345.7     2.73027     237.487       0.016     5.73044     4.59858     4.35318     4.39114
      17500           0         0.7           0     179.437     313.298     2011.35     302.776     2314.12     2343.43     2426.93    0.789672    -5.41147     39.9574     2049.96      2345.7     2.73042     237.026       0.016     5.73044     4.59858     4.35318     4.39114
      17400           0         0.7           0     182.115     344.137     2042.72     312.444     2355.16     2337.81     2427.24    0.817182    -7.03503     39.0482     2090.19     2390.75     2.64272     282.715       0.016      5.7211     4.59193      4.3525     4.39344
      17300           0         0.7           0     182.934     353.815     2073.54     322.233     2395.78     2333.75     2428.42    0.848489    -7.23612     38.2531     2099.33     2400.72     2.62299     291.111       0.016     5.71793     4.58375     4.34297     4.38361
      17200           0         0.7           0      183.39     359.881     2096.59     335.928     2432.52     2330.58     2429.87    0.876868    -7.02974     37.5586     2103.93      2405.7     2.61341     296.236       0.016     5.72125     4.57463     4.32783     4.36492
      17100           0         0.7           0     183.841     363.835     2099.91     350.717     2450.63     2328.02     2431.38    0.901834    -6.64495     36.9519     2107.52     2409.45     2.60581     299.608       0.016     5.72871     4.56346     4.30774     4.33998
      17000           0         0.7           0     184.395     366.328     2106.32     368.422     2474.74     2325.94     2432.88    0.923629    -6.19849      36.422     2110.68     2412.53     2.59894     301.804       0.016     5.73799     4.54879     4.28324     4.31057
      16900           0         0.7           0     185.076     363.157     2119.69     386.971     2506.66     2324.24     2434.34    0.942573    -5.83044     35.9588     2113.56      2415.1     2.59263     299.792       0.016     5.74731     4.52873     4.25519     4.27796
      16800           0         0.7           0     185.879      356.08     2132.94     406.282     2539.22     2322.88     2435.75     0.95898    -5.80695     35.5537     2116.22     2417.24     2.58687      294.26       0.016     5.75543     4.50524     4.22418     4.24311
      16700           0         0.7           0     186.789     347.713     2143.96     427.383     2571.34      2321.8     2437.11     0.97314    -6.22983      35.199      2118.7     2419.03     2.58162     287.424       0.016     5.76158     4.47861      4.5905     4.20736
      16600           0         0.7           0     187.792     338.163     2156.83      452.74     2609.57     2320.95     2438.38    0.985304    -7.09448     34.8882     2121.04     2420.52     2.57681     279.594       0.016     5.76538     4.44944     4.55473     4.57412
      16500           0         0.7           0     188.875     339.172     2164.82     472.218     2637.03      2320.3     2439.58    0.995708    -8.20911     34.6155     2123.26     2421.76      2.5724     279.344       0.016      5.7667     4.41878      4.5183     4.53859
      16400   0.0650992         0.7   0.0650992     190.027      347.24     2171.37     496.159     2667.52     2319.86     2440.73     1.00457    -8.99678      34.376     2125.37     2422.79     2.56833     285.676       0.016     5.76561     4.78854     4.48125     4.50183
      16300     0.11211         0.7     6.62203     191.267     352.205     2187.87     517.408     2705.28     2323.06     2444.27     1.01207    -10.7639     34.1655     2127.46     2423.69     2.56462     290.397       0.016     5.76229     4.75451     4.44444     4.46555
      16200    0.076267         0.7     17.7972      192.62     355.518     2209.47     544.233      2753.7     2328.21     2449.07     1.01841    -13.0017     33.9801     2129.68     2424.61     2.56136     293.461       0.016     5.75696     4.71886     4.40845      4.4312
      16100   0.0106093         0.7     25.3583     194.052     347.087     2227.42     573.918     2801.33      2330.6     2451.85     1.02376    -13.9668     33.8167     2132.01     2425.56     2.55841     287.823       0.016      5.7499     4.68238     4.77245     4.40032
      16000           0         0.7     26.4086     195.495     330.764     2235.42     602.126     2837.55     2329.24      2451.9     1.02823    -13.8913     33.6725     2134.26     2426.44     2.55548     274.874       0.016      5.7414     4.64601     4.73785      4.7712
      15900           0         0.7     26.4086     196.927     322.459     2238.57     629.052     2867.62     2327.75     2451.72     1.03187    -14.4164     33.5449     2136.32     2427.11     2.55245     267.106       0.016     5.73171     4.61133     4.70395     4.73999
      15800   0.0236336         0.7     26.4322     198.355     318.991     2244.82     653.057     2897.88     2326.68      2451.7     1.03473    -15.2732      33.432     2138.22      2427.6     2.54939     263.995       0.016     5.72107     4.97816     4.67054      4.7079
      15700   0.0342229         0.7     28.8062     199.798     316.711     2251.83      676.77      2928.6     2327.17     2452.65     1.03692    -16.7468     33.3317     2140.02     2427.97     2.54636     262.082       0.016     5.70965     4.94363     4.63787     4.67614
      15600   0.0387499         0.7      32.233     201.266     315.457     2260.33     698.264     2958.59     2328.22     2453.92     1.03852    -18.3536     33.2426      2141.8      2428.3     2.54338     261.008       0.016     5.69768     4.90899     4.60605     4.64546
      15500   0.0365932         0.7     36.1058     202.755     313.443     2268.83     719.038     2987.87     2329.42     2455.22     1.03963    -19.8932     33.1631     2143.59     2428.63     2.54043     259.496       0.016     5.68553     4.87475     4.97398     4.61607
      15400   0.0751764         0.7     39.8037      204.26     311.038     2282.23     738.784     3021.01     2330.41     2456.32      1.0403    -21.2765     33.0921     2145.38     2428.96     2.53745      257.59       0.016      5.6733     4.84139     4.94306     4.99193
      15300    0.129974         0.7     47.3762     205.791     310.189     2303.74     760.309     3064.05     2333.41     2458.76     1.04057    -23.4269     33.0283      2147.2     2429.32     2.53446     256.833       0.016     5.66107     4.81039     4.91439      4.9688
      15200    0.171458         0.7     60.4151     207.382     310.329     2326.18         781     3107.18     2338.91     2462.93     1.04053    -26.4458     32.9709     2149.15     2429.78     2.53157     257.018       0.016     5.64901     5.18184     4.88765     4.94699
      15100    0.248349         0.7     77.6378     209.049     316.667     2357.49     800.725     3158.22     2345.79     2468.08     1.04023    -29.7097      32.919     2151.32     2430.43      2.5288     261.948       0.016     5.63729     5.15217     4.86324      4.9275
      15000    0.315788         0.7      102.54     210.814     327.244     2402.69     819.214      3221.9     2355.75     2475.42     1.03974    -33.5799     32.8718     2153.78     2431.33     2.52618     270.856       0.016     5.62603     5.12336     4.84124      4.9112
      14900    0.369973         0.7     134.173     212.699     335.259     2458.41     835.161     3293.57     2367.77     2484.27     1.03914     -37.555     32.8288     2156.62     2432.56     2.52375     278.269       0.016     5.61538     5.09583     4.82196     4.89871
      14800    0.348582         0.7     171.149     214.708     341.837     2525.18     849.732     3374.92     2380.81     2493.92     1.03845    -41.3958     32.7892     2159.86     2434.16     2.52147     284.292       0.016     5.60549     5.06991     4.80565     4.89008
      14700           0         0.7     205.659     216.746     332.749     2584.93      861.98     3446.91     2390.57     2501.35     1.03776    -43.7282     32.7525     2163.38     2436.08     2.51972      278.44       0.016     5.59658     5.04602     5.19196     4.88411
      14600           0         0.7     205.659      209.88     264.234     2604.13      887.94     3492.07     2384.25     2493.31     1.00694    -39.4033     33.7363     2131.72     2406.17     2.68072     199.447       0.016     6.47522     4.80703     4.92657     4.90398
      14500           0         0.7     205.659      207.88      237.47     2607.05     919.408     3526.45     2379.93     2486.59    0.972196    -40.4863     34.6823     2124.09     2399.37     2.70455     174.103       0.016     6.68989     4.61776     4.66688     4.96814
      14400           0         0.7     205.659     208.131     220.947     2611.69     952.631     3564.32     2377.38     2480.97    0.936266     -43.441     35.5885      2119.1     2393.11     2.71323      159.27       0.016       6.501     4.74554     4.73196     4.63828
      14300           0         0.7     205.659     209.153     206.687     2619.29     982.628     3601.92     2376.13     2476.17    0.899365    -46.8969     36.4418     2115.03     2387.07     2.72056     147.473       0.016       6.501     4.40598     4.75191     4.69602
      14200           0         0.7     205.659     210.385     194.515     2633.63      1010.8     3644.43     2375.73     2471.94    0.862588     -50.359     37.2291     2111.47     2381.42     2.72749     137.557       0.016       6.501     4.41232     4.75156     4.74335
      14100           0         0.7     205.659     211.629      187.95     2648.56      1037.5     3686.06     2375.83     2468.11    0.827005    -53.5451     37.9427     2108.29     2376.21     2.73392     131.863       0.016       6.501     4.40068     4.74505     4.78052
      14000           0         0.7     205.659     212.838       184.9     2672.76     1061.65      3734.4     2376.17     2464.59    0.793389    -56.2154     38.5803     2105.42     2371.44     2.73985     129.216       0.016       6.501     4.78331     4.73918     4.40878
      13900           0         0.7     205.659     214.003     179.864     2702.21     1088.21     3790.42     2376.63     2461.32    0.762228    -58.3966     39.1438     2102.82     2367.05     2.74534     125.483       0.016       6.501       4.763     4.73499     4.42366
      13800           0         0.7     205.659     215.122     173.965     2722.94     1111.61     3834.55     2377.09     2458.29    0.733746    -60.3164     39.6376     2100.46     2363.01     2.75048     120.915       0.016       6.501     4.74464      4.7331     4.43718
      13700           0         0.7     205.659     216.196     169.658      2759.6     1136.76     3896.36     2377.49     2455.43    0.707973    -62.0658     40.0676     2098.32     2359.28     2.75531     117.409       0.016       6.501     4.73048     4.73516     4.45194
      13600           0         0.7     205.659      217.23     166.242     2789.03     1160.73     3949.77     2377.79     2452.71    0.684823    -63.6386     40.4403     2096.34     2355.82     2.75988     114.676       0.016       6.501      4.7214     4.74145     4.46833
      13500           0         0.7     205.659      218.23     169.447     2818.83     1178.33     3997.16     2377.96     2450.09    0.664142    -64.9563     40.7621     2094.51     2352.58     2.76425     116.653       0.016       6.501     4.71752     4.75178     4.48664
      13400           0         0.7     205.659     219.201     176.672     2847.25     1198.17     4045.42        2378     2447.56    0.645735    -65.7494     41.0391      2092.8     2349.51     2.76845     122.155       0.016       6.501     4.71858     4.76575     4.50698
      13300           0         0.7     205.659     220.146      173.66     2876.32     1214.89     4091.21      2377.9      2445.1    0.629389    -66.1563      41.277     2091.18      2346.6     2.77252      120.79       0.016       6.501     4.72415     4.78297     4.52935
      13200           0         0.7     205.659     223.681     194.553     2888.12     1231.12     4119.24      2370.5     2442.91    0.666444    -66.5892     40.2965     2127.89     2386.34     2.66056     153.814       0.016     6.76752     4.72649     4.40868     4.55095
      13100 0.000730206         0.7     205.659     225.917     201.199     2893.87     1241.07     4134.94     2364.49     2441.64    0.704377     -65.972     39.3976     2136.89     2394.71     2.63114     160.269       0.016     6.41993     4.72318     4.42261     4.56313
      13000           0         0.7     205.732     227.724     207.113     2907.63     1251.83     4159.47     2359.41     2440.77    0.738651    -64.9944     38.5929      2141.3      2398.1      2.6159     166.143       0.016     5.82869      4.7061     4.42258     4.56536
      12900   0.0509267         0.7     205.783     229.178     213.434     2909.05     1261.36     4170.41     2355.04     2440.08    0.768916    -63.8301     37.8817     2144.31      2400.2     2.60484     172.085       0.016     5.98955     4.67973     4.41463     4.55871
      12800    0.078405         0.7     210.903     230.309     219.797     2918.71     1271.93     4190.64     2353.99     2441.45    0.795559    -63.6324     37.2566     2146.58     2401.75     2.59649      178.02       0.016     6.12046     4.64975     4.40304     4.54615
      12700   0.0238791         0.7     218.689     231.378     222.012        2923     1283.16     4206.15     2354.38     2443.61    0.819061    -63.7965      36.708     2148.62     2403.09     2.58898     180.678       0.016     5.42575     4.62113     4.78846     4.53047
      12600           0         0.7     221.053     232.563     221.319     2937.47     1295.75     4233.22     2351.68     2443.43    0.839636    -62.7784      36.226     2150.66     2404.33     2.58101     180.584       0.016      5.5048     4.99359      4.7694     4.51152
      12500           0         0.7     221.053     233.777     221.171     2949.43     1308.96     4258.39     2348.17      2442.5    0.857565    -61.5918     35.8017     2152.59     2405.42     2.57318     180.642       0.016     5.56667     4.96446     4.74727     4.48889
      12400           0         0.7     221.053     235.003     221.154     2963.51     1320.05     4283.56     2345.27      2441.8    0.873139    -60.7611     35.4274      2154.4     2406.36     2.56556     180.867       0.016     5.61463     4.93494     4.72305     4.46349
      12300           0         0.7     221.053     236.241     219.817     2966.62      1330.6     4297.22     2342.85     2441.29    0.886643    -60.2468     35.0963     2156.12      2407.2     2.55818     180.021       0.016     5.65134     4.90577     4.69746     4.43639
      12200   0.0702391         0.7     221.123      237.49     217.497     2977.97     1342.41     4320.38     2340.86     2440.94    0.898338    -60.0814     34.8029      2157.8     2407.97     2.55099     178.231       0.016     5.67893     4.87727     4.67136     4.40908
      12100    0.136381         0.7     228.213     238.787     216.632      2998.3     1356.07     4354.37     2342.96     2443.34    0.908441     -61.703     34.5423      2159.5     2408.74     2.54404     177.445       0.016     5.69913     4.84951     4.64749     4.78671
      12000    0.201243         0.7     241.916     240.181     216.581     3027.36     1365.98     4393.34     2348.18     2447.85    0.917186    -64.5719     34.3104     2161.39     2409.65     2.53741     177.437       0.016     5.71349     4.82367     4.62633     4.76581
      11900    0.237184         0.7     262.076     241.705     217.337     3061.11     1378.83     4439.94     2355.94     2454.12    0.924791    -68.3423     34.1037     2163.58     2410.78      2.5311     178.079       0.016     5.72355     4.80089     4.60715     4.74765
      11800     0.32454         0.7     285.882     243.366     218.642     3100.64     1390.51     4491.15     2364.36     2460.87    0.931423    -72.1785     33.9194     2166.09     2412.19     2.52502     179.223       0.016     5.73027     5.17888      4.9893     4.73251
      11700    0.112661         0.7     318.124     245.184     227.298     3152.19      1401.9      4554.1     2375.97     2469.89    0.937202    -76.8959     33.7547     2168.96     2413.89     2.51915     186.121       0.016     5.73439     5.15712     4.97244     4.72068
      11600   0.0655659         0.7     329.343     233.613     201.626      3184.7     1425.66     4610.36     2378.74     2468.49    0.909543    -75.9909     34.6333     2131.85     2381.19     2.70398     145.643       0.016     5.96392     4.91702     4.70264     4.73401
      11500  0.00391897         0.7     335.838     229.775     183.752     3209.02     1461.65     4670.67     2378.75     2465.38    0.878431    -76.7883     35.4829     2124.62     2376.43     2.72917     129.945       0.016     6.44464     4.73024     4.44381     4.79538
      11400  0.00875152         0.7     336.235     229.323      160.05     3222.12     1500.28     4722.39     2376.32     2460.55    0.846478    -78.0204     36.2999     2120.19     2371.66     2.73618     110.351       0.016     6.27261      4.4633     4.51002     4.45964
      11300    0.011006         0.7     337.112     230.069     148.802     3228.81     1535.68      4764.5      2375.4     2456.69    0.813447    -80.4873     37.0709     2116.54     2366.61     2.74172     99.9013       0.016     6.77894     4.52227     4.53124     4.51691
      11200           0         0.7     338.202     231.198     144.478     3230.65     1569.34     4799.99     2375.35     2453.39    0.780234    -83.0265     37.7829     2113.42      2361.8     2.74716     95.8955       0.016     6.72746     4.53722     4.53181     4.56306
      11100           0         0.7     338.202     232.406     136.707     3249.14     1601.83     4850.97     2375.14        2450    0.747912    -85.0885     38.4281     2110.62     2357.32     2.75232     89.9678       0.016     6.70483     4.52785     4.52571     4.59835
      11000           0         0.7     338.202     233.592     127.327     3276.41     1633.04     4909.45     2375.27     2446.92     0.71727    -87.1515     39.0042     2108.05     2353.13     2.75711     82.5049       0.016     6.70049     4.50791     4.51862     4.21855
      10900           0         0.7     338.202      234.73     121.933     3294.35     1665.91     4960.26     2375.57     2444.11    0.688801    -89.2076     39.5127     2105.72     2349.29     2.76154     77.8057       0.016     6.70784     4.48562     4.51168     4.23057
      10800           0         0.7     338.202     235.817     118.793     3300.64     1695.64     4996.28     2375.92      2441.5    0.662739    -91.0843     39.9577     2103.62     2345.78     2.76565     75.1039       0.016     6.72267      4.4653     4.50735     4.24198
      10700           0         0.7     338.202     236.855     114.753     3308.54     1725.01     5033.55     2376.25     2439.06    0.639145    -92.7843     40.3448     2101.71     2342.56     2.76948     71.8873       0.016     6.74225     4.44899     4.50667     4.25369
      10600           0         0.7     338.202     237.851     110.321     3320.64     1754.06      5074.7     2376.51     2436.75    0.617961    -94.4163     40.6796     2099.98     2339.57     2.77309     68.2666       0.016     6.76481     4.43746     4.50976     4.26638
      10500           0         0.7     338.202     238.811     107.628     3332.97     1782.75     5115.72     2376.68     2434.53    0.599057    -95.9999     40.9683     2098.37     2336.79     2.77651     65.8695       0.016     6.78921     4.43083     4.51637     4.28048
      10400           0         0.7     338.202      239.74     105.951     3345.91     1809.21     5155.12     2376.74     2432.39    0.582257    -97.4762     41.2164     2096.88     2334.18     2.77979     64.3689       0.016     6.21359     4.42992     4.52619      4.2962
      10300           0         0.7     338.202     240.644     104.865     3352.24     1833.47     5185.71     2376.69     2430.32    0.567369    -98.8354     41.4292     2095.48      2331.7     2.78295      63.362       0.016     6.23738     4.43287     4.53885     4.31361
      10200           0         0.7     338.202     241.524     103.697     3359.42     1857.64     5217.06     2376.54      2428.3    0.554195    -100.083     41.6113     2094.15     2329.33     2.78601     62.3864       0.016     6.26126     4.43816     4.55397     4.33265
      10100           0         0.7     338.202     242.382     101.513     3382.72     1878.96     5261.68     2376.29     2426.32    0.542545    -101.283     41.7671     2092.88     2327.07     2.78899     60.5855       0.016     6.28513     4.44626     4.57115      4.3532
      10000           0         0.7     338.202     243.219     99.0021     3399.42     1899.74     5299.16     2375.95     2424.37    0.532236     -102.49     41.9003     2091.66     2324.88     2.79189      58.506       0.016      6.3089     4.45715      4.5901     4.37511
       9900           0         0.7     338.202      244.04     96.3185     3405.24        1920     5325.24     2375.53     2422.46    0.523105    -103.724      42.014     2090.48     2322.77     2.79474     56.2684       0.016     6.33254     4.47039     4.20927     4.39818
       9800   0.0876166         0.7     338.289     244.843     93.4999     3412.11      1938.9     5351.01     2375.09     2420.61    0.515006    -105.016     42.1111     2089.35     2320.72     2.79752     53.9093       0.016       6.356     4.48552     4.22488     4.01575
       9700   0.0805505         0.7     347.044      245.69     90.4244     3412.27      1956.4     5368.67     2379.18     2422.05    0.507785    -108.056     42.1939      2088.7     2319.22     2.80041     51.3092       0.016     6.37923     4.50201     4.23811     4.02944
       9600   0.0734801         0.7     355.092     246.582     87.1832     3412.87     1972.45     5385.32     2381.88     2422.67    0.501415    -110.602     42.2647     2088.57     2318.28      2.8034     48.5479       0.016     6.40239     4.51955      4.2533     4.04629
       9500   0.0664777         0.7     362.433     247.476     83.8564     3416.83     1987.05     5403.88     2383.58     2422.69    0.495839      -112.8     42.3252     2088.47     2317.38     2.80629     45.7054       0.016     6.42553     4.53809     4.27125     4.06548
       9400   0.0771687         0.7     369.091     248.358      81.294      3437.8     2003.89     5441.69      2384.5     2422.25    0.490913    -114.745     42.3768     2088.27     2316.39     2.80906     43.4073       0.016     6.44864     4.55763     4.29118     4.08635
       9300   0.0661996         0.7     376.797     249.235     79.1593     3458.19     2018.45     5476.65     2385.74     2422.08    0.486498    -116.801      42.421     2088.06     2315.38     2.81174     41.4883       0.016      6.4717     4.57813     4.31256     4.10865
       9200   0.0615438         0.7     383.413     250.105     77.2792     3477.75     2032.05      5509.8     2386.08     2421.32    0.482514    -118.512     42.4588     2087.81     2314.34     2.81435     39.7852       0.016     6.49469     4.59949      4.3351     4.13205
       9100   0.0493557         0.7     389.555      250.96     75.5859     3489.42     2043.09     5532.51     2386.04     2420.33    0.478887    -120.067     42.4911     2087.46     2313.21     2.81687     38.2443       0.016     6.51759     4.21606     4.35844     4.15614
       9000   0.0325578         0.7     394.474     251.786     74.0592     3499.11      2050.6     5549.71     2385.31     2418.86    0.475553    -121.347     42.5188        2087     2311.96      2.8193     36.8489       0.016     6.54064     4.22786     4.38213     4.18057
       8900   0.0353998         0.7     397.732      252.57     72.7085     3519.57     2058.68     5578.25     2383.79     2416.83    0.472463    -122.321     42.5426     2086.36     2310.56      2.8216     35.6063       0.016     6.56367     4.24055      4.0053     3.80442
       8800   0.0312875         0.7     401.268      253.32     71.4812     3528.57     2065.89     5594.45     2382.66      2415.1     0.46957    -123.419     42.5629     2085.65     2309.09      2.8238     34.4728       0.016     6.58642     4.25596     4.02245     3.81997
       8700   0.0273289         0.7     404.393     254.043     70.3548      3530.1     2072.25     5602.34     2381.47     2413.36    0.466866    -124.465     42.5804     2084.96     2307.68     2.82591     33.4267       0.016     5.80795     4.27299     4.03587     3.83292
       8600   0.0248237         0.7     407.123     254.735     69.3205     3533.75     2078.06     5611.81     2380.25     2411.63     0.46434    -125.463     42.5954     2084.28     2306.31     2.82793     32.4612       0.016     5.82713      4.2909      4.0504     3.84656
       8500   0.0224273         0.7     409.603     255.401     68.3651     3536.29     2083.36     5619.65     2379.07     2409.95    0.461974     -126.44     42.6083      2083.6     2304.97     2.82987     31.5654       0.016     5.84523     4.30932     4.06614     3.86103
       8400   0.0222763         0.7     411.846     256.045     67.9136     3537.23     2088.61     5625.84     2377.93     2408.32    0.459749    -127.384     42.6195     2082.93     2303.66     2.83175     31.0514       0.016     5.86251     4.32801     4.08257     3.87629
       8300  0.00497076         0.7     414.056     256.672     67.7875      3547.7     2090.24     5637.95     2376.91      2406.8    0.457651    -128.308      42.629     2082.28     2302.38     2.83358     30.8305       0.016     5.87917     4.34683     4.09944     3.89223
       8200  0.00496577         0.7     414.553     257.273     67.9115     3553.73     2091.84     5645.58      2375.1     2404.73    0.455675    -128.868     42.6372     2081.56     2301.06     2.83535     30.8304       0.016     5.89531     4.36568      4.1166     3.90853
       8100  0.00503759         0.7      415.05     257.848     68.2448     3562.83     2093.45     5656.27     2373.56     2402.87    0.453793    -129.454     42.6443     2080.77     2299.67     2.83706     31.0184       0.016     5.91099     4.38448     4.13386     3.92502
       8000  0.00373515         0.7     415.552     258.407     68.7405     3563.94     2094.76     5658.71     2372.24     2401.15    0.451988    -130.035     42.6505     2079.99      2298.3     2.83874      31.354       0.016     5.92628     4.00292     4.15117     3.94176
       7900   0.0025216         0.7     415.925     258.952     69.4472     3574.21     2095.81     5670.03     2370.99      2399.5    0.450258    -130.563     42.6557     2079.23     2296.98      2.8404     31.8711       0.016      5.9412      4.0161     4.16848     3.95872
       7800           0         0.7     416.174      259.48     70.3253     3582.18     2096.03     5678.21     2369.82     2397.91    0.448605    -131.026     42.6603     2078.49     2295.69     2.84204      32.546       0.016     5.95575     4.02584      4.1856     3.97585
       7700           0         0.7     416.174     259.985     71.3648     3587.88     2096.45     5684.33     2368.63     2396.32    0.447027    -131.392     42.6642     2077.75     2294.42     2.84364      33.366       0.016     5.96986     4.03443     3.80229       3.993
       7600           0         0.7     416.174      260.47     72.5719     3595.69     2096.82      5692.5     2367.57     2394.82     0.44552    -131.707     42.6676     2077.03     2293.19     2.84519     34.3384       0.016     5.98353     4.04445     3.81569     3.60803
       7500           0         0.7     416.174     260.937     73.9162     3608.83     2097.93     5706.76     2366.61     2393.43    0.444094    -131.959     42.6706     2076.34     2292.02     2.84668     35.4379       0.016     5.99675     4.05579     3.82625     3.61713
       7400           0         0.7     416.174     261.384     74.3394      3625.2     2099.76     5724.96     2365.76     2392.16    0.442758    -132.157     42.6731     2075.71     2290.93     2.84812     35.8794       0.016      6.0095     4.06781       3.835     3.62431
       7300           0         0.7     416.174     261.812     74.2387      3642.9      2100.3      5743.2     2364.98     2390.97    0.441505    -132.352     42.6753     2075.12      2289.9      2.8495     35.8521       0.016     6.02179     4.08012      3.8434     3.63228
       7200  0.00180693         0.7     416.176     262.224     73.8623     3664.25     2101.08     5765.32     2364.27     2389.87    0.440329    -132.562     42.6772     2074.57     2288.94     2.85082     35.5908       0.016     6.03362     4.09252     3.85279     3.64092
       7100           0         0.7     416.355     262.625     73.2936     3686.25      2101.4     5787.65     2363.71      2388.9     0.43922    -132.826     42.6788     2074.05     2288.02      2.8521     35.1639       0.016     6.04506     4.10495     3.86291     3.65028
       7000           0         0.7     416.355     263.017     72.5851     3700.56     2106.82     5807.38     2363.07      2387.9    0.438174    -133.071     42.6803     2073.56     2287.14     2.85334     34.6149       0.016     6.05617     4.11738     3.87351     3.66025
       6900           0         0.7     416.355       263.4     71.7798     3714.84     2112.12     5826.96     2362.48     2386.95     0.43718    -133.343     42.6815     2073.07     2286.28     2.85456     33.9788       0.016     6.06701     4.12978     3.88444     3.67069
       6800           0         0.7     416.355     263.776      70.897     3727.29        2113     5840.28     2361.92     2386.03    0.436231    -133.642     42.6826      2072.6     2285.43     2.85575     33.2727       0.016     6.07763     4.14213     3.89561     3.68152
       6700           0         0.7     416.355     264.146     69.9615     3739.26     2115.04      5854.3     2361.38     2385.14    0.435321    -133.966     42.6835     2072.13      2284.6     2.85693     32.5154       0.016     6.08805     4.15441     3.90697     3.69267
       6600           0         0.7     416.355     264.512      69.002     3751.91     2120.15     5872.06     2360.87     2384.27    0.434444    -134.312     42.6843     2071.68     2283.79     2.85809     31.7326       0.016      6.0983     4.16663     3.91847     3.70406
       6500           0         0.7     416.355     264.873     68.0092     3761.65     2123.93     5885.57     2360.37     2383.42    0.433597    -134.681      42.685     2071.22     2282.98     2.85924     30.9173       0.016     6.10843     4.17878     3.93007     3.71564
       6400           0         0.7     416.355      265.23     67.2941      3770.8     2127.96     5898.76     2359.89     2382.59    0.432775    -135.064     42.6856     2070.78     2282.19     2.86037      30.301       0.016     6.11861     4.19086     3.94175     3.72738
       6300           0         0.7     416.355     265.584     66.7396     3780.74     2130.59     5911.33     2359.41     2381.77    0.431976    -135.447     42.6861     2070.34      2281.4     2.86149     29.8275       0.016     6.12908     3.80264      3.9535     3.73923
       6200           0         0.7     416.355     265.937     66.2812     3798.65     2132.73     5931.38     2358.95     2380.96    0.431197    -135.821     42.6866      2069.9     2280.63     2.86261     29.4335       0.016     6.13969     3.81153     3.96532     3.75118
       6100           0         0.7     416.355     266.285     65.9095     3817.39     2134.36     5951.75     2358.49     2380.17    0.430435    -136.184      42.687     2069.47     2279.86     2.86371     29.1129       0.016     6.15034     3.81865      3.9771      3.7632
       6000           0         0.7     416.355     266.626     65.5965     3825.21     2135.49     5960.69     2358.04     2379.38    0.429689    -136.533     42.6873     2069.05      2279.1      2.8648     28.8424       0.016     6.16093     3.82506     3.98879     3.77523
       5900           0         0.7     416.355     266.961     65.3301     3834.92     2138.75     5973.67      2357.6      2378.6    0.428958    -136.867     42.6876     2068.62     2278.36     2.86586     28.6123       0.016     6.17142     3.83123     3.60037     3.78725
       5800           0         0.7     416.355      267.29     65.1015     3850.85     2140.54     5991.39     2357.16     2377.83    0.428243    -137.186     42.6879     2068.21     2277.62     2.86691     28.4153       0.016     6.18177     3.83737     3.61035      3.7991
       5700           0         0.7     416.355     267.612     64.9053     3856.99     2142.25     5999.24     2356.73     2377.08    0.427545     -137.49     42.6881     2067.81     2276.91     2.86793     28.2467       0.016     6.19197     3.84353     3.61904     3.40816
       5600           0         0.7     416.355     267.924     64.7381      3861.4     2144.03     6005.42     2356.32     2376.36    0.426874    -137.777     42.6883     2067.42     2276.22     2.86893     28.1035       0.016     5.40179     3.85001     3.62643     3.41407
       5500           0         0.7     416.355     268.226     64.5969     3875.71     2145.85     6021.56     2355.93     2375.67    0.426235    -138.049     42.6885     2067.05     2275.57     2.86989     27.9831       0.016     5.41037     3.85732      3.6328     3.41845
       5400           0         0.7     416.355     268.517     63.7585     3889.33     2147.94     6037.27     2355.57     2375.03    0.425628    -138.318     42.6886      2066.7     2274.94     2.87081     27.3453       0.016     5.41835     3.86509     3.63861     3.42287
       5300           0         0.7     416.355     268.797     62.4976     3895.35     2150.29     6045.64     2355.22     2374.42    0.425049    -138.624     42.6887     2066.38     2274.35     2.87169     26.3242       0.016     5.42589     3.87306     3.64434     3.42798
       5200  0.00224184         0.7     416.357     269.066     61.0015     3913.65     2151.02     6064.67     2354.89     2373.84    0.424495    -138.982     42.6888     2066.06     2273.79     2.87254     25.0938       0.016     5.43307     3.88109     3.65019     3.43353
       5100           0         0.7     416.579     269.328     59.3483     3918.88     2151.15     6070.03     2354.68     2373.36    0.423962    -139.437     42.6889     2065.78     2273.26     2.87336     23.7205       0.016     5.43995      3.8891     3.65618     3.43943
       5000           0         0.7     416.579     269.583     57.5597     3919.98     2152.14     6072.11     2354.35      2372.8    0.423452    -139.899      42.689      2065.5     2272.74     2.87417     22.2229       0.016     5.44658     3.89704      3.6623     3.44556
       4900           0         0.7     416.579      269.83     55.6869     3922.57     2152.31     6074.87     2354.03     2372.26    0.422961    -140.422     42.6891     2065.22     2272.23     2.87494     20.6414       0.016       5.453      3.9049     3.66854     3.45185
       4800  0.00210319         0.7     416.581      270.07     53.7324     3924.12     2152.99      6077.1     2353.72     2371.74    0.422485    -141.007     42.6891     2064.94     2271.73      2.8757     18.9818       0.016     5.45923     3.91266     3.67495     3.45826
       4700  0.00452657         0.7     416.794     270.307     51.7107     3931.53     2154.18     6085.71     2353.54     2371.31    0.422022     -141.69     42.6892     2064.68     2271.25     2.87644     17.2529       0.016      5.4653     3.92031     3.68165     3.46486
       4600           0         0.7     417.242     270.543      49.649     3933.01     2154.92     6087.93     2353.46     2370.96    0.421572    -142.466     42.6892     2064.44      2270.8     2.87718       15.48       0.016     5.47124     3.92787     3.68852     3.47169
       4500           0         0.7     417.242     270.775     47.5386     3936.32      2156.6     6092.92     2353.11     2370.42    0.421138    -143.192     42.6893      2064.2     2270.35     2.87791     13.6576       0.016     5.47707     3.93535     3.69551     3.47865
       4400           0         0.7     417.242     271.002     45.7522     3940.31      2156.7        6097     2352.78     2369.91    0.420715    -143.973     42.6893     2063.94     2269.88     2.87861     12.0646       0.016     5.48281     3.94275     3.70255     3.48566
       4300 0.000277713         0.7     417.242     271.224      44.144     3941.96     2156.97     6098.93     2352.48      2369.4    0.420296    -144.785     42.6894     2063.67      2269.4     2.87931      10.628       0.016     5.48846     3.95008      3.7096     3.49273
       4200  0.00254613         0.7     417.272     271.443     42.6295     3948.12     2157.73     6105.85     2352.19     2368.92    0.419883    -145.623     42.6894     2063.41     2268.94        2.88     9.26591       0.016     5.49403     3.95733     3.71665     3.49983
       4100           0         0.7     417.524     271.662     41.1867     3958.36     2157.77     6116.12     2352.04     2368.53    0.419474    -146.519     42.6894     2063.16     2268.49     2.88068     7.96149       0.016     5.49953      3.9645      3.7237       3.507
       4000  0.00567943         0.7      417.53     271.878     39.7907     3969.05     2159.19     6128.24     2351.73     2368.03    0.419073    -147.369     42.6894     2062.92     2268.04     2.88136     6.69481       0.016     5.50496      3.9716     3.73076     3.51419
       3900   0.0121409         0.7     418.105     272.096     38.4171     3982.56     2161.99     6144.56     2351.73     2367.76    0.418676     -148.34     42.6894     2062.69     2267.62     2.88204      5.4452       0.016     5.51034     3.97864     3.73781     3.52145
       3800  0.00426346         0.7     419.311     272.321     37.0477     3994.62     2163.12     6157.74     2352.02     2367.69    0.418286    -149.418     42.6895     2062.52     2267.26     2.88273      4.1964       0.016     5.51569     3.98562     3.74489     3.52889
       3700  0.00264313         0.7     419.736     272.546     35.1205     4010.87      2163.9     6174.77     2351.79     2367.26    0.417913    -150.315     42.6895     2062.36     2266.91     2.88341     2.56874       0.016     5.52103     3.99256     3.75204     3.53638
       3600  0.00105032         0.7     419.998     272.765     31.6734     4024.79     2164.33     6189.12     2351.48     2366.78     0.41755    -151.265     42.6895     2062.15      2266.5     2.88408    -0.33692       0.016     5.52635     3.99946     3.75919     3.54377
       3500  0.00850554         0.7     420.111     272.979     27.5637     4038.01     2166.36     6204.37     2351.11     2366.26    0.417186    -152.332     42.6895     2061.91     2266.07     2.88472    -3.82364       0.016     5.53162     3.60534     3.76628     3.55104
       3400  0.00281879         0.7     420.956     273.192     23.1979     4047.36     2167.16     6214.52     2351.16     2366.03    0.416816      -153.7     42.6895      2061.7     2265.67     2.88537     -7.5743       0.016     5.53683     3.61006     3.77327     3.55833
       3300  0.00350599         0.7     421.238     273.402     18.5906     4047.45     2168.11     6215.56     2350.86     2365.56    0.416451    -155.087     42.6895      2061.5     2265.29     2.88601    -11.5445       0.016     5.54197     3.61425     3.78018     3.56559
       3200  0.00421412         0.7     421.589     273.606     14.3147     4048.88     2169.21     6218.08     2350.61     2365.13    0.416092    -156.638     42.6895     2061.29     2264.88     2.88663    -15.3486       0.016     5.54701     3.61819     3.78696     3.57273
       3100  0.00306615         0.7      422.01     273.805     11.3427     4048.99     2170.05     6219.04     2350.41     2364.73    0.415734    -158.277     42.6895     2061.07     2264.49     2.88724    -18.0788       0.016     5.55195     3.62204     3.79361     3.57977
       3000  0.00194549         0.7     422.315     273.999     8.84052     4051.94     2170.65     6222.59     2350.15     2364.29     0.41538    -159.912     42.6895     2060.86     2264.11     2.88783    -20.4137       0.016     5.55678     3.62586     3.40014     3.58671
       2900  0.00529877         0.7     422.513     274.188     6.67473     4055.37     2171.96     6227.33     2349.84     2363.83     0.41503    -161.528     42.6895     2060.64     2263.72     2.88841    -22.4666       0.016      5.5615     3.62969     3.40596     3.59348
       2800  0.00350653         0.7     423.041     274.373     4.74159     4059.19     2172.89     6232.08     2349.73      2363.5    0.414684    -163.198     42.6895     2060.44     2263.35     2.88898     -24.321       0.016     5.56611     3.63353     3.41134     3.20001
       2700   0.0194802         0.7     423.408     274.555     2.80919     4062.33     2177.24     6239.57     2349.52     2363.12    0.414346    -164.808     42.6895     2060.25        2263     2.88954    -26.1443       0.016     5.57061     3.63739     3.41637     3.20501
       2600           0         0.7     425.336     274.743    0.524585     4074.64     2178.08     6252.72     2350.14     2363.33    0.414019    -166.706     42.6895     2060.14     2262.73     2.89011     -28.262       0.016     5.57501     3.64125     3.42083     3.20873
       2500   0.0131174         0.7      425.35     274.926    -1.84289     4074.72     2181.05     6255.77     2349.59     2362.73    0.413726    -168.193     42.6895     2060.04     2262.48     2.89065    -30.4512       0.016     5.57932     3.64511     3.42481     3.21161
       2400    0.010891         0.7     426.659     275.102    -4.24456     4076.77     2183.55     6260.32     2349.83     2362.71    0.413448     -169.97     42.6895     2059.91      2262.2     2.89117    -32.6747       0.016     5.58352     3.64897     3.42838       3.214
       2300  0.00799547         0.7     427.745     275.277    -6.67652     4076.83     2185.42     6262.25     2349.87     2362.56    0.413185    -171.691     42.6895     2059.83     2261.99     2.89167    -34.9262       0.016     5.58759      3.6528     3.43169     3.21617
       2200  0.00514614         0.7     428.542     275.445    -8.96947      4083.3     2186.68     6269.98     2349.74      2362.3    0.412942    -173.361     42.6895     2059.75     2261.77     2.89215    -37.0876       0.016     5.59154     3.65662     3.43479      3.2181
       2100  0.00491608         0.7     429.056     275.603    -10.8509     4083.97     2187.88     6271.84     2349.48     2361.96    0.412713    -174.978     42.6895     2059.64     2261.53      2.8926    -38.9041       0.016     5.59536     3.66042     3.43775     3.22008
       2000  0.00471864         0.7     429.548     275.752      -12.56     4084.51     2189.02     6273.53     2349.24     2361.64     0.41249    -176.587     42.6896     2059.52     2261.28     2.89302    -40.5713       0.016     5.59902     3.66418      3.4407      3.2224
       1900  0.00703435         0.7     430.022     275.894    -14.1379     4084.77     2190.66     6275.43     2349.03     2361.35     0.41227    -178.177     42.6896     2059.39     2261.03     2.89343    -42.1247       0.016     5.60253     3.66792     3.44369     3.22497
       1800  0.00701929         0.7     430.725     276.032    -15.6183     4085.52      2192.3     6277.82     2348.97     2361.16    0.412053     -179.79     42.6896     2059.28     2260.81     2.89383    -43.5917       0.016      5.6059     3.67163     3.44675     3.22775
       1700   0.0108668         0.7     431.431     276.169    -17.1147      4087.6     2194.75     6282.36      2348.9     2360.97    0.411843    -181.371     42.6896      2059.2     2260.61     2.89422    -45.0528       0.016     5.60915     3.67532     3.44988     3.23071
       1600   0.0179499         0.7     432.525     276.306    -18.8039     4088.29     2198.74     6287.03     2349.03     2360.93     0.41164        -183     42.6896     2059.13     2260.44     2.89461    -46.6723       0.016      5.6123     3.67899     3.45308     3.23386
       1500  0.00914086         0.7     434.311     276.449    -20.5602     4089.41     2200.83     6290.24     2349.49     2361.12    0.411445    -184.727     42.6896     2059.12     2260.33     2.89501    -48.3486       0.016     5.61539     3.68265     3.45638     3.23728
       1400  0.00106572         0.7     435.217     276.592    -22.3504     4090.01     2201.19      6291.2     2349.37     2360.92    0.411269    -186.243     42.6896     2059.12     2260.22      2.8954    -50.0512       0.016     5.61845     3.68631     3.45979     3.24081
       1300  0.00416871         0.7     435.327     276.724    -24.1469     4094.38      2202.2     6296.58     2348.85     2360.43    0.411104    -187.616     42.6896     2059.03     2260.02     2.89576    -51.7563       0.016     5.62146     3.68999     3.46322     3.24419
       1200  0.00723203         0.7     435.747     276.846    -25.6722     4110.49     2203.87     6314.36     2348.59     2360.13    0.410932    -189.076     42.6896      2058.9     2259.78      2.8961    -53.2754       0.016      5.6244     3.69366      3.4666     3.24746
       1100  0.00990359         0.7     436.473     276.968    -26.4567     4123.51     2206.11     6329.62     2348.53     2359.96     0.41075    -190.565     42.6896     2058.79     2259.57     2.89644    -54.1702       0.016     5.62727      3.6973     3.46992     3.25075
       1000   0.0118948         0.7     437.465     277.093    -26.9215     4134.43     2208.78     6343.22     2348.61     2359.88    0.410567    -192.033     42.6896     2058.72      2259.4      2.8968    -54.7846       0.016     5.63008     3.70092     3.47324     3.25413
        900   0.0107511         0.7     438.653     277.221    -27.0413     4145.78     2211.21     6356.99     2348.75     2359.86    0.410391    -193.444     42.6896     2058.68     2259.27     2.89715    -55.1066       0.016     5.63286     3.70452     3.47659     3.25761
        800    0.027188         0.7     439.745     277.351    -26.8988     4158.39     2217.18     6375.58      2348.8     2359.78    0.410225     -194.73     42.6896     2058.66     2259.14     2.89751    -55.1907       0.016     5.63562      3.7081     3.47997     3.26115
        700   0.0299157         0.7     442.466     277.493    -26.4672     4168.84     2223.76     6392.59     2349.69     2360.29    0.410061    -196.205     42.6896      2058.7     2259.09     2.89789    -55.0355       0.016     5.63839     3.71166     3.48342     3.26495
        600   0.0157167         0.7     445.444     277.652    -25.5906     4189.23     2227.28     6416.51     2350.52     2360.76    0.409913    -197.539     42.6896     2058.85     2259.15      2.8983    -54.4922       0.016      5.6412     3.71523     3.48703     3.26909
        500   0.0125456         0.7     447.012      277.81    -24.4189     4210.16     2230.11     6440.27     2350.43     2360.61    0.409792    -198.435     42.6896     2058.96     2259.16     2.89868     -53.679       0.016     5.64407     3.71883     3.49078     3.27323
        400   0.0215702         0.7     448.276     277.957    -22.9259     4243.54     2234.88     6478.42     2350.21     2360.36    0.409676    -199.161     42.6896     2058.96     2259.06     2.89903    -52.5794       0.016     5.64697     3.72246     3.49454     3.27715
        300           0         0.7     450.411     278.104    -21.1899     4266.26     2235.26     6501.52      2350.5     2360.46    0.409543    -199.929     42.6896     2058.96     2258.96     2.89938     -51.253       0.016     5.64987     3.72609     3.49824     3.28103
        200           0         0.7     450.411     278.239    -18.9526     4295.81     2236.21     6532.02      2349.6     2359.73    0.409408    -200.156     42.6896      2058.9     2258.79      2.8997    -49.5222       0.016     5.65274     3.72971     3.50188     3.28467
        100   0.0139133         0.7     450.425     278.356    -15.8033     4310.54     2239.31     6549.85     2348.91     2359.13    0.409256    -200.289     42.6896     2058.73     2258.51     2.89999    -46.9989       0.016     5.65554      3.7333     3.50533      3.2879
          0   0.0133281         0.7     451.816     278.474     -12.183      4312.3     2242.29     6554.59     2349.07     2359.12    0.409075    -200.524     42.6896     2058.61     2258.28     2.90029    -44.0496       0.016     5.65824     3.73683     3.50861     3.29113