      20000           0         0.8           0     179.437      354.04     78.9895     14.2831     93.2726     2343.43     2426.93    0.785391      6.5598     39.9574     2049.96      2345.7     2.72671     271.433       0.016     5.73044     4.59858     4.35318     4.39114
      19900           0         0.8           0     179.437      353.13     151.419     29.7361     181.156     2343.43     2426.93    0.785563     6.43382     39.9574     2049.96      2345.7     2.72686     270.633       0.016     5.73044     4.59858     4.35318     4.39114
      19800           0         0.8           0     179.437     352.506     228.894     46.3592     275.253     2343.43     2426.93    0.785735     6.30822     39.9574     2049.96      2345.7     2.72701     270.044       0.016     5.73044     4.59858     4.35318     4.39114
      19700           0         0.8           0     179.437     352.255     299.319     60.5222     359.841     2343.43     2426.93    0.785907     6.19879     39.9574     2049.96      2345.7     2.72716     269.745       0.016     5.73044     4.59858     4.35318     4.39114
      19600           0         0.8           0     179.437      352.29     351.209     72.5053     423.714     2343.43     2426.93    0.786079     6.12087     39.9574     2049.96      2345.7     2.72731     269.689       0.016     5.73044     4.59858     4.35318     4.39114
      19500           0         0.8           0     179.437     350.597     414.692     82.0183      496.71     2343.43     2426.93    0.786251     6.05158     39.9574     2049.96      2345.7     2.72746     268.519       0.016     5.73044     4.59858     4.35318     4.39114
      19400           0         0.8           0     179.437     347.879     487.353     94.1014     581.454     2343.43     2426.93    0.786423     5.90477     39.9574     2049.96      2345.7     2.72761     266.477       0.016     5.73044     4.59858     4.35318     4.39114
      19300           0         0.8           0     179.437     345.374     558.279     106.214     664.494     2343.43     2426.93    0.786595     5.65656     39.9574     2049.96      2345.7     2.72775     264.481       0.016     5.73044     4.59858     4.35318     4.39114
      19200           0         0.8           0     179.437     342.873     620.606     118.358     738.963     2343.43     2426.93    0.786767     5.32496     39.9574     2049.96      2345.7      2.7279     262.498       0.016     5.73044     4.59858     4.35318     4.39114
      19100           0         0.8           0     179.437      342.02     681.386     130.011     811.397     2343.43     2426.93    0.786938     4.94128     39.9574     2049.96      2345.7     2.72805     261.588       0.016     5.73044     4.59858     4.35318     4.39114
      19000           0         0.8           0     179.437     342.156      741.53     142.474     884.004     2343.43     2426.93     0.78711     4.58749     39.9574     2049.96      2345.7      2.7282     261.511       0.016     5.73044     4.59858     4.35318     4.39114
      18900           0         0.8           0     179.437     340.553     800.577     155.747     956.323     2343.43     2426.93    0.787281     4.26219     39.9574     2049.96      2345.7     2.72835      260.36       0.016     5.73044     4.59858     4.35318     4.39114
      18800           0         0.8           0     179.437     337.986     870.831      166.28     1037.11     2343.43     2426.93    0.787452     3.87637     39.9574     2049.96      2345.7      2.7285     258.368       0.016     5.73044     4.59858     4.35318     4.39114
      18700           0         0.8           0     179.437      336.21     952.601     178.113     1130.71     2343.43     2426.93    0.787624     3.41716     39.9574     2049.96      2345.7     2.72864     256.824       0.016     5.73044     4.59858     4.35318     4.39114
      18600           0         0.8           0     179.437     334.818     1047.59     192.576     1240.17     2343.43     2426.93    0.787795     2.92873     39.9574     2049.96      2345.7     2.72879     255.619       0.016     5.73044     4.59858     4.35318     4.39114
      18500           0         0.8           0     179.437     333.482     1150.05     201.259     1351.31     2343.43     2426.93    0.787966     2.42444     39.9574     2049.96      2345.7     2.72894     254.469       0.016     5.73044     4.59858     4.35318     4.39114
      18400           0         0.8           0     179.437     332.205     1219.19     209.492     1428.69     2343.43     2426.93    0.788137      1.9065     39.9574     2049.96      2345.7     2.72909     253.357       0.016     5.73044     4.59858     4.35318     4.39114
      18300           0         0.8           0     179.437     329.228      1275.7     218.075     1493.77     2343.43     2426.93    0.788308     1.34924     39.9574     2049.96      2345.7     2.72924     251.114       0.016     5.73044     4.59858     4.35318     4.39114
      18200           0         0.8           0     179.437       325.2      1360.8     226.658     1587.45     2343.43     2426.93    0.788478    0.672723     39.9574     2049.96      2345.7     2.72938      247.97       0.016     5.73044     4.59858     4.35318     4.39114
      18100           0         0.8           0     179.437     321.768     1469.79     234.714      1704.5     2343.43     2426.93    0.788649   -0.137283     39.9574     2049.96      2345.7     2.72953      245.11       0.016     5.73044     4.59858     4.35318     4.39114
      18000           0         0.8           0     179.437     318.559     1574.09     243.331     1817.42     2343.43     2426.93     0.78882    -1.04056     39.9574     2049.96      2345.7     2.72968     242.443       0.016     5.73044     4.59858     4.35318     4.39114
      17900           0         0.8           0     179.437      317.64     1670.99     253.364     1924.35     2343.43     2426.93     0.78899    -1.98653     39.9574     2049.96      2345.7     2.72983     241.293       0.016     5.73044     4.59858     4.35318     4.39114
      17800           0         0.8           0     179.437     318.134        1766     264.257     2030.25     2343.43     2426.93    0.789161    -2.86227     39.9574     2049.96      2345.7     2.72997     241.331       0.016     5.73044     4.59858     4.35318     4.39114
      17700           0         0.8           0     179.437     316.312     1860.47      274.54     2135.01     2343.43     2426.93    0.789331    -3.66765     39.9574     2049.96      2345.7     2.73012     239.957       0.016     5.73044     4.59858     4.35318     4.39114
      17600           0         0.8           0     179.437     313.229     1943.92     288.828     2232.75     2343.43     2426.93    0.789502    -4.52282     39.9574     2049.96      2345.7     2.73027     237.487       0.016     5.73044     4.59858     4.35318     4.39114
      17500           0         0.8           0     179.437     313.298     2011.35     302.776     2314.12     2343.43     2426.93    0.789672    -5.41147     39.9574     2049.96      2345.7     2.73042     237.026       0.016     5.73044     4.59858     4.35318     4.39114
      17400           0         0.8           0     182.115     344.137     2042.72     312.444     2355.16     2337.81     2427.24    0.817182    -7.03503     39.0482     2090.19     2390.75     2.64272     282.715       0.016      5.7211     4.59193      4.3525     4.39344
      17300           0         0.8           0     182.934     353.815     2073.54     322.233     2395.78     2333.75     2428.42    0.848489    -7.23612     38.2531     2099.33     2400.72     2.62299     291.111       0.016     5.71793     4.58375     4.34297     4.38361
      17200           0         0.8           0      183.39     359.881     2096.59     335.928     2432.52     2330.58     2429.87    0.876868    -7.02974     37.5586     2103.93      2405.7     2.61341     296.236       0.016     5.72125     4.57463     4.32783     4.36492
      17100           0         0.8           0     183.841     363.835     2099.91     350.717     2450.63     2328.02     2431.38    0.901834    -6.64495     36.9519     2107.52     2409.45     2.60581     299.608       0.016     5.72871     4.56346     4.30774     4.33998
      17000           0         0.8           0     184.395     366.328     2106.32     368.422     2474.74     2325.94     2432.88    0.923629    -6.19849      36.422     2110.68     2412.53     2.59894     301.804       0.016     5.73799     4.54879     4.28324     4.31057
      16900           0         0.8           0     185.076     363.157     2119.69     386.971     2506.66     2324.24     2434.34    0.942573    -5.83044     35.9588     2113.56      2415.1     2.59263     299.792       0.016     5.74731     4.52873     4.25519     4.27796
      16800           0         0.8           0     185.879      356.08     2132.94     406.282     2539.22     2322.88     2435.75     0.95898    -5.80695     35.5537     2116.22     2417.24     2.58687      294.26       0.016     5.75543     4.50524     4.22418     4.24311
      16700           0         0.8           0     186.789     347.713     2143.96     427.383     2571.34      2321.8     2437.11     0.97314    -6.22983      35.199      2118.7     2419.03     2.58162     287.424       0.016     5.76158     4.47861      4.5905     4.20736
      16600           0         0.8           0     187.792     338.163     2156.83      452.74     2609.57     2320.95     2438.38    0.985304    -7.09448     34.8882     2121.04     2420.52     2.57681     279.594       0.016     5.76538     4.44944     4.55473     4.57412
      16500           0         0.8           0     188.875     339.172     2164.82     472.218     2637.03      2320.3     2439.58    0.995708    -8.20911     34.6155     2123.26     2421.76      2.5724     279.344       0.016      5.7667     4.41878      4.5183     4.53859
      16400   0.0650992         0.8   0.0650992     190.027      347.24     2171.37     496.159     2667.52     2319.86     2440.73     1.00457    -8.99678      34.376     2125.37     2422.79     2.56833     285.676       0.016     5.76561     4.78854     4.48125     4.50183
      16300    0.112137         0.8     6.62206     191.261     352.207     2187.87     517.414     2705.29     2323.06     2444.63     1.01207    -10.7636     34.1655     2127.46      2423.7     2.56455     290.397       0.016     5.76229     4.75451     4.44439      4.4652
      16200   0.0763479         0.8     17.7999     192.595     355.525     2209.48     544.264     2753.74     2328.23     2449.97      1.0184    -13.0003     33.9801     2129.68     2424.64     2.56109     293.461       0.016     5.75695     4.71885     4.40809     4.42979
      16100   0.0107439         0.8     25.3691         194     347.103     2227.44     574.001     2801.44     2330.65     2453.02     1.02374    -13.9637     33.8167     2132.02     2425.65     2.55789     287.823       0.016     5.74985      4.6823     4.77145     4.79779
      16000           0         0.8     26.4328     195.422     330.788     2235.47     602.282     2837.75     2329.33     2452.95     1.02821    -13.8869     33.6725      2134.3     2426.58     2.55481     274.877       0.016     5.74125     4.64579     4.73608     4.76729
      15900           0         0.8     26.4328     196.839     322.489     2238.65     629.296     2867.94     2327.87     2452.63     1.03184    -14.4081     33.5449     2136.38     2427.29     2.55173     267.111       0.016      5.7314     4.61093     4.70142     4.73525
      15800   0.0238805         0.8     26.4567     198.258     319.028     2244.94     653.399     2898.33     2326.82      2452.5     1.03472    -15.2625      33.432     2138.29      2427.8     2.54866     264.004       0.016     5.72055     4.97734     4.66745     4.70271
      15700   0.0345017         0.8     28.8553     199.692     316.753     2251.99     677.217     2929.21     2327.33      2453.5     1.03691    -16.7401     33.3317     2140.09     2428.19     2.54561     262.094       0.016     5.70888     4.94251     4.63436     4.67061
      15600   0.0390628         0.8     32.3101     201.149     315.505     2260.53     698.828     2959.36      2328.4     2454.86     1.03851    -18.3508     33.2426     2141.87     2428.54     2.54258     261.023       0.016     5.69666     4.90754     4.60217     4.63951
      15500   0.0369429         0.8     36.2142     202.626     313.496     2269.09     719.731     2988.82     2329.62     2456.27     1.03962    -19.8939     33.1631     2143.66     2428.88     2.53955     259.514       0.016     5.68426     4.87299     4.96949     4.61007
      15400   0.0755625         0.8     39.9471     204.117     311.097     2282.55      739.62     3022.17     2330.63     2457.45     1.04028    -21.2808     33.0921     2145.46     2429.24      2.5365      257.61       0.016     5.67177     4.83933     4.93844     4.98582
      15300    0.130411         0.8     47.5582      205.63     310.256     2304.12     761.306     3065.43     2333.65     2460.18     1.04056    -23.4342     33.0283     2147.29     2429.62     2.53339     256.855       0.016     5.65928     4.80824     4.90937     4.96154
      15200    0.171982         0.8     60.6409     207.191     310.406     2326.64     782.189     3108.83     2339.18     2464.88      1.0405    -26.4552     32.9709     2149.25     2430.13     2.53028     257.043       0.016     5.64695     5.17897     4.88199     4.93813
      15100    0.248997         0.8     77.9161     208.814     316.761     2358.05     802.148      3160.2     2346.12     2470.72     1.04019    -29.7202      32.919     2151.44     2430.85     2.52718     261.976       0.016     5.63492     5.14891     4.85655     4.91637
      15000    0.316613         0.8     102.883     210.516     327.362     2403.36     820.935      3224.3     2356.16     2479.07     1.03969    -33.5903     32.8718     2153.94     2431.86     2.52408     270.891       0.016     5.62329     5.11962     4.83301     4.89682
      14900    0.371039         0.8     134.599     212.312     335.411     2459.23     837.269      3296.5      2368.3     2489.15     1.03906    -37.5635     32.8288     2156.82     2433.24       2.521     278.312       0.016     5.61216     5.09144     4.81152     4.87987
      14800    0.349922         0.8     171.682     214.207     342.033     2526.21     852.341     3378.55      2381.5     2500.16     1.03835    -41.4011     32.7892     2160.14     2435.06     2.51792     284.349       0.016     5.60163     5.06466     5.19185     4.86553
      14700           0         0.8     206.324     216.112     332.987     2586.19     865.224     3451.41     2391.46     2508.65     1.03763    -43.7296     32.7525     2163.75     2437.23     2.51531     278.512       0.016     5.59188     5.03958     5.17376     4.85302
      14600           0         0.8     206.324     209.124     264.521     2605.67      891.94     3497.61     2385.22      2499.4     1.00628    -39.3817     33.7363     2133.37     2409.03      2.6747     199.479       0.016     6.46631     5.19915     4.90479      4.8678
      14500           0         0.8     206.324     207.076     237.782     2608.91     924.212     3533.12     2380.94     2491.77    0.971756    -40.4545     34.6823     2125.57     2402.09     2.69852     174.144       0.016     6.67724     4.60867     4.64338     4.92913
      14400           0         0.8     206.324     207.302     221.273     2613.23     958.264     3571.49     2378.38     2485.42    0.936071    -43.4063     35.5885     2120.36     2395.59     2.70745      159.32       0.016       6.501     4.73388     4.70475     4.60461
      14300           0         0.8     206.324     208.305     207.018     2620.49     989.109      3609.6     2377.07        2480    0.899388    -46.8641     36.4418     2116.09     2389.32     2.71505     147.532       0.016       6.501     4.79212     4.72311     4.66079
      14200           0         0.8     206.324     209.523     194.847      2634.5     1018.14     3652.64     2376.59     2475.28    0.862813    -50.3297     37.2291     2112.36     2383.46     2.72222     137.623       0.016       6.501     4.40311     4.72135     4.70659
      14100           0         0.8     206.324     210.762     188.284     2649.09     1045.71      3694.8     2376.61     2471.05    0.827405      -53.52     37.9427     2109.03     2378.07     2.72887     131.934       0.016       6.501     4.79104       4.714     4.74301
      14000           0         0.8     206.324     211.966     185.237     2672.96     1070.73     3743.68     2376.88      2467.2    0.793938    -56.1949     38.5803     2106.03     2373.14     2.73498      129.29       0.016       6.501     4.76901     4.70766     4.77256
      13900           0         0.8     206.324     213.125     180.199     2702.07     1098.17     3800.25     2377.24     2463.63    0.762883    -58.3816     39.1438     2103.32     2368.62     2.74063     125.561       0.016       6.501     4.74525     4.70493     4.79804
      13800           0         0.8     206.324     214.239     174.297     2722.47     1122.45     3844.92     2377.59     2460.31    0.734466    -60.3078     39.6376     2100.86     2364.45      2.7459     120.995       0.016       6.501     4.72436     4.70597     4.41566
      13700           0         0.8     206.324     215.313     169.988     2758.81     1148.49     3907.29      2377.9     2457.21     0.70875    -62.0623     40.0676     2098.61     2360.59     2.75086     117.491       0.016       6.501     4.70843     4.70906     4.42786
      13600           0         0.8     206.324     216.348     166.569     2787.91     1173.34     3961.25     2378.11     2454.29     0.68565    -63.6391     40.4403     2096.55     2357.02     2.75554      114.76       0.016       6.501     4.69805     4.71517     4.44259
      13500           0         0.8     206.324     217.347      169.78     2817.37     1191.83     4009.19     2378.22     2451.53     0.66501    -64.9597     40.7621     2094.65     2353.69        2.76     116.738       0.016       6.501     4.69317     4.72498     4.45983
      13400           0         0.8     206.324     218.315     177.014     2845.45     1212.55        4058      2378.2     2448.87    0.646636     -65.755     41.0391     2092.89     2350.56     2.76427     122.243       0.016       6.501     4.69342     4.73842      4.4794
      13300           0         0.8     206.324     219.258     173.999     2874.18     1230.15     4104.34     2378.06     2446.31    0.630316    -66.1632      41.277     2091.24     2347.59      2.7684     120.881       0.016       6.501     4.69833     4.75514     4.50117
      13200           0         0.8     206.324     222.784     194.906     2885.63     1247.28     4132.91     2370.63     2444.07    0.667247    -66.5923     40.2965     2127.85     2387.22     2.65683     153.979       0.016     6.74265     4.70023      4.7812     4.52232
      13100  0.00317682         0.8     206.327     225.013     201.562     2891.02     1258.14     4149.15     2364.59     2442.75    0.705066     -65.971     39.3976     2136.83     2395.58     2.62756     160.444       0.016      6.3954     4.69674     4.79879     4.53481
      13000           0         0.8     206.642     226.818     207.481     2904.41      1269.8     4174.21     2359.62     2441.93    0.739238    -65.0404     38.5929     2141.23     2398.94     2.61239     166.324       0.016     5.80502     4.67984     4.40105     4.53822
      12900   0.0533645         0.8     206.695     228.273     213.807      2906.2     1280.24     4186.44      2355.2     2441.18    0.769412    -63.8627     37.8817     2144.22     2401.01      2.6014      172.27       0.016     5.96549     4.65393     4.79359     4.53289
      12800   0.0808167         0.8     212.059     229.403     220.174     2916.24     1291.72     4207.95     2354.24     2442.86    0.795969    -63.7055     37.2566     2146.47     2402.54     2.59306     178.209       0.016     6.09618     4.62568     4.78056     4.52097
      12700   0.0263304         0.8     220.086     230.462     222.388      2920.9     1303.86     4224.76     2354.71     2445.43     0.81939    -63.9003      36.708     2148.51     2403.89     2.58547     180.867       0.016      5.4029     4.99953     4.76432     4.50481
      12600           0         0.8     222.693     231.635     221.693        2935     1317.37     4252.38     2352.08     2445.29    0.839892    -62.9063      36.226     2150.58     2405.16     2.57742     180.772       0.016      5.4822     4.97128      4.7444     4.48502
      12500           0         0.8     222.693     232.841     221.546     2946.59     1331.52     4278.11     2348.52     2444.18    0.857763    -61.6873     35.8017     2152.53     2406.28     2.56959      180.83       0.016     5.54429     4.94157      4.7217     4.46182
      12400           0         0.8     222.693     234.061     221.532     2960.28     1343.56     4303.84     2345.57     2443.35     0.87329    -60.8314     35.4274     2154.36     2407.24     2.56203     181.058       0.016     5.59242     4.91166     4.69711     4.43614
      12300           0         0.8     222.693     235.293     220.197     2963.02     1355.05     4318.07      2343.1     2442.72    0.886753    -60.2973     35.0963     2156.09     2408.08     2.55471     180.216       0.016     5.62926     4.88225     4.67166     4.40962
      12200   0.0727257         0.8     222.766     236.539     217.878     2974.75     1367.82     4342.57     2341.07     2442.27    0.898401    -60.1179     34.8029     2157.76     2408.84     2.54759     178.429       0.016     5.65697     4.85361     4.64761     4.78666
      12100    0.138822         0.8     230.104      237.83     217.013     2995.46     1382.43     4377.89     2343.26     2445.05    0.908458    -61.7813     34.5423     2159.45      2409.6     2.54064     177.644       0.016     5.67734     4.82657      4.6259     4.76329
      12000    0.203668         0.8     244.051     239.205     216.964      3024.9     1393.32     4418.22     2348.56     2450.23     0.91716    -64.6806     34.3104     2161.34     2410.51     2.53387     177.636       0.016     5.69186     4.80282      4.6054     4.74106
      11900     0.23966         0.8     264.454     240.691     217.725     3059.04     1407.18     4466.22     2356.41     2457.41    0.924719     -68.472     34.1037     2163.53     2411.69     2.52726     178.277       0.016      5.7018     5.18016     4.98504     4.72078
      11800    0.327118         0.8     288.508     242.291     219.041     3098.97     1419.93     4518.91     2364.94     2465.13    0.931305    -72.3222     33.9194     2166.09      2413.2     2.52077     179.422       0.016     5.70817     5.15746     4.96477     4.70232
      11700    0.114512         0.8     321.007     244.018     227.728     3150.95      1432.5     4583.45      2376.7     2475.45    0.937037    -77.0476     33.7547     2169.02     2415.04     2.51434     186.328       0.016     5.71182     5.13506     4.94537     4.68582
      11600    0.067464         0.8     332.411     232.372     202.083     3183.92     1457.49     4641.41     2379.56     2473.84    0.909065    -76.1355     34.6333     2132.88     2383.63     2.69763     145.753       0.016     5.94117     4.89511     4.67447     4.69463
      11500  0.00582861         0.8     339.096     228.496       184.2     3208.68     1494.76     4703.44     2379.65     2470.35    0.878097    -76.9335     35.4829     2125.64     2378.93     2.72243     130.043       0.016      6.4197     4.70759     4.41426     4.75246
      11400   0.0106315         0.8     339.683     228.023     160.473      3222.2     1534.69     4756.89     2377.25      2464.9    0.846326    -78.1716     36.2999     2121.11     2374.06      2.7295     110.441       0.016     6.24699     4.44119     4.47658     4.42241
      11300   0.0128598         0.8     340.749     228.757     149.216     3229.31     1571.41     4800.72     2376.32     2460.56    0.813485    -80.6463     37.0709     2117.32     2368.84     2.73525      99.985       0.016     6.75041     4.49719     4.49574      4.4764
      11200           0         0.8     342.022     229.874     144.885     3231.56     1606.39     4837.94     2376.24     2456.89    0.780454    -83.1928     37.7829     2114.08     2363.89     2.74088     95.9736       0.016     6.69779     4.50978     4.49459     4.52044
      11100           0         0.8     342.022     231.069     137.103     3249.65     1640.22     4889.87      2375.9     2453.06    0.748298    -85.2252     38.4281     2111.16     2359.26     2.74622     90.0443       0.016     6.67423     4.49846     4.48717     4.55438
      11000           0         0.8     342.022     232.241     127.711     3276.54     1672.78     4949.31      2375.9     2449.63    0.717798    -87.2673     39.0042     2108.47     2354.94     2.75116     82.5816       0.016     6.66909     4.47694     4.47988     4.58076
      10900           0         0.8     342.022      233.37     122.315     3294.09     1707.01      5001.1     2376.06     2446.48    0.689421      -89.31     39.5127     2106.03     2350.96     2.75573     77.8833       0.016      6.6758     4.45341     4.47534     4.20228
      10800           0         0.8     342.022     234.453     119.172     3300.01      1738.1     5038.11     2376.28     2443.57     0.66342    -91.1778     39.9577     2103.82     2347.31     2.75998     75.1827       0.016     6.69015     4.43224     4.47363     4.21521
      10700           0         0.8     342.022     235.493     115.126     3307.54     1768.83     5076.37      2376.5     2440.88    0.639878    -92.8708     40.3448     2101.81     2343.95     2.76394     71.9677       0.016     6.70943     4.41774     4.47369      4.2239
      10600           0         0.8     342.022     236.497     110.687     3319.27     1799.24     5118.51     2376.67     2438.38     0.61874     -94.497     40.6796     2099.98     2340.85     2.76767     68.3481       0.016     6.73189     4.41236      4.4765     4.23443
      10500           0         0.8     342.022     237.471     107.989     3331.24     1829.27      5160.5     2376.76     2436.01    0.599867    -96.0756     40.9683     2098.31     2337.96     2.77121     65.9519       0.016      6.7564     4.41172     4.48281     4.24713
      10400           0         0.8     342.022      238.42     106.306     3343.82     1857.05     5200.87     2376.75     2433.75    0.583088    -97.5478     41.2164     2096.76     2335.26     2.77461     64.4522       0.016     6.78224     4.41394      4.4925     4.26195
      10300           0         0.8     342.022     239.345     105.215      3349.8      1882.6     5232.41     2376.65     2431.57    0.568208    -98.9034     41.4292     2095.31     2332.69     2.77789     63.4464       0.016     6.20822     4.41814      4.5052     4.27882
      10200           0         0.8     342.022     240.246     104.042     3356.64     1908.06     5264.69     2376.45     2429.46    0.555033    -100.148     41.6113     2093.93     2330.25     2.78108     62.4719       0.016     6.23292     4.42389     4.52045     4.29757
      10100           0         0.8     342.022     241.123     101.852      3379.6     1930.63     5310.23     2376.16      2427.4    0.543373    -101.345     41.7671     2092.62     2327.91     2.78417     60.6721       0.016     6.25749     4.43088     4.53783     4.31803
      10000           0         0.8     342.022     241.976      99.336     3395.96     1952.66     5348.62     2375.78     2425.38    0.533048    -102.549     41.9003     2091.37     2325.66     2.78719     58.5934       0.016     6.28187     4.43894     4.55697     4.33997
       9900           0         0.8     342.022     242.806     96.6481     3401.45     1974.15      5375.6     2375.32      2423.4    0.523897     -103.78      42.014     2090.16     2323.49     2.79012     56.3569       0.016       6.306     4.44878     4.57755     4.36319
       9800           0         0.8     342.022     243.617     93.8254        3408     1994.28     5402.27     2374.79     2421.44    0.515771     -105.05     42.1111     2088.99     2321.39     2.79298     53.9987       0.016     6.32985     4.46158     4.59936     4.38747
       9700   0.0870768         0.8     342.109     244.412     90.8934     3408.63     2013.05     5421.68     2374.25     2419.56    0.508537    -106.384     42.1939     2087.86     2319.36     2.79577     51.5376       0.016     6.35344     4.47675     4.21816     4.01013
       9600   0.0801774         0.8      350.81     245.239     87.7288     3409.78     2030.44     5440.22     2378.22     2421.39    0.502041    -109.459     42.2647     2087.25     2317.91     2.79853     48.8539       0.016     6.37677      4.4936     4.23301     4.02494
       9500   0.0733031         0.8     358.821     246.098     84.4143     3413.17     2046.42     5459.59     2380.85     2422.29    0.496287    -112.045     42.3252     2087.19     2317.09     2.80129     46.0198       0.016      6.3999     4.51161     4.24794     4.04094
       9400   0.0841081         0.8     366.162     246.953     81.8483     3433.59     2064.67     5498.26     2382.52     2422.52    0.491248    -114.279     42.3768     2087.16     2316.31     2.80396     43.7131       0.016     6.42283     4.53057     4.26546     4.05894
       9300   0.0732584         0.8     374.562     247.804     79.7015     3453.44     2080.66     5534.11     2384.34     2422.97    0.486782    -116.554      42.421     2087.13     2315.52     2.80654      41.777       0.016     6.44556     4.55041     4.28477     4.07864
       9200   0.0687075         0.8     381.883     248.649     77.8056     3472.47     2095.71     5568.19     2385.17     2422.67    0.482792    -118.433     42.4588     2087.05      2314.7     2.80906     40.0536       0.016     6.46813     4.57106     4.30545     4.09967
       9100   0.0565766         0.8     388.742     249.481     76.0949     3483.64     2108.23     5591.87     2385.54     2422.05    0.479191    -120.119     42.4911     2086.85     2313.75      2.8115     38.4915       0.016     6.49051     4.59244     4.32712     4.12167
       9000   0.0397782         0.8     394.382     250.295     74.5487     3492.83     2117.24     5610.07     2385.14     2420.83    0.475902    -121.502     42.5188     2086.51     2312.66     2.81388     37.0748       0.016     6.51271     4.21154     4.34952     4.14434
       8900   0.0425987         0.8     398.363     251.078     73.1775     3512.82     2126.81     5639.63     2383.89     2418.94    0.472866    -122.557     42.5426     2085.97     2311.36     2.81621     35.8121       0.016      6.5349     4.22428     4.37226     4.16735
       8800   0.0384408         0.8     402.619     251.832     71.9304     3521.37      2135.5     5656.88     2382.98     2417.32    0.470018    -123.721     42.5629     2085.31     2309.95     2.81846     34.6599       0.016     6.55709     4.23585     4.39498     4.19057
       8700   0.0343955         0.8     406.459     252.563     70.7839     3522.47     2143.34     5665.81     2381.94     2415.61    0.467329     -124.82     42.5804     2084.64     2308.55     2.82064     33.5959       0.016     6.57907     4.25016     4.01472     3.81114
       8600   0.0317986         0.8     409.896     253.272     69.7292     3526.54     2150.62     5677.16     2380.82     2413.86    0.464805     -125.86     42.5954     2083.96     2307.16     2.82276     32.6136       0.016     5.80066     4.26639     4.02904     3.82383
       8500   0.0293267         0.8     413.073     253.955     68.7545     3528.68     2157.36     5686.05     2379.73     2412.17     0.46244    -126.871     42.6083     2083.29      2305.8      2.8248     31.7021       0.016     5.81965     4.28367     4.04206     3.83634
       8400   0.0291104         0.8     416.006     254.614     68.2859        3530     2164.05     5694.05     2378.65     2410.52    0.460217    -127.842     42.6195     2082.63     2304.49     2.82675     31.1736       0.016     5.83751     4.30152     4.05667      3.8498
       8300   0.0117431         0.8     418.899     255.253     68.1442     3540.11      2167.1     5707.21     2377.69     2408.99    0.458119    -128.788      42.629     2081.99     2303.22     2.82865     30.9393       0.016     5.85454     4.31967     4.07224     3.86424
       8200   0.0116601         0.8     420.074     255.867     68.2537      3545.8     2170.11     5715.91     2375.93     2406.84    0.456143    -129.366     42.6372     2081.29     2301.89     2.83049     30.9266       0.016     5.87095       4.338     4.08841      3.8794
       8100    0.011652         0.8      421.24     256.456      68.573     3554.57      2173.1     5727.67     2374.43     2404.91    0.454262    -129.967     42.6443     2080.51     2300.49     2.83227     31.1026       0.016     5.88683     4.35638     4.10495     3.89509
       8000   0.0102642         0.8     422.403     257.031     69.0553     3555.37     2175.79     5731.16     2373.14     2403.15    0.452453    -130.561     42.6505     2079.74     2299.13     2.83402     31.4268       0.016     5.90228     4.37475     4.12175     3.91128
       7900  0.00892957         0.8     423.428     257.593     69.7486     3565.34      2178.2     5743.54     2371.93     2401.46    0.450716      -131.1     42.6557     2078.99      2297.8     2.83575     31.9329       0.016     5.91737     4.39305     4.13874     3.92788
       7800  0.00491209         0.8     424.317     258.144     70.6121     3573.02     2179.76     5752.77     2370.77     2399.83     0.44905    -131.571     42.6603     2078.26      2296.5     2.83745     32.5965       0.016     5.93216     4.00928     4.15589     3.94482
       7700  0.00577854         0.8     424.809     258.681      71.638     3578.44     2181.48     5759.92     2369.53     2398.14    0.447453    -131.917     42.6642     2077.53     2295.21     2.83913     33.4074       0.016     5.94667     4.02029     4.17304       3.962
       7600  0.00195157         0.8     425.384     259.199     72.8312     3585.99     2182.38     5768.37     2368.46      2396.6    0.445918    -132.235     42.6676      2076.8     2293.94     2.84077     34.3709       0.016     5.96083     4.02914     4.19002     3.97931
       7500           0         0.8     425.577     259.698      74.167     3598.89      2182.5     5781.39     2367.29     2394.98    0.444443    -132.418     42.6706     2076.08      2292.7     2.84237     35.4668       0.016      5.9746     4.03785     3.80609     3.99662
       7400           0         0.8     425.577     260.176     74.5862     3615.01     2183.13     5798.14     2366.14     2393.39    0.443029     -132.53     42.6731     2075.35     2291.48     2.84392     35.9107       0.016     5.98798     4.04829     3.81872     3.61044
       7300 0.000975189         0.8     425.578     260.635     74.4837     3632.47     2183.77     5816.24     2365.13     2391.93    0.441687     -132.66     42.6753     2074.66      2290.3     2.84541     35.8885       0.016     6.00094     4.05983     3.82878     3.61875
       7200  0.00717194         0.8     425.681     261.075      74.105     3653.57     2185.69     5839.26     2364.27     2390.65     0.44042    -132.839     42.6772     2074.02      2289.2     2.84684     35.6313       0.016     6.01346     4.07191     3.83735      3.6262
       7100  0.00185483         0.8     426.393     261.502      73.527     3675.34     2186.49     5861.83     2363.82     2389.72    0.439221    -133.162     42.6788     2073.46     2288.22     2.84821      35.201       0.016     6.02555     4.08421       3.846     3.63447
       7000           0         0.8     426.577     261.916     72.8109     3689.42     2190.81     5880.23     2363.09      2388.6    0.438096    -133.385     42.6803     2072.96     2287.31     2.84953     34.6492       0.016     6.03722     4.09659     3.85569     3.64346
       6900           0         0.8     426.577     262.315     72.0034     3703.48     2195.02      5898.5     2362.33     2387.47    0.437038    -133.605     42.6815     2072.44     2286.39      2.8508     34.0151       0.016     6.04855     4.10899     3.86602     3.65308
       6800           0         0.8     426.577     262.704      71.121      3715.7     2195.22     5910.92     2361.63     2386.42    0.436029    -133.863     42.6826     2071.93     2285.49     2.85204      33.313       0.016     6.05956      4.1214     3.87677     3.66323
       6700           0         0.8     426.577     263.084      70.187     3727.45      2196.2     5923.65     2360.99     2385.42    0.435063    -134.155     42.6835     2071.43     2284.61     2.85326     32.5604       0.016     6.07032     4.13377      3.8878     3.67383
       6600           0         0.8     426.577     263.458     69.2296     3739.87     2200.26     5940.13     2360.39     2384.46    0.434135    -134.476     42.6843     2070.94     2283.75     2.85445     31.7825       0.016     6.08086     4.14609     3.89906     3.68479
       6500           0         0.8     426.577     263.826     68.2392     3749.38     2202.99     5952.36     2359.82     2383.54     0.43324    -134.824      42.685     2070.47     2282.91     2.85562      30.972       0.016     6.09121     4.15835     3.91048     3.69604
       6400           0         0.8     426.577     264.189     67.5272      3758.3     2205.98     5964.28     2359.28     2382.65    0.432375    -135.191     42.6856        2070     2282.09     2.85678     30.3607       0.016     6.10142     4.17054     3.92202     3.70751
       6300           0         0.8     426.577     264.548     66.9761        3768     2207.57     5975.58     2358.76     2381.78    0.431537     -135.56     42.6861     2069.54     2281.28     2.85793     29.8922       0.016      6.1115     4.18266     3.93366     3.71917
       6200           0         0.8     426.577     264.904     66.5215     3785.67     2208.68     5994.35     2358.26     2380.93    0.430723    -135.922     42.6866     2069.09     2280.48     2.85906     29.5032       0.016     6.12177     4.19472     3.94537     3.73096
       6100           0         0.8     426.577     265.258      66.153     3804.16     2209.29     6013.45     2357.77      2380.1     0.42993    -136.275      42.687     2068.65     2279.69     2.86019     29.1871       0.016     6.13229     3.80579     3.95715     3.74286
       6000           0         0.8     426.577     265.609     65.8424     3811.74      2209.4     6021.13     2357.29     2379.28    0.429155    -136.615     42.6873     2068.21     2278.91      2.8613     28.9211       0.016     6.14291     3.81392     3.96897     3.75484
       5900           0         0.8     426.577     265.954     65.5783      3821.2     2211.65     6032.85     2356.83     2378.48    0.428397    -136.941     42.6876     2067.77     2278.14      2.8624     28.6953       0.016     6.15353     3.82073     3.98074     3.76688
       5800           0         0.8     426.577     266.293      65.352     3836.88     2212.44     6049.32     2356.37     2377.68    0.427655    -137.253     42.6879     2067.35     2277.38     2.86349     28.5025       0.016     6.16409     3.82701      3.9924     3.77893
       5700           0         0.8     426.577     266.626     65.1576     3842.77     2213.17     6055.94     2355.92      2376.9    0.426928     -137.55     42.6881     2066.92     2276.63     2.86455      28.338       0.016     6.17453     3.83315     3.60366     3.79094
       5600           0         0.8     426.577     266.952     64.9917     3846.92     2213.97     6060.89     2355.48     2376.12    0.426216    -137.833     42.6883     2066.51     2275.91      2.8656     28.1987       0.016     6.18484     3.83928     3.61318     3.40241
       5500           0         0.8     426.577      267.27     64.8514     3860.98     2214.84     6075.82     2355.05     2375.37    0.425524      -138.1     42.6885     2066.11      2275.2     2.86661      28.082       0.016     6.19496     3.84544     3.62146     3.41022
       5400           0         0.8     426.577     267.579     64.0125     3874.35     2215.99     6090.34     2354.64     2374.66    0.424862    -138.366     42.6886     2065.72     2274.52      2.8676     27.4476       0.016     5.40441     3.85222     3.62849     3.41555
       5300           0         0.8     426.577     267.877     62.7506     3880.12     2217.42     6097.54     2354.25     2373.98    0.424233    -138.667     42.6887     2065.36     2273.87     2.86855     26.4296       0.016     5.41278     3.85972     3.63462     3.41972
       5200   0.0064228         0.8     426.583     268.164     61.2534     3898.16     2219.06     6117.22     2353.89     2373.35    0.423634    -139.021     42.6888     2065.02     2273.26     2.86946     25.2021       0.016     5.42061     3.86758     3.64036     3.42438
       5100  0.00230064         0.8     427.221     268.444     59.5926     3903.15     2219.81     6122.96     2353.88     2373.02     0.42306    -139.552     42.6889     2064.73     2272.71     2.87034     23.8252       0.016     5.42803     3.87559     3.64613      3.4297
       5000           0         0.8     427.449     268.716     57.7955     3904.48     2219.93     6124.41      2353.6     2372.48    0.422515    -140.034      42.689     2064.48     2272.21     2.87118     22.3228       0.016     5.43513     3.88363     3.65205     3.43545
       4900  0.00364178         0.8     427.453     268.977     55.9188      3907.3     2220.95     6128.26     2353.21     2371.87    0.421999     -140.53     42.6891      2064.2     2271.69       2.872     20.7406       0.016     5.44194     3.89164     3.65812     3.44145
       4800  0.00599466         0.8     427.819     269.232      53.957     3908.63     2222.47      6131.1     2353.04     2371.45    0.421499    -141.162     42.6891     2063.93     2271.18     2.87279     19.0772       0.016     5.44852     3.89958     3.66429     3.44766
       4700  0.00835341         0.8     428.421     269.482     51.9253     3915.83     2224.49     6140.31     2352.97     2371.11    0.421013    -141.887     42.6892      2063.7     2270.73     2.87357     17.3415       0.016      5.4549     3.90743     3.67059     3.45407
       4600           0         0.8     429.248     269.732     49.8533     3917.51     2224.56     6142.06     2352.99     2370.86    0.420546    -142.692     42.6892      2063.5     2270.31     2.87432     15.5611       0.016     5.46111     3.91518     3.67721     3.46068
       4500           0         0.8     429.248     269.974     47.7387     3921.02     2225.43     6146.45     2352.52     2370.21    0.420101    -143.369     42.6893     2063.27     2269.87     2.87507     13.7368       0.016     5.46718     3.92284     3.68407     3.46743
       4400  0.00313013         0.8     429.251     270.208     45.9522     3925.21     2226.32     6151.53      2352.1     2369.62    0.419667    -144.113     42.6893        2063     2269.38      2.8758      12.146       0.016     5.47312     3.93042     3.69104     3.47427
       4300  0.00393443         0.8     429.565     270.438     44.3405     3927.06     2227.38     6154.44     2351.89     2369.18    0.419234    -144.955     42.6894     2062.73      2268.9     2.87651     10.7081       0.016     5.47895     3.93792     3.69806     3.48122
       4200   0.0061521         0.8     429.961     270.668     42.8197     3933.41     2228.92     6162.33     2351.71     2368.78    0.418805    -145.827     42.6894     2062.49     2268.45     2.87722     9.34162       0.016     5.48468     3.94533     3.70511     3.48828
       4100  0.00273072         0.8     430.573     270.896     41.3697     3943.83     2229.72     6173.55     2351.63     2368.46    0.418384    -146.747     42.6894     2062.28     2268.03     2.87791      8.0318       0.016     5.49032     3.95266      3.7122     3.49545
       4000  0.00919213         0.8     430.852     271.123     39.9675      3954.7      2231.9     6186.59     2351.35     2367.98    0.417974      -147.6     42.6894     2062.06      2267.6     2.87861     6.76073       0.016      5.4959     3.95992     3.71931     3.50266
       3900   0.0156139         0.8     431.778     271.349     38.5874     3968.38     2235.45     6203.83     2351.41     2367.78    0.417568    -148.588     42.6894     2061.85      2267.2     2.87929     5.50632       0.016     5.50141     3.96711     3.72643     3.50994
       3800  0.00770902         0.8     433.331     271.581     37.2113      3980.6     2237.32     6217.92     2351.75      2367.8    0.417168    -149.678     42.6895     2061.72     2266.88     2.87997     4.25229       0.016     5.50688     3.97424     3.73358     3.51735
       3700  0.00605269         0.8     434.101     271.813     35.2768     3997.01     2238.83     6235.84     2351.56     2367.41    0.416786    -150.585     42.6895     2061.59     2266.56     2.88064     2.61927       0.016     5.51233     3.98132     3.74077      3.5248
       3600   0.0044197         0.8     434.704      272.04     31.8215     4011.07     2239.99     6251.06     2351.29     2366.96    0.416416    -151.542     42.6895     2061.41     2266.17     2.88131   -0.292055       0.016     5.51773     3.98836     3.74795     3.53219
       3500   0.0118254         0.8     435.154     272.262     27.7029     4024.44     2242.73     6267.17     2350.96     2366.45    0.416046    -152.614     42.6895     2061.19     2265.76     2.88197    -3.78462       0.016     5.52309     3.99535     3.75509      3.5395
       3400  0.00608929         0.8      436.33     272.485     23.3281     4033.91     2244.24     6278.15     2351.03     2366.27    0.415668    -153.987     42.6895        2061     2265.37     2.88261    -7.54128       0.016      5.5284     3.60208     3.76219     3.54683
       3300  0.00671635         0.8      436.94     272.706     18.7114     4034.13     2245.88     6280.01     2350.75     2365.81    0.415294    -155.376     42.6895     2060.82     2265.01     2.88326    -11.5176       0.016     5.53367      3.6074     3.76924     3.55413
       3200  0.00736513         0.8     437.612     272.922     14.4266     4035.67     2247.66     6283.33     2350.53     2365.39    0.414925    -156.928     42.6895     2060.62     2264.61      2.8839    -15.3274       0.016     5.53887     3.61187      3.7762     3.56137
       3100  0.00616111         0.8     438.348     273.134     11.4469     4035.67     2249.18     6284.85     2350.34     2365.01    0.414555    -158.569     42.6895     2060.42     2264.23     2.88452    -18.0629       0.016     5.54397     3.61595     3.78304     3.56854
       3000  0.00498517         0.8     438.962      273.34     8.93779     4038.72     2250.44     6289.16     2350.09     2364.57    0.414188    -160.204     42.6895     2060.22     2263.85     2.88513    -20.4026       0.016     5.54897     3.61985     3.78975     3.57562
       2900  0.00828099         0.8     439.464      273.54     6.76572     4042.24      2252.4     6294.64     2349.79      2364.1    0.413825    -161.819     42.6895     2060.01     2263.46     2.88573    -22.4598       0.016     5.55386     3.62369     3.79634     3.58258
       2800  0.00643414         0.8     440.291     273.737     4.82676     4046.15     2253.96     6300.11     2349.69     2363.79    0.413463    -163.488     42.6895     2059.82     2263.09     2.88632    -24.3182       0.016     5.55864     3.62751     3.40262     3.58946
       2700   0.0223516         0.8      440.95      273.93     2.88872     4049.21     2258.93     6308.14     2349.48      2363.4    0.413106    -165.097     42.6895     2059.64     2262.74     2.88689    -26.1452       0.016     5.56332     3.63134     3.40821     3.59615
       2600           0         0.8     443.163     274.129     0.59875     4061.44     2259.16      6320.6     2350.09     2363.67    0.412751    -166.993     42.6895     2059.54     2262.49     2.88745    -28.2666       0.016      5.5679     3.63519     3.41349      3.2024
       2500    0.015907         0.8     443.179      274.32    -1.76977      4061.6     2262.74     6324.34     2349.39      2362.9    0.412426    -168.427     42.6895     2059.43     2262.22       2.888    -30.4552       0.016     5.57239     3.63906     3.41834     3.20672
       2400   0.0136371         0.8     444.767     274.505    -4.17417     4063.72     2265.83     6329.55     2349.65     2362.91    0.412114    -170.216     42.6895     2059.28     2261.91     2.88853    -32.6795       0.016     5.57676     3.64293     3.42256      3.2099
       2300   0.0106954         0.8     446.128      274.69     -6.6104     4063.84     2268.29     6332.13     2349.71     2362.78    0.411813    -171.944     42.6895     2059.21     2261.69     2.88904    -34.9336       0.016     5.58101      3.6468     3.42632     3.21252
       2200  0.00779666         0.8     447.194     274.868    -8.90776     4070.25     2270.13     6340.38     2349.59     2362.51    0.411536     -173.62     42.6895     2059.13     2261.47     2.88953    -37.0977       0.016     5.58514     3.65064     3.42973     3.21474
       2100  0.00751354         0.8     447.974     275.037    -10.7935     4070.98     2271.89     6342.87     2349.33     2362.15    0.411277     -175.24     42.6895     2059.02     2261.22        2.89     -38.917       0.016     5.58913     3.65446     3.43288     3.21667
       2000  0.00726551         0.8     448.725     275.197    -12.5067     4071.57     2273.59     6345.16     2349.09     2361.81    0.411027     -176.85     42.6896     2058.89     2260.96     2.89045    -40.5868       0.016     5.59296     3.65825     3.43582     3.21839
       1900    0.009535         0.8     449.454      275.35    -14.0886     4071.78     2275.78     6347.56     2348.88      2361.5    0.410784    -178.441     42.6896     2058.77     2260.71     2.89088    -42.1427       0.016     5.59664     3.66199     3.43864     3.22033
       1800   0.0094823         0.8     450.407     275.497    -15.5725     4072.58     2277.95     6350.53     2348.82     2361.31    0.410546    -180.054     42.6896     2058.67     2260.48     2.89129    -43.6119       0.016     5.60017      3.6657     3.44149     3.22265
       1700   0.0132976         0.8     451.359     275.642    -17.0721      4074.7     2280.93     6355.64     2348.76     2361.13    0.410317    -181.634     42.6896     2058.58     2260.28     2.89169    -45.0752       0.016     5.60356     3.66938     3.44443     3.22526
       1600   0.0203594         0.8     452.696     275.785    -18.7643     4075.35     2285.43     6360.79     2348.89     2361.11    0.410096    -183.262     42.6896     2058.53     2260.12     2.89207    -46.6968       0.016     5.60683     3.67303     3.44746      3.2281
       1500    0.011546         0.8     454.723     275.932    -20.5231     4076.43     2288.05     6364.48     2349.35     2361.36    0.409884    -184.988     42.6896     2058.54     2260.02     2.89245     -48.375       0.016     5.61001     3.67667      3.4506     3.23119
       1400  0.00345794         0.8      455.87     276.077    -22.3156        4077     2288.92     6365.92     2349.24     2361.16    0.409693    -186.503     42.6896     2058.56     2259.93     2.89282    -50.0794       0.016     5.61312      3.6803     3.45384     3.23441
       1300  0.00653479         0.8     456.219     276.212    -24.1146     4081.33     2290.44     6371.78     2348.73     2360.63    0.409517    -187.875     42.6896     2058.47     2259.74     2.89319    -51.7863       0.016     5.61617     3.68394     3.45711     3.23759
       1200  0.00957435         0.8     456.875      276.34     -25.642     4097.41     2292.62     6390.03     2348.48     2360.32    0.409335    -189.334     42.6896     2058.35      2259.5     2.89354    -53.3069       0.016     5.61913     3.68757     3.46037     3.24075
       1100   0.0122279         0.8     457.835     276.466    -26.4283     4110.41     2295.36     6405.77     2348.42     2360.16    0.409143    -190.823     42.6896     2058.25      2259.3     2.89389    -54.2031       0.016     5.62202     3.69118     3.46361     3.24395
       1000   0.0142078         0.8      459.06     276.594    -26.8944     4121.31     2298.53     6419.84     2348.51      2360.1    0.408951     -192.29     42.6896     2058.19     2259.14     2.89423    -54.8187       0.016     5.62485     3.69476     3.46686     3.24722
        900   0.0130586         0.8      460.48     276.724    -27.0152     4132.63     2301.46     6434.08     2348.66     2360.11    0.408764      -193.7     42.6896     2058.17     2259.02     2.89457    -55.1418       0.016     5.62764     3.69833     3.47014     3.25058
        800   0.0294915         0.8     461.802     276.855    -26.8733     4145.21     2307.92     6453.13     2348.72     2360.05    0.408588    -194.985     42.6896     2058.15     2258.91     2.89491    -55.2268       0.016     5.63039     3.70188     3.47344     3.25398
        700   0.0322443         0.8     464.754     276.996    -26.4418     4155.63     2314.99     6470.63     2349.62     2360.67    0.408413    -196.459     42.6896     2058.22     2258.89     2.89525    -55.0724       0.016     5.63314     3.70542     3.47678     3.25754
        600   0.0180826         0.8     467.964     277.149    -25.5645        4176     2319.02     6495.02     2350.46     2361.25    0.408253    -197.794     42.6896     2058.41        2259     2.89558    -54.5298       0.016      5.6359     3.70896     3.48023     3.26132
        500   0.0149309         0.8     469.769     277.301    -24.3918      4196.9     2322.36     6519.26     2350.39     2361.11    0.408125     -198.69     42.6896     2058.54     2259.04     2.89592     -53.717       0.016     5.63869     3.71252     3.48375     3.26508
        400   0.0239663         0.8     471.271     277.444    -22.8979     4230.25     2327.64     6557.89      2350.2     2360.86    0.408006    -199.417     42.6896     2058.55     2258.96     2.89625    -52.6179       0.016     5.64147     3.71608     3.48728     3.26871
        300 3.72709e-05         0.8     473.644     277.588    -21.1607     4252.94     2327.78     6580.73     2350.51     2361.02     0.40787    -200.185     42.6896     2058.58     2258.88     2.89657    -51.2917       0.016     5.64424     3.71964     3.49076     3.27231
        200           0         0.8     473.648      277.72    -18.9188     4282.46     2328.21     6610.68      2349.5     2360.12    0.407736    -200.371     42.6896     2058.51     2258.71     2.89689    -49.5577       0.016     5.64699     3.72317     3.49419     3.27574
        100    0.016332         0.8     473.664     277.836    -15.7626     4297.15     2331.83     6628.98     2348.72     2359.38    0.407586    -200.473     42.6896     2058.31     2258.39      2.8972    -47.0289       0.016     5.64967     3.72667     3.49749      3.2789
          0    0.015751         0.8     475.297     277.954    -12.1382     4298.87     2335.33      6634.2     2348.93     2359.44    0.407399    -200.727     42.6896     2058.17     2258.15      2.8975    -44.0767       0.016     5.65228     3.73011     3.50067     3.28207