      20000           0           2           0     179.437      354.04     78.9895     14.2831     93.2726     2343.43     2426.93    0.785391      6.5598     39.9574     2049.96      2345.7     2.72671     271.433       0.016     5.73044     4.59858     4.35318     4.39114
      19900           0           2           0     179.437      353.13     151.419     29.7361     181.156     2343.43     2426.93    0.785563     6.43382     39.9574     2049.96      2345.7     2.72686     270.633       0.016     5.73044     4.59858     4.35318     4.39114
      19800           0           2           0     179.437     352.506     228.894     46.3592     275.253     2343.43     2426.93    0.785735     6.30822     39.9574     2049.96      2345.7     2.72701     270.044       0.016     5.73044     4.59858     4.35318     4.39114
      19700           0           2           0     179.437     352.255     299.319     60.5222     359.841     2343.43     2426.93    0.785907     6.19879     39.9574     2049.96      2345.7     2.72716     269.745       0.016     5.73044     4.59858     4.35318     4.39114
      19600           0           2           0     179.437      352.29     351.209     72.5053     423.714     2343.43     2426.93    0.786079     6.12087     39.9574     2049.96      2345.7     2.72731     269.689       0.016     5.73044     4.59858     4.35318     4.39114
      19500           0           2           0     179.437     350.597     414.692     82.0183      496.71     2343.43     2426.93    0.786251     6.05158     39.9574     2049.96      2345.7     2.72746     268.519       0.016     5.73044     4.59858     4.35318     4.39114
      19400           0           2           0     179.437     347.879     487.353     94.1014     581.454     2343.43     2426.93    0.786423     5.90477     39.9574     2049.96      2345.7     2.72761     266.477       0.016     5.73044     4.59858     4.35318     4.39114
      19300           0           2           0     179.437     345.374     558.279     106.214     664.494     2343.43     2426.93    0.786595     5.65656     39.9574     2049.96      2345.7     2.72775     264.481       0.016     5.73044     4.59858     4.35318     4.39114
      19200           0           2           0     179.437     342.873     620.606     118.358     738.963     2343.43     2426.93    0.786767     5.32496     39.9574     2049.96      2345.7      2.7279     262.498       0.016     5.73044     4.59858     4.35318     4.39114
      19100           0           2           0     179.437      342.02     681.386     130.011     811.397     2343.43     2426.93    0.786938     4.94128     39.9574     2049.96      2345.7     2.72805     261.588       0.016     5.73044     4.59858     4.35318     4.39114
      19000           0           2           0     179.437     342.156      741.53     142.474     884.004     2343.43     2426.93     0.78711     4.58749     39.9574     2049.96      2345.7      2.7282     261.511       0.016     5.73044     4.59858     4.35318     4.39114
      18900           0           2           0     179.437     340.553     800.577     155.747     956.323     2343.43     2426.93    0.787281     4.26219     39.9574     2049.96      2345.7     2.72835      260.36       0.016     5.73044     4.59858     4.35318     4.39114
      18800           0           2           0     179.437     337.986     870.831      166.28     1037.11     2343.43     2426.93    0.787452     3.87637     39.9574     2049.96      2345.7      2.7285     258.368       0.016     5.73044     4.59858     4.35318     4.39114
      18700           0           2           0     179.437      336.21     952.601     178.113     1130.71     2343.43     2426.93    0.787624     3.41716     39.9574     2049.96      2345.7     2.72864     256.824       0.016     5.73044     4.59858     4.35318     4.39114
      18600           0           2           0     179.437     334.818     1047.59     192.576     1240.17     2343.43     2426.93    0.787795     2.92873     39.9574     2049.96      2345.7     2.72879     255.619       0.016     5.73044     4.59858     4.35318     4.39114
      18500           0           2           0     179.437     333.482     1150.05     201.259     1351.31     2343.43     2426.93    0.787966     2.42444     39.9574     2049.96      2345.7     2.72894     254.469       0.016     5.73044     4.59858     4.35318     4.39114
      18400           0           2           0     179.437     332.205     1219.19     209.492     1428.69     2343.43     2426.93    0.788137      1.9065     39.9574     2049.96      2345.7     2.72909     253.357       0.016     5.73044     4.59858     4.35318     4.39114
      18300           0           2           0     179.437     329.228      1275.7     218.075     1493.77     2343.43     2426.93    0.788308     1.34924     39.9574     2049.96      2345.7     2.72924     251.114       0.016     5.73044     4.59858     4.35318     4.39114
      18200           0           2           0     179.437       325.2      1360.8     226.658     1587.45     2343.43     2426.93    0.788478    0.672723     39.9574     2049.96      2345.7     2.72938      247.97       0.016     5.73044     4.59858     4.35318     4.39114
      18100           0           2           0     179.437     321.768     1469.79     234.714      1704.5     2343.43     2426.93    0.788649   -0.137283     39.9574     2049.96      2345.7     2.72953      245.11       0.016     5.73044     4.59858     4.35318     4.39114
      18000           0           2           0     179.437     318.559     1574.09     243.331     1817.42     2343.43     2426.93     0.78882    -1.04056     39.9574     2049.96      2345.7     2.72968     242.443       0.016     5.73044     4.59858     4.35318     4.39114
      17900           0           2           0     179.437      317.64     1670.99     253.364     1924.35     2343.43     2426.93     0.78899    -1.98653     39.9574     2049.96      2345.7     2.72983     241.293       0.016     5.73044     4.59858     4.35318     4.39114
      17800           0           2           0     179.437     318.134        1766     264.257     2030.25     2343.43     2426.93    0.789161    -2.86227     39.9574     2049.96      2345.7     2.72997     241.331       0.016     5.73044     4.59858     4.35318     4.39114
      17700           0           2           0     179.437     316.312     1860.47      274.54     2135.01     2343.43     2426.93    0.789331    -3.66765     39.9574     2049.96      2345.7     2.73012     239.957       0.016     5.73044     4.59858     4.35318     4.39114
      17600           0           2           0     179.437     313.229     1943.92     288.828     2232.75     2343.43     2426.93    0.789502    -4.52282     39.9574     2049.96      2345.7     2.73027     237.487       0.016     5.73044     4.59858     4.35318     4.39114
      17500           0           2           0     179.437     313.298     2011.35     302.776     2314.12     2343.43     2426.93    0.789672    -5.41147     39.9574     2049.96      2345.7     2.73042     237.026       0.016     5.73044     4.59858     4.35318     4.39114
      17400           0           2           0     182.115     344.137     2042.72     312.444     2355.16     2337.81     2427.24    0.817182    -7.03503     39.0482     2090.19     2390.75     2.64272     282.715       0.016      5.7211     4.59193      4.3525     4.39344
      17300           0           2           0     182.934     353.815     2073.54     322.233     2395.78     2333.75     2428.42    0.848489    -7.23612     38.2531     2099.33     2400.72     2.62299     291.111       0.016     5.71793     4.58375     4.34297     4.38361
      17200           0           2           0      183.39     359.881     2096.59     335.928     2432.52     2330.58     2429.87    0.876868    -7.02974     37.5586     2103.93      2405.7     2.61341     296.236       0.016     5.72125     4.57463     4.32783     4.36492
      17100           0           2           0     183.841     363.835     2099.91     350.717     2450.63     2328.02     2431.38    0.901834    -6.64495     36.9519     2107.52     2409.45     2.60581     299.608       0.016     5.72871     4.56346     4.30774     4.33998
      17000           0           2           0     184.395     366.328     2106.32     368.422     2474.74     2325.94     2432.88    0.923629    -6.19849      36.422     2110.68     2412.53     2.59894     301.804       0.016     5.73799     4.54879     4.28324     4.31057
      16900           0           2           0     185.076     363.157     2119.69     386.971     2506.66     2324.24     2434.34    0.942573    -5.83044     35.9588     2113.56      2415.1     2.59263     299.792       0.016     5.74731     4.52873     4.25519     4.27796
      16800           0           2           0     185.879      356.08     2132.94     406.282     2539.22     2322.88     2435.75     0.95898    -5.80695     35.5537     2116.22     2417.24     2.58687      294.26       0.016     5.75543     4.50524     4.22418     4.24311
      16700           0           2           0     186.789     347.713     2143.96     427.383     2571.34      2321.8     2437.11     0.97314    -6.22983      35.199      2118.7     2419.03     2.58162     287.424       0.016     5.76158     4.47861      4.5905     4.20736
      16600           0           2           0     187.792     338.163     2156.83      452.74     2609.57     2320.95     2438.38    0.985304    -7.09448     34.8882     2121.04     2420.52     2.57681     279.594       0.016     5.76538     4.44944     4.55473     4.57412
      16500           0           2           0     188.875     339.172     2164.82     472.218     2637.03      2320.3     2439.58    0.995708    -8.20911     34.6155     2123.26     2421.76      2.5724     279.344       0.016      5.7667     4.41878      4.5183     4.53859
      16400   0.0650992           2   0.0650992     190.027      347.24     2171.37     496.159     2667.52     2319.86     2440.78     1.00457    -8.99678      34.376     2125.37     2422.79     2.56833     285.676       0.016     5.76561     4.78854     4.48125     4.50183
      16300    0.112454           2     6.62238     191.187     352.227     2187.89     517.487     2705.38     2323.09     2448.92     1.01205    -10.7598     34.1655     2127.45     2423.78     2.56377     290.395       0.016     5.76228      4.7545     4.44373     4.46098
      16200   0.0773224           2     17.8326     192.296     355.613     2209.59     544.637     2754.22     2328.45     2460.81      1.0183    -12.9831     33.9801     2129.71     2425.07      2.5579      293.46       0.016     5.75682     4.71865     4.40382     4.41293
      16100   0.0123692           2     25.4999     193.383      347.29     2227.74     574.991     2802.73     2331.28     2467.11     1.02353    -13.9259     33.8167     2132.24     2426.73     2.55166     287.832       0.016     5.74921     4.68136     4.75958     4.76492
      16000 0.000873652           2     26.7253     194.535     331.069     2236.04     604.159      2840.2     2330.46     2465.78     1.02793    -13.8331     33.6725     2134.79     2428.32     2.54662      274.91       0.016     5.73944     4.64318     4.71426     4.71863
      15900  0.00106968           2     26.8129     195.774     322.858     2239.59     632.238     2871.83     2329.37     2463.82     1.03158     -14.327     33.5449     2137.08      2429.5     2.54289      267.18       0.016     5.72765      4.6054     4.67048     4.67708
      15800   0.0268579           2     26.9456     197.076     319.472     2246.32     657.521     2903.85     2328.59     2462.44     1.03452    -15.1714      33.432      2139.1     2430.29     2.53972     264.111       0.016     5.71421     4.96791     4.62966     4.63927
      15700   0.0378798           2     29.6424     198.403     317.265     2253.89     682.629     2936.52     2329.37     2464.17     1.03676    -16.6886     33.3317     2140.96     2430.86     2.53642     262.236       0.016     5.69956     4.92915     4.99109     4.60412
      15600   0.0428745           2     33.4354     199.724     316.087     2263.02     705.664     2968.68     2330.67     2466.83     1.03838    -18.3404     33.2426     2142.78      2431.4     2.53269     261.196       0.016     5.68438     4.89017     4.95358     4.97202
      15500   0.0412281           2     37.7212     201.036     314.152     2272.23     728.158     3000.39     2332.12     2469.67     1.03946     -19.923     33.1631     2144.62        2432     2.52865     259.717       0.016     5.66893     4.85185     4.91722     4.93792
      15400   0.0803312           2     41.8831     202.342     311.829     2286.42     749.821     3036.24      2333.4     2472.02     1.04009    -21.3466     33.0921      2146.5     2432.66     2.52449     257.843       0.016     5.65329     4.81466     4.88141     4.90309
      15300    0.135851           2     49.9718     203.616     311.082     2308.82     773.521     3082.34     2336.74     2478.37     1.04033    -23.5314     33.0283     2148.41     2433.41     2.51984      257.12       0.016     5.63754     5.18004     4.84618     4.86632
      15200    0.178546           2     63.5996     204.806     311.365     2332.29     796.789     3129.08     2342.72     2489.79      1.0402    -26.5744     32.9709     2150.52     2434.51     2.51395     257.344       0.016     5.62174     5.14487      4.8102     4.82443
      15100    0.257136           2     81.5327     205.878     317.932     2364.88     819.684     3184.56     2350.34     2504.15     1.03974     -29.852      32.919     2152.97     2436.17     2.50661     262.326       0.016     5.60577     5.10947     5.17086     5.17884
      15000    0.326985           2     107.316     206.792     328.847     2411.67     842.194     3253.87     2361.37     2524.94     1.03901    -33.7213     32.8718     2155.86     2438.56     2.49753     271.314       0.016     5.58939     5.07376     5.12766     5.12321
      14900    0.384435           2     140.072     207.506     337.318     2469.45     863.335     3332.79     2374.93     2550.25     1.03804    -37.6764     32.8288     2159.35     2441.91     2.48637     278.844       0.016     5.57223     5.03737     5.07843     5.05474
      14800     0.36677           2     178.498     208.009     344.504      2538.9     884.605      3423.5     2390.06     2578.15     1.03689    -41.4815     32.7892     2163.52     2446.32     2.47334     285.035       0.016     5.55382      5.0015     5.02151     5.77507
      14700           0           2     214.808     208.302     335.993     2601.88     905.298     3507.18     2402.41     2599.96     1.03567    -43.7717     32.7525     2168.23     2451.63     2.46004     279.389       0.016     5.53373     5.76329     5.75634     5.68651
      14600           0           2     214.808      199.88     268.142     2624.99     941.259     3566.25     2397.18     2575.47    0.997723    -39.1481     33.7363      2153.8     2444.83     2.59842     199.839       0.016     6.35655      5.1066     5.04218     5.65333
      14500           0           2     214.808     197.301     241.718     2632.16     983.305     3615.46     2393.28     2556.25    0.965775    -40.1043     34.6823     2143.75     2435.99     2.62191     174.611       0.016     6.52212     4.89417     5.14431      5.6946
      14400           0           2     214.808     197.253      225.38     2632.37     1027.41     3659.78     2390.45     2540.63     0.93308    -43.0244     35.5885     2135.75     2426.41     2.63396      159.91       0.016       6.501     4.60243     5.18939     5.76808
      14300           0           2     214.808     198.078     211.183     2635.48     1068.48     3703.95     2388.43     2527.61    0.899216    -46.5001     36.4418     2128.92     2417.13     2.64509     148.235       0.016       6.501     4.62617     5.19875     5.03848
      14200           0           2     214.808     199.162     199.023     2645.31     1107.87     3753.18     2386.98     2516.58    0.865151    -50.0114     37.2291     2122.93     2408.55     2.65547     138.412       0.016       6.501     4.60875     5.19319     5.09732
      14100           0           2     214.808     200.302     192.496     2655.69      1145.9     3801.59     2385.88     2507.09    0.831893    -53.2617     37.9427     2117.64     2400.77     2.66486     132.781       0.016       6.501      4.9813     5.18648     5.15052
      14000           0           2     214.808     201.446     189.481     2675.31     1181.44     3856.74     2384.99      2498.8     0.80021    -56.0016     38.5803     2112.95     2393.73     2.67333     130.183       0.016       6.501     4.94553     5.18456     5.19887
      13900           0           2     214.808     202.576     184.411     2700.21     1219.43     3919.64     2384.21      2491.5    0.770603    -58.2519     39.1438     2108.78     2387.34     2.68103     126.495       0.016       6.501     4.91011      5.1877     4.83359
      13800           0           2     214.808     203.686     178.457     2716.45     1254.26     3970.71     2383.47     2485.01    0.743342    -60.2364     39.6376     2105.05     2381.54     2.68811      121.96       0.016       6.501     4.87987     5.19463     4.86603
      13700           0           2     214.808     204.773     174.105     2748.67     1290.84     4039.51     2382.73     2479.19    0.718493    -62.0446     40.0676     2101.71     2376.24     2.69466     118.476       0.016       6.501     4.85679     4.80567     4.89972
      13600           0           2     214.808     205.837     170.639      2773.7     1326.21     4099.91     2381.95     2473.89    0.696011    -63.6696     40.4403      2098.7     2371.38     2.70079     115.759       0.016       6.501     4.84133     4.81776     4.93403
      13500           0           2     214.808     206.878     173.904     2799.03     1355.16     4154.19     2381.13     2469.04    0.675783    -65.0324     40.7621     2095.97      2366.9     2.70658     117.757       0.016       6.501     4.83307      4.8318     4.96836
      13400           0           2     214.808     207.895     181.229      2822.9     1386.31     4209.21     2380.25     2464.57    0.657655    -65.8631     41.0391     2093.47     2362.74     2.71206     123.292       0.016       6.501     4.83133     4.85112     4.60284
      13300           0           2     214.808     208.895     178.135      2847.5     1414.27     4261.77     2379.34     2460.43    0.641463    -66.2988      41.277     2091.16     2358.83     2.71732      121.96       0.016       6.501     4.83548      4.8738      4.6275
      13200           0           2     214.808      212.37     199.192     2854.66     1441.82     4296.47     2371.37     2457.06    0.676721     -66.691     40.2965     2126.41     2396.81     2.61084     155.954       0.016       6.501     4.83145     4.89969     4.64496
      13100   0.0323598           2     214.841     214.566     205.956     2855.65     1463.11     4318.77     2364.87     2454.83    0.712977    -66.0243     39.3976     2135.09     2404.73     2.58352     162.536       0.016     6.70924     4.82568     4.91811     4.65619
      13000           0           2     218.044     216.325     211.924      2864.6     1485.28     4349.88     2361.06     2456.52    0.745744    -65.6536     38.5929     2139.35     2407.86      2.5691     168.479       0.016     6.31523     4.80999     4.92175     4.65823
      12900   0.0826314           2     218.127     217.742     218.324     2870.91     1506.24     4377.15     2356.06     2454.57    0.774683    -64.3081     37.8817      2142.3     2409.83     2.55849     174.486       0.016      6.4819     5.18843     4.91501     4.65202
      12800    0.109996           2     226.417     218.781      224.76     2885.53     1528.34     4413.88     2356.24     2461.86    0.800145    -64.6256     37.2566     2144.52     2411.35     2.54975     180.468       0.016     5.81898     5.16245     4.90247     4.63599
      12700   0.0562699           2     237.363     219.614     226.999     2894.81     1551.33     4446.14     2357.78     2470.78    0.822553    -65.1785      36.708     2146.68     2413.02     2.54029     183.136       0.016     5.92409     5.13518     4.88406     4.60912
      12600           0           2     242.934      220.51     226.317     2904.28     1575.97     4480.26     2356.26     2472.54    0.842157    -64.4663      36.226     2149.04     2414.87     2.53041     183.038       0.016     6.00831     5.10593     4.85977     4.98122
      12500           0           2     242.934     221.508     226.225     2911.19     1601.45     4512.64     2352.09     2468.29    0.859296    -62.8414     35.8017      2151.3     2416.49     2.52213     183.123       0.016     6.07484      5.0754     4.83327     4.95316
      12400           0           2     242.934     222.603     226.272     2920.15     1624.95      4545.1     2348.62     2464.96    0.874229    -61.6709     35.4274     2153.26     2417.66     2.51515     183.406       0.016     6.12687     5.04578     4.80901      4.9274
      12300           0           2     242.934     223.763     224.978      2922.2     1647.97     4570.17     2345.64     2462.24     0.88717    -60.8955     35.0963     2154.96     2418.46     2.50871     182.624       0.016     6.16804     5.01815     5.18573     4.90346
      12200    0.103863           2     243.038     224.974     222.687     2938.74      1672.3     4611.04      2343.1     2460.09    0.898343    -60.5373     34.8029     2156.51     2419.03     2.50255     180.895       0.016     5.40054     5.79193     5.16201     4.88068
      12100    0.169679           2      253.49     226.141     221.855     2964.29      1698.6     4662.89     2346.52     2469.46    0.907924    -62.7145     34.5423     2158.06     2419.65     2.49539     180.139       0.016     5.42353     5.76549     5.13788     4.85298
      12000    0.234741           2     270.523     227.172     221.861     2998.63     1721.52     4720.15     2352.97     2484.31    0.916093      -65.99     34.3104        2160     2420.89     2.48618     180.138       0.016     5.44036     5.73958     5.11032     4.81488
      11900    0.271802           2     294.034     228.033     222.748     3037.79     1748.05     4785.83     2362.13     2503.83    0.923068    -70.0441     34.1037     2162.53     2423.01     2.47513     180.795       0.016     5.45188     5.71364     5.07808     5.16884
      11800    0.360942           2     321.303     228.724     224.273     3082.95     1774.36     4857.32     2372.27     2524.53    0.929038    -74.0758     33.9194      2165.7     2426.07     2.46266     181.981       0.016     5.45806     5.68707     5.04087     5.11033
      11700    0.139052           2     357.176     229.221     233.414     3140.62     1801.72     4942.34     2386.01     2551.64    0.934136    -78.9115     33.7547     2169.49     2430.06     2.44862     189.002       0.016     5.45651      5.6594     5.79644     5.03913
      11600   0.0928767           2     371.035     216.596     208.217     3179.72     1842.49     5022.21      2390.1     2547.45    0.901777    -77.9248     34.6333     2146.66     2416.52     2.60986     147.153       0.016     6.46013     5.02069     5.09402      5.0074
      11500   0.0316418           2     380.261     212.184      190.29     3210.58     1896.07     5106.65     2391.18     2539.53    0.872591    -78.7522     35.4829     2139.34     2412.76     2.62855       131.3       0.016     6.71042     4.82549     4.80791     5.03559
      11400   0.0362582           2      383.43     211.357     166.295     3229.92     1952.67     5182.59      2389.3     2526.88    0.843263    -80.0786     36.2999     2133.58     2406.82     2.63539     111.628       0.016     6.50837     4.94626      4.8473     5.09081
      11300   0.0382769           2     387.058     211.833      154.96     3242.77     2006.31     5249.08      2388.4     2517.06    0.813011    -82.6651     37.0709     2128.13     2399.78     2.64298     101.102       0.016       6.501     4.99757     4.85183     5.15029
      11200 0.000378293           2     390.848     212.726     150.567      3250.7     2058.44     5309.14     2387.98     2508.93    0.782364    -85.3238     37.7829     2123.34     2393.05     2.65057      97.025       0.016       6.501     4.60023     4.84422     4.80368
      11100           0           2     390.885     213.774     142.632     3263.26     2109.56     5372.83     2385.78     2497.98    0.752451    -86.9748     38.4281      2118.7     2386.33      2.6584     91.0861       0.016       6.501     4.97968     4.83435     4.84034
      11000           0           2     390.885     214.885     133.083     3284.78     2159.48     5444.26     2384.02     2488.67       0.724    -88.7428     39.0042     2114.06     2379.56     2.66622     83.6403       0.016       6.501     4.94911     4.82718     4.87484
      10900           0           2     390.885     216.001     127.619     3297.03     2211.08     5508.11     2382.51     2480.64    0.697304    -90.5934     39.5127     2109.82     2373.27     2.67344     78.9615       0.016       6.501     4.91769     4.82644     4.90895
      10800           0           2     390.885     217.105     124.426     3297.69     2259.52     5557.21     2381.16      2473.6    0.672601    -92.3255     39.9577     2106.02     2367.54     2.68005     76.2838       0.016       6.501     4.89032     4.83152      4.9432
      10700           0           2     390.885     218.196       120.3     3300.04     2307.55      5607.6     2379.89     2467.34    0.649996    -93.9217     40.3448      2102.6     2362.31     2.68616     73.0936       0.016       6.501     4.86924     4.84233     4.97796
      10600           0           2     390.885     219.273     115.776     3306.69     2355.18     5661.87     2378.68     2461.72    0.629481    -95.4778     40.6796     2099.52     2357.49     2.69185     69.4977       0.016       6.501     4.85515     4.85828     4.61146
      10500           0           2     390.885     220.338     113.034     3313.61     2402.34     5715.95      2377.5     2456.66    0.610996     -97.003     40.9683     2096.73     2353.05      2.6972     67.1269       0.016       6.501     4.84797     4.87634     4.63537
      10400           0           2     390.885     221.389     111.319     3321.18     2447.15     5768.34     2376.34     2452.06    0.594412     -98.432     41.2164     2094.19     2348.93     2.70227     65.6545       0.016       6.501     4.84708     4.89624     4.66248
      10300           0           2     390.885     222.425     110.209     3322.17     2489.63      5811.8      2375.2     2447.84    0.579563     -99.751     41.4292     2091.86     2345.09      2.7071     64.6809       0.016       6.501     4.85176       4.919     4.69244
      10200           0           2     390.885     223.449     109.009     3324.04     2531.88     5855.91     2374.05     2443.93    0.566281    -100.963     41.6113     2089.71     2341.49     2.71174     63.7397       0.016       6.501     4.86132     4.94463     4.72465
      10100           0           2     390.885     224.462     106.772     3342.07     2571.11     5913.19     2372.88     2440.25    0.554398     -102.13     41.7671      2087.7     2338.08     2.71622     61.9703       0.016       6.501     4.87514     4.97285     4.75872
      10000           0           2     390.885     225.467     104.199     3353.58     2609.65     5963.23      2371.7     2436.78    0.543756    -103.306     41.9003     2085.81     2334.81     2.72059     59.9171       0.016       6.501     4.89268     4.60312     4.79438
       9900           0           2     390.885     226.465     101.446     3354.27     2647.48     6001.75     2370.51     2433.48    0.534213    -104.509      42.014     2084.01     2331.69     2.72486     57.7013       0.016     6.53094     4.91336     4.62676      4.4223
       9800           0           2     390.885     227.444      98.554     3356.09     2683.78     6039.87     2369.34     2430.39    0.525665     -105.75     42.1111     2082.33     2328.72     2.72901     55.3605       0.016     6.56294     4.93635     4.64818     4.44528
       9700   0.0107213           2     390.896     228.402     95.5522     3361.38     2718.57     6079.95     2368.19     2427.48     0.51799    -107.036     42.1939     2080.74      2325.9     2.73302     52.9143       0.016     6.59479     4.96111     4.67278     4.47063
       9600   0.0131419           2      391.97     229.331     92.4469     3367.25     2751.87     6119.11     2367.62     2425.83    0.511045    -108.579     42.2647     2079.36     2323.35      2.7367     50.3632       0.016     6.62645     4.98745     4.69956     4.49751
       9500           0           2     393.271     230.231     89.2556     3368.69     2783.71      6152.4     2367.08     2424.31    0.504739    -110.167     42.3252      2078.2     2321.11     2.74007      47.721       0.016     6.65781     4.61214      4.7277     4.52527
       9400           0           2     393.271     231.122     86.8588      3384.1     2817.79     6201.89     2365.76      2421.3    0.499056    -111.486     42.3768     2076.97     2318.79     2.74359     45.6328       0.016     6.68875     4.62808     4.75673     4.55464
       9300           0           2     393.271     232.006     84.9208     3398.73     2849.58     6248.32     2364.48     2418.47    0.493912    -112.826      42.421     2075.58     2316.31     2.74727     43.9479       0.016     6.71922     4.64574     4.78653     4.58581
       9200           0           2     393.271      232.88     83.2381     3412.33      2880.4     6292.73     2363.23     2415.78    0.489193    -114.163     42.4588      2074.2     2313.85     2.75088     42.4743       0.016     6.74934     4.66689     4.41433     4.21443
       9100           0           2     393.271     233.739     81.7326     3417.86     2908.67     6326.52     2362.01     2413.23    0.484861    -115.482     42.4911     2072.87     2311.46      2.7544      41.148       0.016     6.77914     4.69037     4.43387     4.23396
       9000           0           2     393.271     234.576     80.3702     3421.23     2933.39     6354.61     2360.85     2410.83    0.480875    -116.777     42.5188     2071.61     2309.19      2.7578     39.9406       0.016     6.20789     4.71523     4.45475     4.25478
       8900           0           2     393.271     235.395     79.1422     3435.25     2958.64      6393.9     2359.71     2408.54    0.477191    -118.042     42.5426     2070.41     2307.01     2.76108     38.8443       0.016     6.23431     4.74106      4.4779     4.27728
       8800           0           2     393.271       236.2     78.0198     3437.71     2982.97     6420.68     2358.61     2406.34    0.473767    -119.274     42.5629     2069.25      2304.9     2.76428     37.8392       0.016     6.26007     4.76766     4.50254     4.30134
       8700    0.109998           2     393.381     236.996     76.9847     3442.81     3006.37     6449.19      2357.6     2404.35    0.470569    -120.497     42.5804     2068.12     2302.84      2.7674     36.9104       0.016     6.28536     4.79487     4.52828      4.3267
       8600     0.10843           2      404.38     237.638     75.8754     3453.02     3029.29     6482.31     2362.41     2413.92    0.467306      -123.8     42.5954     2068.27     2302.42     2.76819     35.8733       0.016     6.31011     4.41699     4.55383     4.34677
       8500    0.107323           2     415.222     238.103     74.7683     3456.89     3051.88     6508.77     2366.19     2421.11    0.464128    -126.521     42.6083     2069.84     2303.85     2.76721       34.79       0.016     6.33322     4.43165     4.57588     4.35924
       8400    0.108626           2     425.955     238.475      74.165     3464.09     3074.71     6538.79     2369.26     2426.66    0.461367    -128.811     42.6195     2071.44     2305.39     2.76618     34.0665       0.016     6.35376     4.44769      4.5937     4.36759
       8300           0           2     436.709     238.793     73.8954     3468.45     3094.21     6562.67     2371.83     2431.07    0.458989    -130.776      42.629     2072.82     2306.72     2.76529      33.636       0.016     6.37169     4.46498     4.20686     4.37339
       8200   0.0928232           2     436.802     239.216     74.0137     3468.53     3113.87      6582.4     2368.27      2423.3    0.457171    -130.431     42.6372     2072.74     2306.25     2.76679     33.5855       0.016     6.38741      4.4824     4.21575     4.38336
       8100           0           2     445.991     239.651     74.2873     3471.58     3133.67     6605.25     2370.15     2426.64    0.455472    -132.097     42.6443      2072.1      2305.1     2.76824     33.6842       0.016     6.40218     4.49945     4.22473     4.39454
       8000   0.0923843           2     446.084      240.12     74.8144     3476.54     3153.28     6629.81     2366.71     2419.45    0.453859     -131.77     42.6505     2071.39     2303.84     2.77027     34.0207       0.016     6.41636     4.51601     4.23361     4.00614
       7900           0           2      455.23     240.563      75.488     3480.77     3172.71     6653.48     2368.64     2423.16    0.452239    -133.382     42.6557     2070.64     2302.56     2.77171     34.4783       0.016     6.43042     4.53215     4.24335      4.0127
       7800           0           2      455.23     241.022      76.412     3482.65     3191.39     6674.04     2365.23     2416.23    0.450705    -132.947     42.6603     2069.95     2301.34     2.77361     35.1689       0.016     6.44424     4.54795     4.25316     4.01902
       7700  0.00864952           2     455.238     241.571     77.5467     3483.13     3210.22     6693.35     2362.37     2410.58     0.44938    -132.689     42.6642     2068.22     2298.81     2.77679     36.0812       0.016      6.4582     4.56353     4.26439     4.03039
       7600           0           2     456.095     242.142     78.8443     3484.66     3228.18     6712.84      2360.3     2406.69    0.447973    -132.695     42.6676      2066.5     2296.28     2.77982     37.1485       0.016     6.47285     4.57913     4.27799     4.04577
       7500           0           2     456.095     242.725     80.2844     3491.44     3245.28     6736.72     2357.97     2402.37    0.446493    -132.543     42.6706     2064.91      2293.9     2.78274     38.3525       0.016     6.48825     4.59505     4.29377     4.06391
       7400           0           2     456.095     243.321     80.7744     3501.38     3261.51     6762.88      2355.9     2398.61    0.444971     -132.43     42.6731     2063.35     2291.54     2.78563     38.8961       0.016     6.50437     4.20912      4.3115     4.08431
       7300           0           2     456.095     243.918     80.7246     3512.59     3278.87     6791.46     2354.02     2395.28    0.443407     -132.38     42.6753      2061.9     2289.31      2.7884     38.9632       0.016     6.52113      4.2188      4.3307     4.10622
       7200           0           2     456.095     244.509     80.3835     3527.41     3297.36     6824.77     2352.31      2392.3    0.441815    -132.393     42.6772     2060.55     2287.22     2.79104     38.7863       0.016     6.53864      4.2271     4.35089     4.12913
       7100   0.0801125           2     456.175     245.093     79.8408     3542.87     3314.56     6857.44     2350.79     2389.69    0.440212    -132.481     42.6788      2059.3     2285.24     2.79355     38.4375       0.016     6.55667       4.236     4.37175     4.15265
       7000   0.0559499           2     464.162     245.563     79.0376     3550.73      3326.6     6877.33     2353.62     2395.67    0.438434    -134.142     42.6803     2059.05     2284.55     2.79429     37.8294       0.016     6.57489     4.24761     4.39238     4.17179
       6900   0.0566273           2     469.758      245.94     78.1116     3558.68     3338.76     6897.44     2354.56     2397.66    0.436673    -135.019     42.6815     2059.65     2284.92     2.79418     37.0853       0.016     6.59238     4.26115     4.00923     4.18614
       6800   0.0779587           2     475.442     246.292     77.1106     3564.91     3355.37     6920.28     2355.37     2399.23    0.435134    -135.798     42.6826     2060.03     2285.06     2.79436     36.2731       0.016     5.80784     4.27568     4.02079     4.19801
       6700   0.0729225           2     483.233     246.594     76.0306     3570.81     3370.87     6941.69     2357.14     2402.62    0.433702    -136.898     42.6835     2060.54      2285.4     2.79419     35.3765       0.016     5.82098     4.29044     4.02976     3.80486
       6600   0.0588901           2     490.511     246.851     74.9269     3577.53     3383.42     6960.96      2358.3     2404.71    0.432395    -137.747     42.6843     2061.19     2285.94     2.79386     34.4458       0.016      5.8325     4.30485     4.03646     3.80717
       6500   0.0657766           2     496.407     247.102     73.8185     3581.47     3397.42     6978.89     2358.53      2404.9    0.431277    -138.248      42.685     2061.54     2286.14     2.79393     33.5116       0.016      5.8426     4.31858     4.04245     3.80882
       6400   0.0651335           2     502.984     247.347     73.0045     3584.91     3411.28     6996.19     2359.07     2405.74    0.430271     -138.88     42.6856     2061.68     2286.09     2.79415     32.7886       0.016     5.85165     4.33148     4.04817     3.81042
       6300   0.0724104           2     509.504     247.577     72.3611     3589.23     3426.65     7015.88     2359.47     2406.31     0.42932    -139.457     42.6861      2061.8     2286.04     2.79433     32.2145       0.016     5.85991     4.34356     4.05352     3.81185
       6200   0.0755381           2     516.748     247.787     71.8153     3601.61     3442.66     7044.27     2360.17     2407.48    0.428406    -140.134     42.6866     2061.96     2286.04     2.79438     31.7165       0.016     5.86751     4.35483     4.05848     3.81294
       6100   0.0787757           2     524.305     247.972     71.3563     3614.89     3459.34     7074.23     2360.89     2408.71    0.427522    -140.803      42.687      2062.2     2286.17     2.79427     31.2862       0.016      5.8745     4.36534     4.06295     3.81361
       6000   0.0821165           2     532.186     248.134     70.9558     3617.35     3476.71     7094.06     2361.65     2410.01    0.426676    -141.464     42.6873     2062.48     2286.36     2.79404     30.9018       0.016     5.88088     4.37511     4.06691     3.81398
       5900   0.0729584           2     540.389     248.273     70.6011      3621.8     3492.13     7113.93     2362.45     2411.37    0.425866    -142.115     42.6876      2062.8     2286.62     2.79371     30.5529       0.016     5.88665     4.38413     4.07037     3.81409
       5800   0.0808505           2     547.693     248.408     70.2995     3632.53     3509.22     7141.75     2362.63     2411.49    0.425117    -142.526     42.6879     2063.01     2286.75     2.79354     30.2519       0.016     5.89185     4.39244     4.07345     3.81456
       5700    0.082201           2     555.779     248.535     70.0294     3633.55     3526.59     7160.14     2363.19      2412.4    0.424398    -143.069     42.6881     2063.14     2286.79     2.79336     29.9789       0.016     5.89659     4.00006     4.07637     3.81507
       5600   0.0829117           2         564     248.646     69.7861     3634.19     3544.09     7178.29     2363.71     2413.26    0.423681    -143.587     42.6883     2063.33     2286.92     2.79307     29.7269       0.016     5.90093     4.00552     4.07902     3.81535
       5500   0.0836852           2     572.292     248.743     69.5695     3643.53     3561.75     7205.28     2364.18        2414    0.422982     -144.07     42.6885     2063.52     2287.06     2.79273     29.4971       0.016     5.90486     4.00917     4.08134     3.81554
       5400   0.0834472           2      580.66     248.827     68.6369     3652.28     3579.35     7231.63      2364.6     2414.67    0.422303    -144.538     42.6886      2063.7      2287.2     2.79237     28.7453       0.016     5.90836     4.01198     4.08332     3.81568
       5300   0.0832471           2     589.005     248.901      67.276     3653.52      3596.9     7250.42     2364.94     2415.17    0.421642    -145.016     42.6887     2063.85     2287.31     2.79201     27.6086       0.016     5.91146     4.01433     4.08502     3.81583
       5200    0.098831           2     597.345     248.966     65.6749     3667.14     3617.73     7284.87     2365.21     2415.56    0.420998    -145.528     42.6888     2063.97     2287.39     2.79166      26.261       0.016      5.9142     4.01642     4.08651     3.81602
       5100   0.0959471           2     607.225     249.006     63.8959     3667.83     3637.93     7305.75     2366.26      2417.5    0.420332    -146.375     42.6889     2064.23     2287.67     2.79099     24.7488       0.016      5.9166     4.01833     4.08772     3.81551
       5000   0.0930943           2     616.817     249.019     61.9716     3673.34     3657.51     7330.84     2366.97     2418.75     0.41967    -147.148      42.689     2064.64     2288.14     2.79014     23.0997       0.016     5.91856     4.02008      4.0884     3.81455
       4900    0.099701           2     626.133     249.026     59.9649     3680.21     3678.48     7358.69     2367.43     2419.48    0.419055    -147.885     42.6891     2064.97     2288.52     2.78939     21.3694       0.016     5.92005     4.02166     4.08872     3.81376
       4800    0.103332           2     636.107     249.021     57.8685     3682.79     3700.21        7383     2368.18     2420.78    0.418456    -148.783     42.6891     2065.28     2288.89     2.78859     19.5537       0.016     5.92115     4.02306     4.08882     3.81288
       4700    0.107043           2     646.444         249     55.7004     3686.21     3722.71     7408.92        2369     2422.23    0.417858    -149.763     42.6892     2065.68     2289.36     2.78763      17.662       0.016     5.92186     4.02427     4.08872     3.81169
       4600   0.0992542           2      657.14     248.961     53.4919     3691.53     3743.55     7435.08     2369.89      2423.8    0.417269    -150.817     42.6892     2066.12     2289.92     2.78656     15.7233       0.016     5.92219     4.02489     4.08865     3.81029
       4500   0.0961048           2     667.062     248.922     51.2395     3698.55     3763.73     7462.27     2370.23     2424.27    0.416717    -151.726     42.6893     2066.49     2290.38     2.78562     13.7408       0.016     5.92214     4.02476     4.08851     3.80927
       4400    0.105673           2     676.682     248.892     49.3293     3706.11     3785.93     7492.05     2370.38     2424.37    0.416199    -152.621     42.6893     2066.67     2290.62     2.78491     12.0007       0.016     5.92182     4.02407     4.08846     3.80885
       4300    0.107789           2     687.252     248.858      47.592     3711.21     3808.58     7519.79     2371.01     2425.47    0.415662    -153.729     42.6894     2066.86     2290.87     2.78409     10.4101       0.016     5.92136     4.02309     4.08849     3.80831
       4200    0.111374           2     698.034     248.809     45.9461      3720.7     3831.97     7552.66     2371.65      2426.6    0.415101    -154.858     42.6894     2067.16     2291.27      2.7831     8.88702       0.016     5.92075     4.02201     4.08835     3.80741
       4100    0.109357           2      709.17     248.748     44.3733     3734.12     3854.92     7589.04     2372.38      2427.9    0.414535     -156.03     42.6894     2067.53     2291.75     2.78201     7.41947       0.016     5.91995     4.02091     4.08798     3.80626
       4000     0.11724           2     720.113     248.681      42.849     3747.86     3879.54      7627.4     2372.91     2428.78    0.413982    -157.133     42.6894     2067.89     2292.22     2.78093     5.98999       0.016     5.91892     4.01982      4.0874     3.80512
       3900     0.12522           2     731.845     248.603     41.3482     3764.31     3905.84     7670.15     2373.79     2430.35    0.413426    -158.369     42.6894     2068.27     2292.74     2.77975     4.57625       0.016     5.91769     4.01877     4.08665     3.80376
       3800    0.118955           2     744.361     248.504     39.8545     3779.17     3930.78     7709.95     2374.95     2432.48    0.412853    -159.706     42.6895     2068.81     2293.46     2.77832     3.16127       0.016     5.91621     4.01773     4.08559     3.80183
       3700    0.118871           2     756.256     248.397     37.7799     3798.08     3955.71     7753.79     2375.61     2433.58    0.412302    -160.866     42.6895     2069.34     2294.17     2.77692       1.362       0.016     5.91443      4.0167      4.0842     4.19995
       3600    0.118768           2     768.144     248.294     34.1494     3814.48     3980.62     7795.09     2376.18     2434.51    0.411783    -162.081     42.6895     2069.75     2294.74     2.77567    -1.72463       0.016     5.91238     4.01565     4.08265     4.19785
       3500    0.127723           2     780.029     248.195     29.8328     3829.97     4007.42     7837.39     2376.69     2435.32    0.411272    -163.412     42.6895     2070.09     2295.22     2.77448    -5.40256       0.016     5.91017     4.01459     4.08089     4.19532
       3400     0.12359           2     792.797     248.088     25.2508     3841.37     4033.33      7874.7      2377.6     2436.95    0.410743    -165.043     42.6895     2070.48     2295.77     2.77316    -9.35308       0.016     5.90786     4.01354     4.07885     4.19202
       3300    0.125778           2     805.159     247.976     20.4151     3843.29     4059.71     7902.99     2378.16     2437.87    0.410213    -166.697     42.6895     2070.91     2296.37     2.77181    -13.5305       0.016     5.90542     4.01249      4.0764     4.18813
       3200    0.127981           2     817.739     247.864     15.9257     3846.33     4086.54     7932.87     2378.78     2438.92    0.409694    -168.514     42.6895     2071.28     2296.91     2.77051    -17.5424       0.016     5.90286     4.01142     4.07365     4.18399
       3100    0.128325           2     830.537     247.749     12.7678     3847.64     4113.44     7961.09     2379.44     2440.05    0.409172    -170.421     42.6895     2071.67     2297.45     2.76918    -20.4764       0.016      5.9002     4.01035     4.07063      4.1795
       3000     0.12867           2      843.37     247.631     10.0945     3851.85     4140.41     7992.27     2380.03     2441.06    0.408649    -172.323     42.6895     2072.05        2298     2.76783    -23.0095       0.016     5.89745     4.00926     4.06737     4.17474
       2900    0.133489           2     856.242     247.512     7.76942     3856.37      4168.4     8024.78     2380.58     2441.98    0.408128    -174.206     42.6895     2072.41     2298.53      2.7665    -25.2552       0.016     5.89461     4.00819     4.06392     4.16984
       2800    0.133183           2      869.59     247.389     5.68602     3861.14     4196.31     8057.45     2381.32     2443.29    0.407599    -176.139     42.6895      2072.8     2299.09     2.76511    -27.2985       0.016      5.8917     4.00721     4.06031     4.16461
       2700    0.150752           2     882.926      247.26     3.60181     3863.49     4227.95     8091.44     2381.96     2444.39    0.407066    -178.015     42.6895     2073.22     2299.69     2.76367    -29.3095       0.016      5.8887       4.006     4.05666      4.1591
       2600    0.128094           2     897.979     247.108      1.1621     3875.16     4254.74      8129.9     2383.45     2447.17    0.406503     -180.17     42.6895     2073.81     2300.51     2.76191    -31.6165       0.016     5.88558     4.00483     4.05277     4.15252
       2500    0.147535           2     910.808     246.961    -1.35874     3875.72     4285.68     8161.41     2383.54     2447.13     0.40598    -181.843     42.6895     2074.33     2301.25     2.76037    -33.9896       0.016     5.88223     4.00365     4.04845       4.146
       2400     0.14694           2     925.561     246.813    -3.91937      3878.1     4316.47     8194.57     2384.69     2449.24    0.405467    -183.906     42.6895     2074.75     2301.88     2.75881    -36.4011       0.016     5.87874     4.00244      4.0441     4.13949
       2300    0.145657           2     940.253     246.649    -6.51442     3878.32     4346.97     8225.29     2385.65     2450.94    0.404927     -185.91     42.6895     2075.35     2302.72     2.75704    -38.8465       0.016     5.87512      4.0012     4.03945     4.13224
       2200    0.144355           2     954.818     246.483    -8.96622     3884.79     4377.19     8261.98     2386.43     2452.27    0.404405    -187.864     42.6895     2075.91     2303.52     2.75532     -41.203       0.016     5.87132     4.39991      4.0345     4.12481
       2100    0.145613           2     969.254      246.32    -10.9997      3885.3     4407.67     8292.97     2387.05     2453.31      0.4039    -189.763     42.6895     2076.39     2304.22      2.7537    -43.2139       0.016     5.86736       4.398     4.02939     4.11751
       2000    0.146876           2     983.817     246.159    -12.8577     3885.55     4438.41     8323.96     2387.69     2454.37    0.403397    -191.652     42.6896     2076.81     2304.86     2.75211    -45.0742       0.016     5.86331      4.3953     4.02423     4.11039
       1900     0.15066           2     998.508     245.997    -14.5817     3886.25     4469.95      8356.2     2388.32     2455.44    0.402887     -193.52     42.6896     2077.23     2305.49     2.75053    -46.8198       0.016     5.85919     4.39201     4.01903     4.10334
       1800    0.152143           2     1013.58      245.83    -16.2056     3886.42     4501.78      8388.2      2389.1      2456.8    0.402362    -195.408     42.6896     2077.68     2306.16     2.74887    -48.4785       0.016       5.855     4.38826     4.01376     4.09616
       1700    0.157542           2      1028.8     245.655     -17.848     3887.77     4534.75     8422.52     2389.86     2458.14    0.401828    -197.263     42.6896     2078.16     2306.88     2.74716     -50.132       0.016     5.85072     4.38414     4.00834     4.08875
       1600    0.166311           2     1044.56      245.47    -19.6877     3889.34     4569.57     8458.91     2390.84     2459.89    0.401284    -199.164     42.6896      2078.7     2307.67     2.74533    -51.9455       0.016     5.84632      4.3797     4.00271     4.08093
       1500    0.159231           2     1061.18     245.264    -21.5943     3891.49     4602.85     8494.34     2392.16     2462.31    0.400723    -201.161     42.6896     2079.37     2308.65     2.74327    -53.8182       0.016     5.84172     4.37497     4.39652     4.07224
       1400    0.152766           2      1077.1     245.051    -23.5371     3893.28     4634.75     8528.03     2392.93     2463.61    0.400184    -202.958     42.6896     2080.05     2309.63     2.74124     -55.719       0.016     5.83685     4.36994     4.38953     4.06315
       1300    0.157407           2     1092.38     244.849    -25.4911     3898.99     4667.64     8566.63      2393.3     2464.12     0.39969    -204.617     42.6896     2080.52     2310.36     2.73949    -57.6232       0.016     5.83173     4.36459     4.38226     4.05456
       1200    0.162043           2     1108.13     244.653    -27.1624     3916.59      4701.5     8618.09     2393.91     2465.13    0.399197    -206.361     42.6896      2080.9     2310.98     2.73781    -59.3402       0.016     5.82651     4.35894     4.37501     4.04632
       1100    0.166362           2     1124.33      244.45    -28.0736     3931.23     4736.26     8667.49      2394.7     2466.54    0.398677    -208.132     42.6896     2081.35     2311.69     2.73599     -60.431       0.016     5.82124     4.35307     4.36776     4.03789
       1000    0.170087           2     1140.97     244.235    -28.6526     3943.88     4771.79     8715.67     2395.65     2468.24    0.398138    -209.881     42.6896      2081.9     2312.52     2.73402    -61.2383       0.016     5.81587     4.34699     4.36034     4.02899
        900    0.170731           2     1157.98     244.006    -28.8714     3957.06     4807.43     8764.49     2396.68     2470.11    0.397593    -211.574     42.6896     2082.52     2313.46     2.73192    -61.7499       0.016     5.81036     4.34071     4.35261      4.0195
        800    0.189166           2     1175.08     243.768    -28.8183     3971.59     4846.98     8818.58     2397.65     2471.82    0.397053    -213.146     42.6896     2083.18     2314.44     2.72978    -62.0209       0.016     5.80463     4.33423     4.34476      4.0117
        700    0.194131           2        1194     243.502    -28.4585     3984.03     4887.55     8871.58     2399.49     2475.24     0.39648    -214.901     42.6896     2084.01     2315.65     2.72729    -62.0505       0.016     6.59853     4.32754     4.33752     4.00581
        600    0.182143           2      1213.4     243.203    -27.6341     4006.47     4925.52     8931.99     2401.32     2478.61    0.395882    -216.525     42.6896     2085.08     2317.18     2.72446    -61.6904       0.016     6.59142     4.32064     4.33059     4.00023
        500    0.181065           2     1231.61     242.904    -26.5051     4029.48     4963.26     8992.74     2402.28     2480.19    0.395334    -217.731     42.6896     2086.03     2318.56     2.72185    -61.0572       0.016     6.58358     4.31348     4.32368     4.39404
        400    0.192223           2     1249.73     242.621    -25.0472     4064.98     5003.37     9068.35      2403.1     2481.51    0.394834    -218.773     42.6896     2086.72     2319.62     2.71954    -60.1343       0.016     6.57526     4.30603     4.31647      4.3868
        300    0.170197           2     1268.93     242.333    -23.3394     4089.85     5038.76     9128.61     2404.42     2483.85    0.394315    -219.855     42.6896     2087.42      2320.7     2.71712    -58.9835       0.016     6.56668     4.29828     4.30883     4.37829
        200    0.169343           2     1285.95     242.063    -21.1107     4121.56     5073.99     9195.55     2404.41     2483.55    0.393825    -220.376     42.6896     2087.95     2321.57     2.71504    -57.4218       0.016      6.5579     4.29032     4.30071     4.36981
        100     0.19005           2      1302.9     241.825    -17.9459     4138.44     5113.62     9252.06     2404.43     2483.39    0.393362    -220.768     42.6896     2088.15     2322.02     2.71335    -55.0571       0.016     6.54914     4.28221     4.29278     4.36232
          0     0.19141           2     1321.91     241.576    -14.2989     4142.31      5153.5     9295.81     2405.59     2485.54    0.392821     -221.35     42.6896     2088.51     2322.67     2.71131    -52.2678       0.016     6.54061     4.27371     4.28525     4.35423