      20000           0         0.1           0     179.437      354.04     78.9895     14.2831     93.2726     2343.43     2426.93    0.785391      6.5598     39.9574     2049.96      2345.7     2.72671     271.433       0.016     5.73044     4.59858     4.35318     4.39114
      19900           0         0.1           0     179.437      353.13     151.419     29.7361     181.156     2343.43     2426.93    0.785563     6.43382     39.9574     2049.96      2345.7     2.72686     270.633       0.016     5.73044     4.59858     4.35318     4.39114
      19800           0         0.1           0     179.437     352.506     228.894     46.3592     275.253     2343.43     2426.93    0.785735     6.30822     39.9574     2049.96      2345.7     2.72701     270.044       0.016     5.73044     4.59858     4.35318     4.39114
      19700           0         0.1           0     179.437     352.255     299.319     60.5222     359.841     2343.43     2426.93    0.785907     6.19879     39.9574     2049.96      2345.7     2.72716     269.745       0.016     5.73044     4.59858     4.35318     4.39114
      19600           0         0.1           0     179.437      352.29     351.209     72.5053     423.714     2343.43     2426.93    0.786079     6.12087     39.9574     2049.96      2345.7     2.72731     269.689       0.016     5.73044     4.59858     4.35318     4.39114
      19500           0         0.1           0     179.437     350.597     414.692     82.0183      496.71     2343.43     2426.93    0.786251     6.05158     39.9574     2049.96      2345.7     2.72746     268.519       0.016     5.73044     4.59858     4.35318     4.39114
      19400           0         0.1           0     179.437     347.879     487.353     94.1014     581.454     2343.43     2426.93    0.786423     5.90477     39.9574     2049.96      2345.7     2.72761     266.477       0.016     5.73044     4.59858     4.35318     4.39114
      19300           0         0.1           0     179.437     345.374     558.279     106.214     664.494     2343.43     2426.93    0.786595     5.65656     39.9574     2049.96      2345.7     2.72775     264.481       0.016     5.73044     4.59858     4.35318     4.39114
      19200           0         0.1           0     179.437     342.873     620.606     118.358     738.963     2343.43     2426.93    0.786767     5.32496     39.9574     2049.96      2345.7      2.7279     262.498       0.016     5.73044     4.59858     4.35318     4.39114
      19100           0         0.1           0     179.437      342.02     681.386     130.011     811.397     2343.43     2426.93    0.786938     4.94128     39.9574     2049.96      2345.7     2.72805     261.588       0.016     5.73044     4.59858     4.35318     4.39114
      19000           0         0.1           0     179.437     342.156      741.53     142.474     884.004     2343.43     2426.93     0.78711     4.58749     39.9574     2049.96      2345.7      2.7282     261.511       0.016     5.73044     4.59858     4.35318     4.39114
      18900           0         0.1           0     179.437     340.553     800.577     155.747     956.323     2343.43     2426.93    0.787281     4.26219     39.9574     2049.96      2345.7     2.72835      260.36       0.016     5.73044     4.59858     4.35318     4.39114
      18800           0         0.1           0     179.437     337.986     870.831      166.28     1037.11     2343.43     2426.93    0.787452     3.87637     39.9574     2049.96      2345.7      2.7285     258.368       0.016     5.73044     4.59858     4.35318     4.39114
      18700           0         0.1           0     179.437      336.21     952.601     178.113     1130.71     2343.43     2426.93    0.787624     3.41716     39.9574     2049.96      2345.7     2.72864     256.824       0.016     5.73044     4.59858     4.35318     4.39114
      18600           0         0.1           0     179.437     334.818     1047.59     192.576     1240.17     2343.43     2426.93    0.787795     2.92873     39.9574     2049.96      2345.7     2.72879     255.619       0.016     5.73044     4.59858     4.35318     4.39114
      18500           0         0.1           0     179.437     333.482     1150.05     201.259     1351.31     2343.43     2426.93    0.787966     2.42444     39.9574     2049.96      2345.7     2.72894     254.469       0.016     5.73044     4.59858     4.35318     4.39114
      18400           0         0.1           0     179.437     332.205     1219.19     209.492     1428.69     2343.43     2426.93    0.788137      1.9065     39.9574     2049.96      2345.7     2.72909     253.357       0.016     5.73044     4.59858     4.35318     4.39114
      18300           0         0.1           0     179.437     329.228      1275.7     218.075     1493.77     2343.43     2426.93    0.788308     1.34924     39.9574     2049.96      2345.7     2.72924     251.114       0.016     5.73044     4.59858     4.35318     4.39114
      18200           0         0.1           0     179.437       325.2      1360.8     226.658     1587.45     2343.43     2426.93    0.788478    0.672723     39.9574     2049.96      2345.7     2.72938      247.97       0.016     5.73044     4.59858     4.35318     4.39114
      18100           0         0.1           0     179.437     321.768     1469.79     234.714      1704.5     2343.43     2426.93    0.788649   -0.137283     39.9574     2049.96      2345.7     2.72953      245.11       0.016     5.73044     4.59858     4.35318     4.39114
      18000           0         0.1           0     179.437     318.559     1574.09     243.331     1817.42     2343.43     2426.93     0.78882    -1.04056     39.9574     2049.96      2345.7     2.72968     242.443       0.016     5.73044     4.59858     4.35318     4.39114
      17900           0         0.1           0     179.437      317.64     1670.99     253.364     1924.35     2343.43     2426.93     0.78899    -1.98653     39.9574     2049.96      2345.7     2.72983     241.293       0.016     5.73044     4.59858     4.35318     4.39114
      17800           0         0.1           0     179.437     318.134        1766     264.257     2030.25     2343.43     2426.93    0.789161    -2.86227     39.9574     2049.96      2345.7     2.72997     241.331       0.016     5.73044     4.59858     4.35318     4.39114
      17700           0         0.1           0     179.437     316.312     1860.47      274.54     2135.01     2343.43     2426.93    0.789331    -3.66765     39.9574     2049.96      2345.7     2.73012     239.957       0.016     5.73044     4.59858     4.35318     4.39114
      17600           0         0.1           0     179.437     313.229     1943.92     288.828     2232.75     2343.43     2426.93    0.789502    -4.52282     39.9574     2049.96      2345.7     2.73027     237.487       0.016     5.73044     4.59858     4.35318     4.39114
      17500           0         0.1           0     179.437     313.298     2011.35     302.776     2314.12     2343.43     2426.93    0.789672    -5.41147     39.9574     2049.96      2345.7     2.73042     237.026       0.016     5.73044     4.59858     4.35318     4.39114
      17400           0         0.1           0     182.115     344.137     2042.72     312.444     2355.16     2337.81     2427.24    0.817182    -7.03503     39.0482     2090.19     2390.75     2.64272     282.715       0.016      5.7211     4.59193      4.3525     4.39344
      17300           0         0.1           0     182.934     353.815     2073.54     322.233     2395.78     2333.75     2428.42    0.848489    -7.23612     38.2531     2099.33     2400.72     2.62299     291.111       0.016     5.71793     4.58375     4.34297     4.38361
      17200           0         0.1           0      183.39     359.881     2096.59     335.928     2432.52     2330.58     2429.87    0.876868    -7.02974     37.5586     2103.93      2405.7     2.61341     296.236       0.016     5.72125     4.57463     4.32783     4.36492
      17100           0         0.1           0     183.841     363.835     2099.91     350.717     2450.63     2328.02     2431.38    0.901834    -6.64495     36.9519     2107.52     2409.45     2.60581     299.608       0.016     5.72871     4.56346     4.30774     4.33998
      17000           0         0.1           0     184.395     366.328     2106.32     368.422     2474.74     2325.94     2432.88    0.923629    -6.19849      36.422     2110.68     2412.53     2.59894     301.804       0.016     5.73799     4.54879     4.28324     4.31057
      16900           0         0.1           0     185.076     363.157     2119.69     386.971     2506.66     2324.24     2434.34    0.942573    -5.83044     35.9588     2113.56      2415.1     2.59263     299.792       0.016     5.74731     4.52873     4.25519     4.27796
      16800           0         0.1           0     185.879      356.08     2132.94     406.282     2539.22     2322.88     2435.75     0.95898    -5.80695     35.5537     2116.22     2417.24     2.58687      294.26       0.016     5.75543     4.50524     4.22418     4.24311
      16700           0         0.1           0     186.789     347.713     2143.96     427.383     2571.34      2321.8     2437.11     0.97314    -6.22983      35.199      2118.7     2419.03     2.58162     287.424       0.016     5.76158     4.47861      4.5905     4.20736
      16600           0         0.1           0     187.792     338.163     2156.83      452.74     2609.57     2320.95     2438.38    0.985304    -7.09448     34.8882     2121.04     2420.52     2.57681     279.594       0.016     5.76538     4.44944     4.55473     4.57412
      16500           0         0.1           0     188.875     339.172     2164.82     472.218     2637.03      2320.3     2439.58    0.995708    -8.20911     34.6155     2123.26     2421.76      2.5724     279.344       0.016      5.7667     4.41878      4.5183     4.53859
      16400   0.0650992         0.1   0.0650992     190.027      347.24     2171.37     496.159     2667.52     2319.86     2440.71     1.00457    -8.99678      34.376     2125.37     2422.79     2.56833     285.676       0.016     5.76561     4.78854     4.48125     4.50183
      16300    0.111952         0.1     6.62188     191.304     352.195     2187.86     517.371     2705.23     2323.04     2442.12     1.01208    -10.7658     34.1655     2127.47     2423.66     2.56501     290.397       0.016     5.76229     4.75452     4.44477     4.46766
      16200   0.0757817         0.1     17.7809      192.77     355.474     2209.41     544.046     2753.46      2328.1     2443.66     1.01845    -13.0103     33.9801     2129.66     2424.39     2.56295     293.462       0.016     5.75703     4.71896     4.41058     4.43971
      16100  0.00980379         0.1     25.2931     194.359     346.994     2227.27     573.424     2800.69     2330.29     2444.87     1.02387    -13.9859     33.8167     2131.89     2425.03     2.56152     287.818       0.016     5.75022     4.68286     4.77856     4.41562
      16000           0         0.1     26.2637     195.935     330.625     2235.13     601.192     2836.33     2328.68     2445.63     1.02837    -13.9178     33.6725     2134.02     2425.58     2.55953     274.857       0.016      5.7423     4.64732     4.74826     4.79356
      15900           0         0.1     26.2637     197.453     322.277      2238.1     627.592     2865.69     2327.04     2446.31       1.032    -14.4656     33.5449     2135.98     2426.02     2.55679     267.071       0.016     5.73356     4.61373     4.71876     4.76755
      15800    0.022163         0.1     26.2858     198.937     318.772     2244.13     651.016     2895.15     2325.87     2446.95     1.03483    -15.3367      33.432     2137.82     2426.38     2.55376     263.941       0.016     5.72417     4.98321     4.68871     4.73834
      15700   0.0325664         0.1     28.5126     200.429     316.459     2250.89     674.097     2924.99     2326.22     2447.68     1.03699    -16.7861     33.3317      2139.6     2426.68      2.5508     262.009       0.016     5.71423     4.95046     4.65856     4.70872
      15600   0.0368967         0.1     31.7735     201.957     315.173      2259.1       694.9        2954     2327.16     2448.41     1.03858    -18.3697     33.2426     2141.37     2426.93      2.5481     260.919       0.016     5.70378     4.91769     4.62894     4.68053
      15500   0.0345276         0.1     35.4608     203.519     313.125     2267.29      714.91      2982.2     2328.23     2449.12     1.03968    -19.8882     33.1631     2143.13     2427.15     2.54556     259.393       0.016     5.69311     4.88527     4.60038      4.6541
      15400   0.0729016         0.1      38.952     205.104     310.686     2280.34     733.811     3014.15      2329.1     2449.76     1.04036    -21.2514     33.0921     2144.89     2427.36     2.54303     257.473       0.016     5.68241     4.85373     4.97165     4.62908
      15300     0.12741         0.1     46.2966     206.742     309.795     2301.45     754.386     3055.84     2331.97     2450.58     1.04067     -23.383     33.0283     2146.67     2427.55     2.54071     256.701       0.016     5.67175     4.82355     4.94423     4.60798
      15200     0.16839         0.1     59.0786     208.502     309.876     2323.44     773.957     3097.39     2337.28     2451.59     1.04067    -26.3885     32.9709     2148.57     2427.76     2.53907      256.87       0.016     5.66128     5.19722     4.92045     4.99628
      15100    0.244561         0.1     75.9937     210.425     316.119     2354.21     792.305     3146.51     2343.87      2452.7     1.04044    -29.6451      32.919     2150.63     2427.99     2.53828     261.777       0.016     5.65131     5.17185     4.90176     4.99112
      15000    0.310966         0.1     100.516     212.565     326.552     2398.71     809.042     3207.75     2353.36     2454.08     1.04005    -33.5166     32.8718      2152.9     2428.25     2.53847     270.651       0.016      5.6422     5.14635     4.88885     4.99478
      14900    0.363745         0.1     131.666     214.975     334.374     2453.54     822.714     3276.26      2364.7     2455.64     1.03957     -37.503     32.8288     2155.44     2428.56     2.53988     278.011       0.016     5.63434     5.12225     4.88277     4.60851
      14800    0.340757         0.1     168.017     217.665     340.691     2519.17     834.328      3353.5     2376.83     2457.31     1.03905    -41.3625     32.7892     2158.26     2428.94     2.54231     283.958       0.016     5.62815     5.10123     4.88355     4.62906
      14700           0         0.1     201.752     220.496     331.356     2577.52     842.827     3420.35     2385.45     2458.66     1.03853     -43.717     32.7525     2161.23     2429.38     2.54552     278.011       0.016     5.62415     5.08402     4.89114     4.65752
      14600           0         0.1     201.752     214.353     262.569     2595.06     864.314     3459.37     2378.64     2457.76     1.01087    -39.5239     33.7363     2121.99     2389.46     2.71578     199.251       0.016     6.52751     4.85121      4.6464     4.69882
      14500           0         0.1     201.752     212.631     235.665     2596.17     891.031      3487.2     2374.13     2456.49    0.974849    -40.6623     34.6823     2115.45     2383.58     2.73951     173.858       0.016     6.76412     4.66971     4.40421     4.77044
      14400           0         0.1     201.752     213.028     219.067      2602.7     919.357     3522.06     2371.71     2455.24    0.937507    -43.6309     35.5885     2111.79     2378.78     2.74661     158.968       0.016     6.57799     4.41287     4.47752     4.44083
      14300           0         0.1     201.752     214.144     204.783      2612.2     944.363     3556.57      2370.8     2454.01    0.899305    -47.0773     36.4418     2108.95     2374.17     2.75226     147.122       0.016       6.501       4.474      4.5025     4.49478
      14200           0         0.1     201.752     215.436     192.611     2628.45     967.479     3595.93     2370.86     2452.74    0.861399    -50.5167     37.2291     2106.47     2369.81     2.75765     137.169       0.016       6.501     4.49261     4.50404     4.53525
      14100           0         0.1     201.752     216.722     186.034     2645.29      989.09     3634.38     2371.49     2451.39    0.824868    -53.6733     37.9427     2104.23     2365.75     2.76276      131.45       0.016       6.501     4.48759     4.49706     4.56382
      14000           0         0.1     201.752     217.952     182.974     2671.41     1008.12     3679.54     2372.39     2449.96    0.790486    -56.3121     38.5803     2102.18     2361.98     2.76754     128.783       0.016       6.501     4.47208     4.48883     4.58408
      13900           0         0.1     201.752     219.117     177.957     2702.77     1029.58     3732.35     2373.38     2448.44    0.758708    -58.4633     39.1438     2100.28     2358.49     2.77204     125.033       0.016       6.501     4.45402     4.48259     4.59952
      13800           0         0.1     201.752     220.222     172.087     2725.39     1047.87     3773.25     2374.35     2446.86    0.729736    -60.3565     39.6376     2098.52     2355.23      2.7763     120.452       0.016       6.501     4.43769     4.47926     4.20929
      13700           0         0.1     201.752     221.274     167.804      2763.9     1067.95     3831.85     2375.22     2445.24    0.703603    -62.0816     40.0676     2096.88     2352.19     2.78036     116.939       0.016       6.501     4.42549     4.47824     4.21522
      13600           0         0.1     201.752     222.279     164.413     2795.16     1086.87     3882.03     2375.97     2443.61    0.680214    -63.6324     40.4403     2095.36     2349.34     2.78423     114.202       0.016     6.50388     4.42086     4.47963     4.22038
      13500           0         0.1     201.752     223.245     167.598      2826.8     1099.46     3926.26     2376.58     2441.97    0.659395    -64.9304     40.7621     2093.93     2346.65     2.78795      116.17       0.016     6.53014     4.42104     4.48391     4.22783
      13400           0         0.1     201.752     224.175     174.785     2857.11     1114.32     3971.43     2377.03     2440.31    0.640932    -65.7066     41.0391     2092.59     2344.11     2.79155     121.657       0.016     6.55709     4.42406     4.49148     4.23817
      13300           0         0.1     201.752     225.072     171.816     2888.03     1126.11     4014.14     2377.33     2438.64    0.624598    -66.0993      41.277     2091.32     2341.69     2.79504     120.281       0.016     6.58434     4.42905     4.50216     4.25115
      13200           0         0.1     201.752     228.619     192.633     2901.75     1137.41     4039.15     2370.21     2437.04    0.662421    -66.5472     40.2965     2128.76     2382.32     2.68081     152.901       0.016     6.29492     4.43464      4.5264     4.26922
      13100           0         0.1     201.752     230.854     199.234     2909.46     1142.42     4051.88     2364.45     2436.29    0.701105    -65.9515     39.3976     2137.92     2390.94     2.65051     159.303       0.016     6.55055     4.43237     4.54115     4.27855
      13000           0         0.1     201.752     232.652     205.116     2925.22     1148.25     4073.47     2359.57     2435.85    0.736063    -64.9792     38.5929     2142.43      2394.5     2.63472     165.136       0.016     5.95267     4.41734     4.54085      4.2787
      12900   0.0375272         0.1      201.79      234.09     211.398     2925.84     1152.87     4078.71     2355.42     2435.56    0.766936    -63.8342     37.8817     2145.52     2396.74     2.62325     171.039       0.016     6.11485     4.79465     4.53057     4.27016
      12800   0.0651504         0.1      205.57     235.216     217.735     2933.43     1158.53     4091.97     2353.84     2435.57    0.794121    -63.3727     37.2566     2147.87     2398.42     2.61476     176.949       0.016     5.44417     4.76682     4.51522     4.25643
      12700   0.0104235         0.1      212.03     236.317     219.953     2935.66     1164.82     4100.48     2353.79     2435.77    0.818109    -63.3352      36.708     2149.93     2399.79     2.60754     179.602       0.016     5.54291     4.73719     4.49775     4.24142
      12600           0         0.1     213.062     237.538     219.276     2952.18     1172.43     4124.61     2350.68     2435.72    0.839104    -62.1587      36.226     2151.93     2400.99     2.59977     179.514       0.016     5.62058     4.70565     4.47769     4.22325
      12500           0         0.1     213.062     238.761     219.129     2966.18     1180.66     4146.84     2347.54     2435.68    0.857377    -61.1289     35.8017     2153.83     2402.06     2.59172     179.569       0.016     5.68089      4.6733     4.45504     4.20229
      12400           0         0.1     213.062     239.979     219.109      2982.3     1186.78     4169.08     2344.94     2435.71    0.873236    -60.4212     35.4274     2155.66     2403.06     2.58375      179.78       0.016     5.72735     4.64189      4.4326     4.57999
      12300           0         0.1     213.062     241.202     217.774     2987.46     1192.36     4179.82     2342.78     2435.78    0.886991    -60.0034     35.0963     2157.42     2403.99     2.57598     178.919       0.016     5.76369     4.61365     4.41048     4.55458
      12200   0.0568717         0.1     213.119     242.439     215.457     2996.77     1199.23        4196     2341.01     2435.89    0.898911    -59.9114     34.8029     2159.14     2404.86      2.5684     177.114       0.016      5.7919      4.9872     4.78725     4.52778
      12100    0.123258         0.1     218.873     243.757      214.59     3015.06     1207.91     4222.97     2342.59     2436.35    0.909234    -61.3087     34.5423     2160.88     2405.68     2.56138     176.322       0.016     5.01238     4.96057     4.76224     4.50288
      12000    0.188168         0.1     231.263     245.258     214.532     3042.07     1212.75     4254.82     2347.35     2437.15     0.91821    -64.0124     34.3104     2162.75      2406.5     2.55547     176.317       0.016     5.02652     4.93431     4.73834     4.48411
      11900    0.223797         0.1     250.116     247.012     215.252     3073.73     1220.29     4294.02     2354.61     2438.23    0.926055     -67.667     34.1037     2164.81     2407.33     2.55078     176.957       0.016      5.0361     4.90874     4.71835     4.47425
      11800     0.31059         0.1     272.582     249.033      216.49     3111.11      1226.3     4337.42     2362.39     2439.41    0.932934    -71.4246     33.9194     2167.09     2408.17     2.54706     178.089       0.016     5.04235     4.88453     4.70443     4.47372
      11700     0.10263         0.1     303.433     251.369     224.981     3160.35     1231.51     4391.86     2373.21     2440.93    0.938963    -76.0964     33.7547      2169.6     2409.04     2.54434     184.942       0.016     5.04642     4.86307     4.69707     4.48414
      11600   0.0552541         0.1     313.649     240.241     199.169      3190.4     1248.64     4439.04     2375.46     2440.88     0.91311    -75.2334     34.6333     2127.21     2369.38     2.73735     144.965       0.016      6.0802     4.62546     4.44072     4.51456
      11500           0         0.1     319.119     236.629     181.335      3212.3     1277.77     4490.07     2375.08      2440.1    0.881277    -76.0312     35.4829     2120.03     2364.32     2.76446     129.333       0.016     6.57191     4.44098     4.59738      4.5872
      11400           0         0.1     319.119       236.3     157.749     3223.09     1309.43     4532.52     2372.79     2439.03    0.848318    -77.3667     36.2999     2116.25     2360.19     2.77103     109.768       0.016     6.40421     4.57993     4.27181      4.2583
      11300 0.000837627         0.1      319.12     237.101     146.544     3227.53      1337.8     4565.34      2371.9     2438.02    0.814239    -79.7947     37.0709     2113.46     2356.16     2.77529      99.342       0.016     6.31618      4.2418      4.2978     4.31535
      11200           0         0.1     319.203     238.246     142.264     3227.91     1364.41     4592.32     2371.96     2436.97    0.780105     -82.264     37.7829     2111.13     2352.33      2.7794     95.3629       0.016      6.2724     4.25613     4.30016     4.35767
      11100           0         0.1     319.203      239.45     134.572     3248.53     1389.86     4638.39      2372.5     2435.86       0.747    -84.4655     38.4281     2109.06     2348.78     2.78335     89.4464       0.016     6.25471     4.24733      4.2933     4.38696
      11000           0         0.1     319.203     240.619     125.268     3277.86     1414.04      4691.9     2373.32     2434.68    0.715717    -86.6267     39.0042      2107.2     2345.51     2.78706     81.9866       0.016     6.25288     4.22831     4.28438      4.0059
      10900           0         0.1     319.203     241.731     119.912     3297.82     1439.91     4737.73     2374.25     2433.46    0.686747    -88.7534     39.5127      2105.5      2342.5     2.79056     77.2868       0.016     6.26081     4.21047     4.27567     4.01399
      10800           0         0.1     319.203     242.789     116.797     3306.11     1462.67     4768.78     2375.18     2432.21    0.660324    -90.6814     39.9577     2103.95     2339.71     2.79384     74.5808       0.016     6.27478     4.20042     4.26833     4.01771
      10700           0         0.1     319.203     243.801      112.79     3315.97     1485.09     4801.07     2376.05     2430.94     0.63649    -92.4193     40.3448     2102.53     2337.13     2.79695     71.3585       0.016     6.29254     4.59332     4.26357     4.02065
      10600           0         0.1     319.203      244.77     108.388     3330.01     1507.22     4837.23      2376.8     2429.64    0.615166    -94.0802     40.6796     2101.21     2334.72     2.79993     67.7313       0.016      6.3126     4.58797     4.26201     4.02505
      10500           0         0.1     319.203     245.699     105.708     3344.25     1529.02     4873.28     2377.42     2428.33    0.596201    -95.6864     40.9683     2099.98     2332.46     2.80279     65.3252       0.016     6.33399     4.58527     4.26372     4.03131
      10400           0         0.1     319.203     246.589      104.04     3359.11     1548.63     4907.74      2377.9     2426.99    0.579406    -97.1815     41.2164     2098.83     2330.31     2.80555     63.8138       0.016     6.35606     4.58547     4.26848     4.03956
      10300           0         0.1     319.203     247.446     102.958     3367.35     1566.09     4933.43     2378.24     2425.63    0.564576    -98.5569     41.4292     2097.73     2328.27     2.80821     62.7939       0.016      6.3784     4.58854     4.27598     4.04979
      10200           0         0.1     319.203     248.272     101.797     3376.42     1583.52     4959.94     2378.44     2424.24    0.551504     -99.819     41.6113     2096.68     2326.32      2.8108     61.8045       0.016     6.40078     4.59427     4.28589      4.0619
      10100   0.0668009         0.1      319.27     249.072      99.626     3401.61     1598.14     4999.75     2378.55     2422.85     0.53999    -101.048     41.7671     2095.67     2324.44     2.81331      59.991       0.016     6.42304     4.20218     4.29792     4.07576
      10000   0.0633508         0.1     325.946     249.963     97.0087      3420.3     1612.18     5032.48        2382     2421.79    0.529872    -103.589     41.9003     2094.81     2322.67     2.81659     57.7953       0.016     6.44522     4.20985     4.31225     4.09433
       9900   0.0597708         0.1     332.278      250.96     94.1448     3428.29     1625.52     5053.82     2384.35     2420.63    0.521029    -105.786      42.014     2094.12     2321.01     2.82047     55.3818       0.016     6.46786     4.21763     4.32999      4.1183
       9800   0.0521286         0.1     338.247     251.984     91.1264     3437.54     1637.28     5074.82     2385.87      2419.4    0.513259    -107.746     42.1111     2093.49      2319.4     2.82423     52.8354       0.016     6.49122     4.22614     4.35098     4.14538
       9700   0.0446516         0.1     343.453     252.996     88.0039     3439.79     1647.47     5087.27     2386.57     2418.08    0.506377    -109.467     42.1939     2092.87     2317.82     2.82771     50.1942       0.016     6.51525     4.23562     4.37446      4.1741
       9600   0.0373847         0.1     347.911     253.977     84.8127     3441.56     1656.13     5097.69     2386.63     2416.71    0.500232    -111.024     42.2647     2092.24     2316.26     2.83086     47.4863       0.016     6.54007     4.24614     4.39959     3.80315
       9500    0.030371         0.1     351.642     254.917      81.572      3447.8     1663.28     5111.08     2386.23     2415.32    0.494715    -112.472     42.3252     2091.61     2314.73      2.8337     44.7265       0.016      6.5655     4.25836     4.02059     3.82348
       9400   0.0412084         0.1      354.69     255.806     79.1079     3470.96     1672.68     5143.63      2385.5     2413.94    0.489748    -113.839     42.3768     2090.97     2313.25     2.83626      42.522       0.016     6.59101     4.27338     4.03721     3.84131
       9300    0.030405         0.1       358.8     256.669      77.078     3493.43     1679.81     5173.24     2385.43     2412.67    0.485261    -115.449      42.421     2090.39     2311.86     2.83875     40.6995       0.016     5.81467     4.29034     4.05398     3.85963
       9200   0.0260489         0.1     361.836     257.507     75.3037     3514.96        1686     5200.97     2384.74     2411.38    0.481205    -116.809     42.4588     2089.84     2310.53     2.84114     39.0908       0.016     5.83637     4.30868     4.07275     3.87858
       9100   0.0142437         0.1     364.429     258.306     73.7156     3528.51      1689.7     5218.21     2383.89      2410.1    0.477513    -118.089     42.4911     2089.28     2309.23     2.84331     37.6398       0.016     5.85709       4.328     4.09244     3.89775
       9000           0         0.1     365.839     259.054     72.2917     3539.96     1689.94      5229.9     2382.54      2408.8    0.474131    -119.151     42.5188     2088.71     2307.95     2.84524     36.3286       0.016     5.87697     4.34801     4.11244     3.91662
       8900  0.00142741         0.1     365.841     259.734     71.0387     3562.09     1690.86     5252.95     2380.68     2407.46    0.471009     -119.99     42.5426      2088.1     2306.69     2.84685     35.1614       0.016     5.89603      4.3684      4.1322     3.93444
       8800           0         0.1     365.982      260.36     69.9084     3572.66     1691.02     5263.68     2379.22     2406.18    0.468112    -120.944     42.5629     2087.45     2305.43     2.84831     34.0998       0.016     5.91421     4.38893     4.15131     3.95139
       8700           0         0.1     365.982     260.955     68.8732     3575.67     1691.58     5267.25      2377.9     2404.92     0.46543    -121.919     42.5804      2086.8      2304.2     2.84976     33.1197       0.016     5.93153     4.00797      4.1698     3.96797
       8600           0         0.1     365.982     261.524     67.9194     3577.93     1692.55     5270.48     2376.77     2403.69     0.46295    -122.926     42.5954     2086.16        2303     2.85122     32.2102       0.016     5.94805     4.02068     4.18771     3.98438
       8500           0         0.1     365.982     262.067     67.0355     3581.79     1693.92     5275.71     2375.76     2402.48    0.460657    -123.947     42.6083     2085.52     2301.82     2.85269     31.3613       0.016     5.96379     4.03042     3.80455     3.60069
       8400           0         0.1     365.982     262.584     66.6445     3582.12      1695.2     5277.32     2374.86      2401.3    0.458542    -124.962     42.6195     2084.89     2300.68     2.85415     30.8857       0.016     5.97876     4.04071     3.81723     3.61232
       8300           0         0.1     365.982     263.075     66.5755      3593.8     1699.98     5293.78     2374.05     2400.18    0.456606    -125.937      42.629     2084.29     2299.59     2.85556     30.6992       0.016     5.99299      4.0524     3.82691     3.61958
       8200           0         0.1     365.982      263.54     66.7276     3601.01     1704.64     5305.66     2373.32     2399.12    0.454837    -126.857     42.6372     2083.73     2298.57     2.85693     30.7053       0.016     6.00652     4.06477     3.83516     3.62654
       8100           0         0.1     365.982     263.983     67.0722     3611.28     1709.18     5320.46     2372.66     2398.11    0.453217    -127.711     42.6443      2083.2     2297.61     2.85825     30.8821       0.016     6.01938      4.0774     3.84357     3.63418
       8000           0         0.1     365.982     264.408     67.5745     3613.56     1713.86     5327.42     2372.05     2397.16    0.451728    -128.495     42.6505      2082.7      2296.7     2.85952     31.2021       0.016     6.03165      4.0901       3.853     3.64252
       7900           0         0.1     365.982     264.819     68.2831        3625     1718.68     5343.68     2371.48     2396.24    0.450355    -129.203     42.6557     2082.22     2295.82     2.86076     31.6999       0.016     6.04344     4.10281     3.86307     3.65156
       7800           0         0.1     365.982      265.22      69.158     3634.13      1724.2     5358.33     2370.94     2395.35     0.44908    -129.828     42.6603     2081.76     2294.97     2.86197     32.3518       0.016     6.05482     4.11546     3.87357     3.66121
       7700           0         0.1     365.982     265.611     70.1864     3641.01     1729.41     5370.42     2370.42     2394.49    0.447892    -130.368     42.6642      2081.3     2294.13     2.86315     33.1435       0.016     6.06587     4.12805     3.88438     3.67137
       7600           0         0.1     365.982     265.995     71.3774     3650.01     1735.31     5385.32     2369.93     2393.65    0.446777     -130.82     42.6676     2080.84      2293.3     2.86432      34.085       0.016     6.07666     4.14054     3.89543     3.68195
       7500           0         0.1     365.982     266.372     72.7023     3664.37     1741.85     5406.22     2369.44     2392.82    0.445726     -131.18     42.6706      2080.4     2292.49     2.86548     35.1528       0.016     6.08721     4.15294     3.90666     3.69286
       7400           0         0.1     365.982     266.744     73.1111     3681.97     1749.05     5431.01     2368.97        2392    0.444729    -131.469     42.6731     2079.96      2291.7     2.86662     35.5647       0.016     6.09758     4.16524     3.91804     3.70405
       7300           0         0.1     365.982      267.11      72.996     3700.91     1754.88     5455.79     2368.51      2391.2     0.44378     -131.74     42.6753     2079.52      2290.9     2.86774     35.5093       0.016      6.1078     4.17744     3.92953     3.71545
       7200           0         0.1     365.982     267.473     72.6057     3723.51     1759.35     5482.87     2368.06      2390.4    0.442871    -132.013     42.6772     2079.08     2290.12     2.86886     35.2217       0.016     6.11804     4.18955     3.94111     3.72702
       7100           0         0.1     365.982     267.833     72.0264     3746.78     1764.89     5511.67     2367.61     2389.61    0.441998    -132.299     42.6788     2078.65     2289.35     2.86996     34.7726       0.016     6.12856      3.8015     3.95277     3.73873
       7000           0         0.1     365.982      268.19     71.3062     3762.37     1775.48     5537.85     2367.17     2388.83    0.441155    -132.601     42.6803     2078.22     2288.58     2.87106     34.2014       0.016     6.13922     3.81073      3.9645     3.75055
       6900           0         0.1     365.982     268.542     70.4884     3777.95     1785.92     5563.86     2366.73     2388.05    0.440338    -132.923     42.6815      2077.8     2287.81     2.87214     33.5431       0.016     6.14991     3.81803     3.97622     3.76245
       6800           0         0.1     365.982     268.889     69.5937      3791.7     1791.91      5583.6      2366.3     2387.28    0.439545    -133.266     42.6826     2077.38     2287.06     2.87321     32.8151       0.016     6.16055     3.82454     3.98786     3.77439
       6700           0         0.1     365.982     269.228     68.6469     3804.98     1799.04     5604.02     2365.87     2386.51    0.438775    -133.629     42.6835     2076.96     2286.32     2.87427     32.0366       0.016     6.17109     3.83078     3.99941     3.78633
       6600           0         0.1     365.982     269.562     67.6766     3818.95      1809.2     5628.15     2365.45     2385.75    0.438024    -134.012     42.6843     2076.55     2285.59      2.8753     31.2331       0.016      6.1815     3.83696     3.60954     3.79814
       6500           0         0.1     365.982     269.888      66.674     3830.03     1817.99     5648.02     2365.03     2385.01    0.437296    -134.413      42.685     2076.14     2284.87     2.87631     30.3976       0.016     6.19174     3.84316     3.61835     3.40754
       6400           0         0.1     365.982     270.205     65.9484     3840.53     1826.99     5667.52     2364.62     2384.29    0.436597    -134.827     42.6856     2075.75     2284.18     2.87729     29.7612       0.016     5.40162     3.84952     3.62586     3.41362
       6300           0         0.1     365.982     270.511     65.3844     3851.83     1834.55     5686.38     2364.24     2383.61    0.435934    -135.237     42.6861     2075.39     2283.53     2.87824     29.2679       0.016     5.41026     3.85667     3.63233     3.41809
       6200           0         0.1     365.982     270.806     64.9179      3871.1     1841.56     5712.66     2363.88     2382.97    0.435306    -135.637     42.6866     2075.04      2282.9     2.87915     28.8543       0.016     5.41829     3.86433     3.63818     3.42243
       6100           0         0.1     365.982      271.09     64.5389      3891.2        1848      5739.2     2363.53     2382.36    0.434708    -136.024      42.687     2074.71     2282.31     2.88002      28.514       0.016     5.42586     3.87223     3.64392     3.42749
       6000           0         0.1     365.982     271.363     64.2191      3900.4     1853.86     5754.26      2363.2     2381.78    0.434137    -136.395     42.6873      2074.4     2281.74     2.88086     28.2241       0.016     5.43308     3.88022     3.64977     3.43302
       5900           0         0.1     365.982     271.626     63.9463      3911.5     1861.79     5773.29     2362.88     2381.22     0.43359    -136.751     42.6876      2074.1      2281.2     2.88167     27.9745       0.016     5.43999      3.8882     3.65576     3.43887
       5800           0         0.1     365.982     271.882     63.7115     3928.82     1868.17     5796.99     2362.57     2380.68    0.433066    -137.092     42.6879     2073.81     2280.67     2.88245     27.7581       0.016     5.44664     3.89612     3.66187     3.44496
       5700           0         0.1     365.982     272.131     63.5088     3936.36      1874.4     5810.76     2362.27     2380.15    0.432561    -137.416     42.6881     2073.52     2280.16     2.88322       27.57       0.016     5.45308     3.90396     3.66809     3.45122
       5600           0         0.1     365.982     272.374     63.3343     3942.16     1880.62     5822.79     2361.98     2379.63    0.432073    -137.726     42.6883     2073.25     2279.66     2.88396      27.407       0.016     5.45932      3.9117      3.6744     3.45762
       5500           0         0.1     365.982     272.611     63.1845     3957.89     1886.83     5844.72     2361.69     2379.13    0.431601     -138.02     42.6885     2072.97     2279.16     2.88469     27.2665       0.016      5.4654     3.91934     3.68095     3.46414
       5400           0         0.1     365.982     272.844     62.3406     3972.93     1893.25     5866.18     2361.41     2378.63    0.431144    -138.312     42.6886      2072.7     2278.68     2.88541     26.6099       0.016     5.47133     3.92688      3.6877      3.4708
       5300           0         0.1     365.982     273.073     61.0742     3980.38     1899.87     5880.25     2361.14     2378.15    0.430698    -138.642     42.6887     2072.44      2278.2     2.88611     25.5708       0.016     5.47714     3.93432     3.69457      3.4776
       5200           0         0.1     365.982     273.298     59.5724      4000.1     1903.37     5903.47     2360.86     2377.67    0.430264    -139.022     42.6888     2072.17     2277.73     2.88681     24.3229       0.016     5.48286     3.94168      3.7015     3.48451
       5100           0         0.1     365.982     273.521      57.917     4006.76     1907.69     5914.45      2360.6     2377.19    0.429838    -139.459     42.6889     2071.91     2277.27     2.88749      22.936       0.016     5.48848     3.94896     3.70847     3.49151
       5000           0         0.1     365.982     273.741     56.1242      4007.1     1912.83     5919.93     2360.33     2376.72    0.429422    -139.954      42.689     2071.65      2276.8     2.88817     21.4239       0.016     5.49402     3.95616     3.71546     3.49856
       4900           0         0.1     365.982     273.958     54.2452     4008.24     1916.79     5925.04     2360.07     2376.25    0.429012    -140.509     42.6891      2071.4     2276.35     2.88884     19.8264       0.016     5.49949     3.96329     3.72245     3.50565
       4800           0         0.1     365.982     274.173     52.2836     4011.24     1920.22     5931.46     2359.81     2375.79    0.428609    -141.121     42.6891     2071.14     2275.89     2.88951     18.1506       0.016      5.5049     3.97034     3.72944     3.51276
       4700           0         0.1     365.982     274.386     50.2574     4020.11      1923.1     5943.21     2359.55     2375.33    0.428213    -141.791     42.6892     2070.89     2275.44     2.89016     16.4086       0.016     5.51025     3.97733     3.73642     3.51988
       4600           0         0.1     365.982     274.597     48.1967     4020.13      1927.9     5948.03     2359.29     2374.87    0.427822    -142.516     42.6892     2070.64        2275     2.89081     14.6283       0.016     5.51555     3.98426     3.74338     3.52701
       4500           0         0.1     365.982     274.806     46.0829     4021.99     1933.61      5955.6     2359.03     2374.42    0.427436    -143.294     42.6893     2070.39     2274.56     2.89146     12.7945       0.016      5.5208     3.99112     3.75031     3.53413
       4400           0         0.1     365.982     275.014     44.2872     4024.51     1937.52     5962.03     2358.78     2373.97    0.427055    -144.118     42.6893     2070.14     2274.12     2.89209     11.1861       0.016     5.52599     3.99793     3.75722     3.54123
       4300           0         0.1     365.982     275.219     42.6677     4024.69     1941.24     5965.93     2358.53     2373.52    0.426678    -144.967     42.6894     2069.89     2273.68     2.89273     9.73261       0.016     5.53115     3.60405      3.7641     3.54831
       4200           0         0.1     365.982     275.422     41.1411     4029.37     1944.46     5973.83     2358.28     2373.08    0.426306    -145.833     42.6894     2069.65     2273.25     2.89335     8.35329       0.016     5.53624     3.60884     3.77091     3.55537
       4100           0         0.1     365.982      275.62     39.6897      4038.1     1948.38     5986.48     2358.03     2372.64    0.425939    -146.712     42.6894     2069.41     2272.83     2.89397     7.03495       0.016     5.54126       3.613     3.77762     3.56237
       4000           0         0.1     365.982     275.814     38.2832     4047.29      1950.9     5998.18     2357.79      2372.2    0.425577    -147.601     42.6894     2069.17     2272.41     2.89457     5.75269       0.016     5.54619     3.61686     3.78422     3.56932
       3900           0         0.1     365.982     276.003     36.9069     4059.29        1952     6011.29     2357.54     2371.77    0.425221    -148.498     42.6894     2068.93        2272     2.89517     4.49434       0.016     5.55102      3.6206      3.7907     3.57618
       3800           0         0.1     365.982     276.188     35.5507     4069.85     1954.74     6024.59      2357.3     2371.35    0.424871    -149.402     42.6895      2068.7      2271.6     2.89575      3.2516       0.016     5.55574     3.62431     3.79708     3.58295
       3700           0         0.1     365.982     276.369     33.6365     4084.62     1957.78      6042.4     2357.06     2370.93    0.424527    -150.318     42.6895     2068.47      2271.2     2.89632     1.62739       0.016     5.56036     3.62802     3.40311     3.58962
       3600           0         0.1     365.982     276.546     30.2019     4097.06     1961.13     6058.19     2356.83     2370.52    0.424189    -151.315     42.6895     2068.25     2270.82     2.89687    -1.27895       0.016     5.56488     3.63174     3.40851      3.5961
       3500           0         0.1     365.982     276.719     26.1032     4108.83     1962.85     6071.67      2356.6     2370.11    0.423859    -152.446     42.6895     2068.03     2270.44     2.89742     -4.7691       0.016      5.5693     3.63549     3.41361     3.20207
       3400           0         0.1     365.982     276.887     21.7592     4116.73     1965.73     6082.46     2356.38     2369.72    0.423539    -153.728     42.6895     2067.82     2270.08     2.89795    -8.51328       0.016     5.57362     3.63925     3.41828     3.20624
       3300           0         0.1     365.982      277.05     17.1722     4118.06     1968.43     6086.49     2356.16     2369.34    0.423234    -155.156     42.6895     2067.62     2269.72     2.89846    -12.4781       0.016     5.57781     3.64301     3.42236     3.20931
       3200           0         0.1     365.982     277.208     12.9116     4118.08     1970.94     6089.02     2355.96     2368.99    0.422945    -156.727     42.6895     2067.42     2269.39     2.89896    -16.2799       0.016     5.58189     3.64677     3.42597     3.21178
       3100           0         0.1     365.982     277.359     9.95055     4119.58     1973.65     6093.23     2355.77     2368.66    0.422672     -158.37     42.6895     2067.24     2269.07     2.89944    -19.0093       0.016     5.58583     3.65049     3.42924     3.21389
       3000           0         0.1     365.982     277.505     7.45554     4121.15     1976.55      6097.7     2355.59     2368.35    0.422414     -160.03     42.6895     2067.07     2268.77      2.8999    -21.3461       0.016     5.58964     3.65419     3.43226     3.21575
       2900           0         0.1     365.982     277.645     5.29206     4123.19      1978.7     6101.89     2355.42     2368.05    0.422171    -161.687     42.6895     2066.91     2268.48     2.90034    -23.4049       0.016      5.5933     3.65785      3.4351     3.21745
       2800           0         0.1     365.982     277.779     3.36352     4125.64     1981.18     6106.82     2355.26     2367.78    0.421943    -163.328     42.6895     2066.76     2268.21     2.90076    -25.2627       0.016     5.59683     3.66147      3.4378      3.2191
       2700  0.00405044         0.1     365.986     277.908     1.43546     4130.15     1982.17     6112.32     2355.11     2367.51    0.421728    -164.949     42.6895     2066.62     2267.95     2.90117    -27.0897       0.016     5.60022     3.66506     3.44048     3.22113
       2600           0         0.1     366.387     278.039    -0.82682     4143.81     1986.31     6130.12     2355.17     2367.28    0.421525    -166.641     42.6895     2066.49     2267.71     2.90161    -29.1945       0.016     5.60349     3.66863     3.44326     3.22366
       2500           0         0.1     366.387     278.168    -3.18493     4145.08     1986.58     6131.65     2354.98     2367.04    0.421335    -168.253     42.6895     2066.36     2267.47     2.90203    -31.3822       0.016     5.60668     3.67217     3.44621     3.22648
       2400           0         0.1     366.387      278.29    -5.56797      4145.8     1987.27     6133.07     2354.81      2366.8    0.421149    -169.886     42.6895     2066.24     2267.24      2.9024    -33.5965       0.016     5.60979     3.67572     3.44925     3.22934
       2300           0         0.1     366.387     278.406    -7.97604     4147.04     1988.52     6135.57     2354.66     2366.57    0.420968     -171.54     42.6895     2066.11     2267.01     2.90276    -35.8329       0.016     5.61281     3.67926     3.45232     3.23226
       2200           0         0.1     366.387     278.519    -10.2505      4154.8     1990.34     6145.14     2354.51     2366.34    0.420791    -173.212     42.6895     2065.99     2266.79     2.90311    -37.9837       0.016     5.61574     3.68279     3.45541     3.23523
       2100           0         0.1     366.387     278.629    -12.1221     4155.41     1992.17     6147.58     2354.37     2366.12    0.420619    -174.883     42.6895     2065.87     2266.57     2.90345    -39.7971       0.016      5.6186     3.68631     3.45852     3.23825
       2000           0         0.1     366.387     278.737    -13.8266     4156.13     1994.01     6150.14     2354.23      2365.9    0.420452    -176.537     42.6896     2065.75     2266.36     2.90379    -41.4655       0.016     5.62139     3.68981     3.46162     3.24131
       1900           0         0.1     366.387     278.844    -15.4032     4157.66     1995.32     6152.98      2354.1     2365.68    0.420288    -178.166     42.6896     2065.63     2266.14     2.90413    -43.0225       0.016     5.62411      3.6933     3.46473      3.2444
       1800           0         0.1     366.387     278.948    -16.8807     4158.17      1996.6     6154.77     2353.97     2365.46    0.420129    -179.768     42.6896     2065.51     2265.93     2.90446     -44.491       0.016     5.62679     3.69676     3.46785     3.24751
       1700           0         0.1     366.387     279.052    -18.3727     4158.99     1997.03     6156.02     2353.85     2365.25    0.419973    -181.341     42.6896     2065.39     2265.72     2.90479    -45.9522       0.016     5.62942     3.70019     3.47096     3.25064
       1600  0.00480926         0.1     366.392     279.154     -20.051     4160.93     1998.16     6159.09     2353.73     2365.04     0.41982    -182.896     42.6896     2065.28     2265.52     2.90512    -47.5655       0.016     5.63202     3.70361     3.47407     3.25377
       1500           0         0.1     366.868     279.263    -21.7895     4163.27     1998.88     6162.15     2353.85     2364.86    0.419673    -184.526     42.6896     2065.17     2265.32      2.9055    -49.2285       0.016     5.63459     3.70699      3.4772     3.25715
       1400           0         0.1     366.868     279.374    -23.5645     4165.09      2001.3      6166.4     2353.67     2364.64    0.419533    -186.043     42.6896     2065.07     2265.12     2.90587    -50.9201       0.016     5.63717     3.71036     3.48044     3.26061
       1300           0         0.1     366.868     279.478    -25.3603     4170.67     2003.04     6173.71     2353.51     2364.44    0.419391    -187.559     42.6896     2064.96     2264.92     2.90619    -52.6283       0.016     5.63975     3.71373     3.48367     3.26391
       1200           0         0.1     366.868     279.579    -26.8893        4188     2004.11     6192.11     2353.37     2364.23    0.419249    -189.073     42.6896     2064.84     2264.72     2.90651    -54.1544       0.016      5.6423     3.71707     3.48686     3.26714
       1100           0         0.1     366.868     279.679    -27.6755     4202.24     2004.58     6206.82     2353.23     2364.02    0.419107    -190.549     42.6896     2064.73     2264.52     2.90682    -55.0529       0.016     5.64483     3.72039        3.49     3.27031
       1000           0         0.1     366.868     279.776    -28.1369     4214.38     2004.59     6218.97      2353.1     2363.82    0.418965     -191.96     42.6896     2064.62     2264.32     2.90712    -55.6656       0.016     5.64732     3.72367     3.49309     3.27345
        900           0         0.1     366.868     279.873    -28.2484     4226.93     2004.81     6231.74     2352.97     2363.62    0.418825    -193.293     42.6896     2064.51     2264.12     2.90743    -55.9808       0.016     5.64978     3.72692     3.49615     3.27655
        800   0.0151267         0.1     366.883     279.968    -28.0969     4240.74     2008.16     6248.91     2352.86     2363.42    0.418688     -194.54     42.6896      2064.4     2263.93     2.90774    -56.0574       0.016      5.6522     3.73012     3.49917     3.27964
        700   0.0178716         0.1     368.399      280.09     -27.657     4252.38     2012.14     6264.52     2353.53      2363.3     0.41856    -195.961     42.6896     2064.32     2263.75     2.90822    -55.8934       0.016     5.65462     3.73328     3.50227     3.28344
        600  0.00361924         0.1     370.171     280.249    -26.7745     4273.95     2013.07     6287.02     2354.16     2363.19    0.418455    -197.255     42.6896     2064.27     2263.58     2.90887     -55.341       0.016     5.65719     3.73644     3.50583     3.28834
        500 0.000516303         0.1      370.53     280.404     -25.598     4296.06     2013.31     6309.37     2353.88     2362.98    0.418356    -198.119     42.6896     2064.22     2263.41     2.90938    -54.5197       0.016     5.65997     3.73967     3.50982     3.29322
        400  0.00966643         0.1     370.591     280.534    -24.1002     4330.61      2015.5     6346.11      2353.5     2362.77    0.418239    -198.821     42.6896     2064.14     2263.23      2.9097    -53.4135       0.016     5.66286     3.74298      3.5138     3.29737
        300           0         0.1     371.548     280.664    -22.3604     4354.51     2018.44     6372.94     2353.66     2362.61    0.418108    -199.573     42.6896     2064.06     2263.05     2.91007    -52.0813       0.016     5.66575     3.74635     3.51761     3.30146
        200           0         0.1     371.548     280.788    -20.1391     4385.25     2021.93     6407.18     2353.27     2362.39    0.417973    -199.999     42.6896     2063.98     2262.87      2.9104    -50.3627       0.016     5.66863     3.74973     3.52136     3.30534
        100  0.00213424         0.1      371.55     280.896    -17.0186     4401.19     2022.49     6423.68     2352.95     2362.18    0.417826     -200.28     42.6896     2063.89     2262.68     2.91065    -47.8643       0.016     5.67144     3.75311      3.5249     3.30871
          0  0.00165288         0.1     371.763         281    -13.4143     4404.18     2022.95     6427.13      2352.8        2362    0.417673    -200.422     42.6896     2063.79      2262.5     2.91091    -44.9274       0.016     5.67414     3.75643     3.52821     3.31188