      20000           0         1.9           0     179.437      354.04     78.9895     14.2831     93.2726     2343.43     2426.93    0.785391      6.5598     39.9574     2049.96      2345.7     2.72671     271.433       0.016     5.73044     4.59858     4.35318     4.39114
      19900           0         1.9           0     179.437      353.13     151.419     29.7361     181.156     2343.43     2426.93    0.785563     6.43382     39.9574     2049.96      2345.7     2.72686     270.633       0.016     5.73044     4.59858     4.35318     4.39114
      19800           0         1.9           0     179.437     352.506     228.894     46.3592     275.253     2343.43     2426.93    0.785735     6.30822     39.9574     2049.96      2345.7     2.72701     270.044       0.016     5.73044     4.59858     4.35318     4.39114
      19700           0         1.9           0     179.437     352.255     299.319     60.5222     359.841     2343.43     2426.93    0.785907     6.19879     39.9574     2049.96      2345.7     2.72716     269.745       0.016     5.73044     4.59858     4.35318     4.39114
      19600           0         1.9           0     179.437      352.29     351.209     72.5053     423.714     2343.43     2426.93    0.786079     6.12087     39.9574     2049.96      2345.7     2.72731     269.689       0.016     5.73044     4.59858     4.35318     4.39114
      19500           0         1.9           0     179.437     350.597     414.692     82.0183      496.71     2343.43     2426.93    0.786251     6.05158     39.9574     2049.96      2345.7     2.72746     268.519       0.016     5.73044     4.59858     4.35318     4.39114
      19400           0         1.9           0     179.437     347.879     487.353     94.1014     581.454     2343.43     2426.93    0.786423     5.90477     39.9574     2049.96      2345.7     2.72761     266.477       0.016     5.73044     4.59858     4.35318     4.39114
      19300           0         1.9           0     179.437     345.374     558.279     106.214     664.494     2343.43     2426.93    0.786595     5.65656     39.9574     2049.96      2345.7     2.72775     264.481       0.016     5.73044     4.59858     4.35318     4.39114
      19200           0         1.9           0     179.437     342.873     620.606     118.358     738.963     2343.43     2426.93    0.786767     5.32496     39.9574     2049.96      2345.7      2.7279     262.498       0.016     5.73044     4.59858     4.35318     4.39114
      19100           0         1.9           0     179.437      342.02     681.386     130.011     811.397     2343.43     2426.93    0.786938     4.94128     39.9574     2049.96      2345.7     2.72805     261.588       0.016     5.73044     4.59858     4.35318     4.39114
      19000           0         1.9           0     179.437     342.156      741.53     142.474     884.004     2343.43     2426.93     0.78711     4.58749     39.9574     2049.96      2345.7      2.7282     261.511       0.016     5.73044     4.59858     4.35318     4.39114
      18900           0         1.9           0     179.437     340.553     800.577     155.747     956.323     2343.43     2426.93    0.787281     4.26219     39.9574     2049.96      2345.7     2.72835      260.36       0.016     5.73044     4.59858     4.35318     4.39114
      18800           0         1.9           0     179.437     337.986     870.831      166.28     1037.11     2343.43     2426.93    0.787452     3.87637     39.9574     2049.96      2345.7      2.7285     258.368       0.016     5.73044     4.59858     4.35318     4.39114
      18700           0         1.9           0     179.437      336.21     952.601     178.113     1130.71     2343.43     2426.93    0.787624     3.41716     39.9574     2049.96      2345.7     2.72864     256.824       0.016     5.73044     4.59858     4.35318     4.39114
      18600           0         1.9           0     179.437     334.818     1047.59     192.576     1240.17     2343.43     2426.93    0.787795     2.92873     39.9574     2049.96      2345.7     2.72879     255.619       0.016     5.73044     4.59858     4.35318     4.39114
      18500           0         1.9           0     179.437     333.482     1150.05     201.259     1351.31     2343.43     2426.93    0.787966     2.42444     39.9574     2049.96      2345.7     2.72894     254.469       0.016     5.73044     4.59858     4.35318     4.39114
      18400           0         1.9           0     179.437     332.205     1219.19     209.492     1428.69     2343.43     2426.93    0.788137      1.9065     39.9574     2049.96      2345.7     2.72909     253.357       0.016     5.73044     4.59858     4.35318     4.39114
      18300           0         1.9           0     179.437     329.228      1275.7     218.075     1493.77     2343.43     2426.93    0.788308     1.34924     39.9574     2049.96      2345.7     2.72924     251.114       0.016     5.73044     4.59858     4.35318     4.39114
      18200           0         1.9           0     179.437       325.2      1360.8     226.658     1587.45     2343.43     2426.93    0.788478    0.672723     39.9574     2049.96      2345.7     2.72938      247.97       0.016     5.73044     4.59858     4.35318     4.39114
      18100           0         1.9           0     179.437     321.768     1469.79     234.714      1704.5     2343.43     2426.93    0.788649   -0.137283     39.9574     2049.96      2345.7     2.72953      245.11       0.016     5.73044     4.59858     4.35318     4.39114
      18000           0         1.9           0     179.437     318.559     1574.09     243.331     1817.42     2343.43     2426.93     0.78882    -1.04056     39.9574     2049.96      2345.7     2.72968     242.443       0.016     5.73044     4.59858     4.35318     4.39114
      17900           0         1.9           0     179.437      317.64     1670.99     253.364     1924.35     2343.43     2426.93     0.78899    -1.98653     39.9574     2049.96      2345.7     2.72983     241.293       0.016     5.73044     4.59858     4.35318     4.39114
      17800           0         1.9           0     179.437     318.134        1766     264.257     2030.25     2343.43     2426.93    0.789161    -2.86227     39.9574     2049.96      2345.7     2.72997     241.331       0.016     5.73044     4.59858     4.35318     4.39114
      17700           0         1.9           0     179.437     316.312     1860.47      274.54     2135.01     2343.43     2426.93    0.789331    -3.66765     39.9574     2049.96      2345.7     2.73012     239.957       0.016     5.73044     4.59858     4.35318     4.39114
      17600           0         1.9           0     179.437     313.229     1943.92     288.828     2232.75     2343.43     2426.93    0.789502    -4.52282     39.9574     2049.96      2345.7     2.73027     237.487       0.016     5.73044     4.59858     4.35318     4.39114
      17500           0         1.9           0     179.437     313.298     2011.35     302.776     2314.12     2343.43     2426.93    0.789672    -5.41147     39.9574     2049.96      2345.7     2.73042     237.026       0.016     5.73044     4.59858     4.35318     4.39114
      17400           0         1.9           0     182.115     344.137     2042.72     312.444     2355.16     2337.81     2427.24    0.817182    -7.03503     39.0482     2090.19     2390.75     2.64272     282.715       0.016      5.7211     4.59193      4.3525     4.39344
      17300           0         1.9           0     182.934     353.815     2073.54     322.233     2395.78     2333.75     2428.42    0.848489    -7.23612     38.2531     2099.33     2400.72     2.62299     291.111       0.016     5.71793     4.58375     4.34297     4.38361
      17200           0         1.9           0      183.39     359.881     2096.59     335.928     2432.52     2330.58     2429.87    0.876868    -7.02974     37.5586     2103.93      2405.7     2.61341     296.236       0.016     5.72125     4.57463     4.32783     4.36492
      17100           0         1.9           0     183.841     363.835     2099.91     350.717     2450.63     2328.02     2431.38    0.901834    -6.64495     36.9519     2107.52     2409.45     2.60581     299.608       0.016     5.72871     4.56346     4.30774     4.33998
      17000           0         1.9           0     184.395     366.328     2106.32     368.422     2474.74     2325.94     2432.88    0.923629    -6.19849      36.422     2110.68     2412.53     2.59894     301.804       0.016     5.73799     4.54879     4.28324     4.31057
      16900           0         1.9           0     185.076     363.157     2119.69     386.971     2506.66     2324.24     2434.34    0.942573    -5.83044     35.9588     2113.56      2415.1     2.59263     299.792       0.016     5.74731     4.52873     4.25519     4.27796
      16800           0         1.9           0     185.879      356.08     2132.94     406.282     2539.22     2322.88     2435.75     0.95898    -5.80695     35.5537     2116.22     2417.24     2.58687      294.26       0.016     5.75543     4.50524     4.22418     4.24311
      16700           0         1.9           0     186.789     347.713     2143.96     427.383     2571.34      2321.8     2437.11     0.97314    -6.22983      35.199      2118.7     2419.03     2.58162     287.424       0.016     5.76158     4.47861      4.5905     4.20736
      16600           0         1.9           0     187.792     338.163     2156.83      452.74     2609.57     2320.95     2438.38    0.985304    -7.09448     34.8882     2121.04     2420.52     2.57681     279.594       0.016     5.76538     4.44944     4.55473     4.57412
      16500           0         1.9           0     188.875     339.172     2164.82     472.218     2637.03      2320.3     2439.58    0.995708    -8.20911     34.6155     2123.26     2421.76      2.5724     279.344       0.016      5.7667     4.41878      4.5183     4.53859
      16400   0.0650992         1.9   0.0650992     190.027      347.24     2171.37     496.159     2667.52     2319.86     2440.78     1.00457    -8.99678      34.376     2125.37     2422.79     2.56833     285.676       0.016     5.76561     4.78854     4.48125     4.50183
      16300    0.112427         1.9     6.62235     191.194     352.225     2187.89     517.481     2705.37     2323.09     2448.56     1.01205    -10.7601     34.1655     2127.45     2423.77     2.56384     290.396       0.016     5.76228      4.7545     4.44378     4.46133
      16200    0.077241         1.9     17.8299     192.321     355.605     2209.58     544.606     2754.18     2328.44      2459.9     1.01831    -12.9845     33.9801     2129.71     2425.04     2.55816      293.46       0.016     5.75683     4.71867     4.40417     4.41429
      16100   0.0122331         1.9      25.489     193.435     347.274     2227.71     574.908     2802.62     2331.22     2465.93     1.02355    -13.9291     33.8167     2132.23     2426.64     2.55218     287.831       0.016     5.74926     4.68144     4.76058     4.76775
      16000 0.000692534         1.9     26.7008     194.609     331.045        2236     604.002        2840     2330.36      2464.7     1.02795    -13.8376     33.6725     2134.75     2428.17     2.54731     274.908       0.016     5.73959      4.6434     4.71611     4.72275
      15900 0.000851652         1.9     26.7702     195.863     322.828     2239.51     631.992      2871.5     2329.24     2462.86      1.0316    -14.3314     33.5449     2137.02     2429.31     2.54364     267.174       0.016     5.72797     4.60586     4.67309     4.68199
      15800   0.0266092         1.9     26.8811     197.176     319.435     2246.21     657.175     2903.38     2328.43     2461.57     1.03453    -15.1743      33.432     2139.03     2430.08     2.54048     264.102       0.016     5.71474     4.96868     4.63285     4.64464
      15700   0.0375965         1.9      29.553     198.512     317.222     2253.73     682.173      2935.9     2329.19     2463.23     1.03678    -16.6892     33.3317     2140.88     2430.63     2.53721     262.225       0.016     5.70034     4.93026     4.99485     4.60918
      15600   0.0425531         1.9     33.3176     199.846     316.038     2262.81     705.088      2967.9     2330.47     2465.78     1.03839    -18.3383     33.2426      2142.7     2431.16     2.53354     261.183       0.016     5.68541     4.89161     4.95757     4.97772
      15500   0.0408644         1.9     37.5712     201.172     314.096     2271.96     727.446     2999.41      2331.9     2468.48     1.03947    -19.9183     33.1631     2144.54     2431.73      2.5296     259.701       0.016     5.67021     4.85361     4.92164     4.94446
      15400   0.0799236         1.9     41.6967     202.495     311.767     2286.09     748.956     3035.05     2333.16     2470.72     1.04011    -21.3395     33.0921     2146.41     2432.36     2.52554     257.824       0.016     5.65484     4.81676     4.88633     4.91048
      15300    0.135383         1.9     49.7445      203.79     311.012     2308.42     772.482     3080.91     2336.47     2476.76     1.04035     -23.522     33.0283     2148.32     2433.08     2.52103     257.098       0.016     5.63938     5.18249     4.85167     4.87473
      15200    0.177979         1.9     63.3254     205.013     311.283     2331.82     795.543     3127.36     2342.41      2487.6     1.04023    -26.5635     32.9709     2150.41     2434.12     2.51538     257.319       0.016     5.62389     5.14775     4.81646     4.83437
      15100    0.256432         1.9     81.2017     206.132     317.831      2364.3     818.184     3182.48     2349.97     2501.24     1.03978      -29.84      32.919     2152.83      2435.7     2.50841     262.297       0.016     5.60826     5.11283     5.17837     5.19023
      15000    0.326086         1.9     106.915     207.113     328.719     2410.97     840.373     3251.34     2360.92     2520.96     1.03907    -33.7093     32.8718     2155.69     2437.97     2.49984     271.279       0.016     5.59229     5.07768     5.13675     5.13827
      14900    0.383274         1.9      139.58     207.919     337.153     2468.58     861.101     3329.68     2374.35     2544.97     1.03813     -37.666     32.8288     2159.13     2441.15     2.48937     278.799       0.016     5.57565       5.042     5.08991     5.07445
      14800    0.365308         1.9      177.89     208.539      344.29     2537.81      881.84     3419.65     2389.31     2571.42     1.03703    -41.4737     32.7892     2163.23     2445.34      2.4772     284.977       0.016     5.55793     5.00658     5.03628     5.00023
      14700           0         1.9     214.055     208.967     335.732     2600.53     901.867      3502.4     2401.46     2592.06     1.03586    -43.7668     32.7525     2167.85     2450.38     2.46483     279.315       0.016     5.53873     5.77009     5.77571      5.7188
      14600           0         1.9     214.055     200.665     267.825     2623.33     937.043     3560.37     2396.15     2568.88    0.998469    -39.1671     33.7363     2152.05     2441.73     2.60509     199.811       0.016     6.36596     5.11454     5.06402     5.69096
      14500           0         1.9     214.055     198.129     241.373     2630.15     978.261     3608.41     2392.21     2550.65    0.966298    -40.1338     34.6823     2142.19     2433.05     2.62863     174.574       0.016     6.53536     4.90392     5.17163     5.73548
      14400           0         1.9     214.055     198.104      225.02     2630.72     1021.51     3652.23     2389.39     2535.81     0.93334    -43.0574     35.5885     2134.42     2423.72     2.64044     159.862       0.016       6.501      4.6138     4.81734      5.0101
      14300           0         1.9     214.055     198.942     210.819     2634.19     1061.72     3695.91     2387.43     2523.45    0.899233    -46.5314     36.4418     2127.82     2414.71     2.65127     148.177       0.016       6.501     4.63892     4.82078     5.07367
      14200           0         1.9     214.055     200.027     198.661     2644.38     1100.24     3744.63     2386.07     2512.98    0.864949    -50.0384     37.2291     2122.04      2406.4     2.66134     138.346       0.016       6.501     4.62201     4.81373     5.13193
      14100           0         1.9     214.055     201.162     192.136     2655.12     1137.42     3792.54     2385.08     2503.96    0.831507     -53.283     37.9427     2116.93     2398.86     2.67044     132.712       0.016       6.501     4.99362     4.80834     5.18416
      14000           0         1.9     214.055     202.299     189.122      2675.1      1172.1      3847.2      2384.3     2496.08     0.79968    -56.0167     38.5803     2112.41     2392.04     2.67864      130.11       0.016       6.501     4.96128     4.80713     4.82505
      13900           0         1.9     214.055     203.425     184.057     2700.36     1209.25      3909.6     2383.64     2489.15    0.769976    -58.2599     39.1438     2108.37     2385.84     2.68611     126.419       0.016       6.501     4.92835     4.80856     4.85774
      13800           0         1.9     214.055      204.53     178.111     2716.95     1243.23     3960.18     2383.02     2482.98    0.742632    -60.2384     39.6376     2104.78      2380.2     2.69298     121.882       0.016       6.501     4.89986     4.81351     4.89072
      13700           0         1.9     214.055     205.609     173.765      2749.5     1278.97     4028.48     2382.38     2477.41    0.717719    -62.0415     40.0676     2101.55     2375.06     2.69936     118.396       0.016       6.501     4.87794     4.82186     4.92386
      13600           0         1.9     214.055     206.664     170.305     2774.87     1313.51     4088.38      2381.7     2472.34    0.695195    -63.6621     40.4403     2098.64     2370.34     2.70533     115.679       0.016       6.501     4.86317     4.83347     4.95714
      13500           0         1.9     214.055     207.696     173.568     2800.54     1341.65     4142.19     2380.96     2467.69    0.674944    -65.0212     40.7621     2095.99     2365.98     2.71097     117.675       0.016       6.501     4.85536     4.85066     4.99106
      13400           0         1.9     214.055      208.71     180.885     2824.75     1371.98     4196.73     2380.17     2463.38    0.656809    -65.8489     41.0391     2093.55      2361.9     2.71634     123.208       0.016       6.501     4.85408     4.87198     4.61964
      13300           0         1.9     214.055     209.708     177.797     2849.69     1399.13     4248.82     2379.34     2459.41     0.64063    -66.2815      41.277     2091.29     2358.07      2.7215     121.873       0.016       6.501     4.85866     4.89415     4.64364
      13200           0         1.9     214.055     213.188     198.842      2857.2     1425.86     4283.05     2371.42     2456.16    0.676031    -66.6765     40.2965     2126.66     2396.19     2.61461     155.793       0.016       6.501     4.85472     4.92033     4.66325
      13100   0.0299896         1.9     214.085     215.387     205.596     2858.55     1446.33     4304.88     2364.97     2454.02    0.712417    -66.0137     39.3976     2135.36     2404.14     2.58713     162.365       0.016     6.73214     4.84886     4.93929     4.67591
      13000           0         1.9     217.054     217.154     211.559     2867.87     1467.67     4335.53     2361.06     2455.36      0.7453    -65.5982     38.5929     2139.63     2407.29     2.57268     168.303       0.016     6.33739     4.83137     4.94345     4.67922
      12900   0.0802363         1.9     217.134     218.578     217.952      2873.8      1487.8      4361.6     2356.11     2453.52    0.774338    -64.2674     37.8817     2142.58     2409.25     2.56208     174.304       0.016     6.50463     4.80776     4.93718     4.67406
      12800    0.107589         1.9     225.185     219.628     224.381     2888.04     1509.05     4397.09     2356.19     2460.21    0.799888    -64.5472     37.2566      2144.8     2410.76     2.55341     180.282       0.016      5.8404     5.18285     4.92503      4.6592
      12700   0.0537746         1.9     235.891     220.488     226.615     2896.93     1531.16      4428.1     2357.63     2468.49    0.822377     -65.072      36.708     2146.93     2412.38     2.54417     182.948       0.016     5.94554      5.1562     4.90726     4.63339
      12600           0         1.9     241.214     221.417     225.928      2906.8      1554.9      4461.7        2356        2470    0.842061     -64.337      36.226     2149.26     2414.15     2.53452     182.849       0.016     6.02981     5.12739     4.88287     4.60376
      12500           0         1.9     241.214     222.441     225.827      2914.1     1579.44     4493.55     2351.88     2466.08    0.859264    -62.7467     35.8017     2151.48     2415.71     2.52632     182.931       0.016     6.09641     5.09717     4.85621     4.97853
      12400           0         1.9     241.214     223.551     225.867     2923.47     1601.99     4525.46     2348.44        2463    0.874241    -61.6035     35.4274     2153.43     2416.86      2.5193     183.208       0.016     6.14884     5.06693     4.83088     4.95389
      12300           0         1.9     241.214     224.719     224.568      2925.1     1624.06     4549.17     2345.49     2460.49    0.887216    -60.8491     35.0963     2155.14     2417.67     2.51278     182.419       0.016     6.19054     5.03869      4.8083     4.93017
      12200    0.101191         1.9     241.315     225.935     222.272     2941.23     1647.43     4588.66     2342.99      2458.5    0.898421    -60.5065     34.8029      2156.7     2418.25     2.50655     180.684       0.016     5.42138     5.01261     5.18646     4.90756
      12100    0.167006         1.9       251.5     227.117     221.435     2966.37     1672.75     4639.12     2346.29     2467.18    0.908037    -62.6399     34.5423     2158.25     2418.87     2.49942     179.924       0.016     5.44408     5.78754     5.16325     4.88071
      12000     0.23202         1.9     268.266     228.186     221.433     3000.27     1694.67     4694.94     2352.63      2481.1    0.916248    -65.8834     34.3104     2160.18     2420.06     2.49048      179.92       0.016     5.46073     5.76222     5.13665     4.84445
      11900     0.26896         1.9     291.505      229.11     222.304     3038.99     1720.11      4759.1     2361.67     2499.49    0.923277    -69.9145     34.1037     2162.67     2422.08     2.47987     180.575       0.016      5.4722     5.73683     5.10464     5.19893
      11800    0.357925         1.9      318.49     229.888     223.807     3083.69     1745.26     4828.95     2371.67     2519.02    0.929302    -73.9301     33.9194     2165.79     2424.98     2.46798     181.756       0.016     5.47896     5.71063     5.06829     5.14534
      11700    0.136831         1.9     354.061     230.497     232.903     3140.84     1771.35     4912.19     2385.22     2544.62    0.934454    -78.7558     33.7547      2169.5     2428.78     2.45465     188.766       0.016     5.48019     5.68315     5.02625      5.0795
      11600   0.0905499         1.9     367.698     217.967     207.656     3179.38     1810.74     4990.13     2389.18     2540.63    0.902503    -77.7749     34.6333     2145.43     2413.54     2.61801     147.029       0.016     6.48628     5.04404     5.12819     5.04981
      11500   0.0292575         1.9     376.692     213.611     189.726     3209.68      1862.9     5072.57     2390.17     2533.06    0.873163    -78.5982     35.4829     2138.11     2409.67     2.63735     131.186       0.016     6.73895      4.8494     4.84177     5.08151
      11400   0.0338665         1.9     379.622     212.821      165.75     3228.47     1918.03      5146.5     2388.24     2520.98    0.843613    -79.9158     36.2999     2132.45      2403.8     2.64429     111.519       0.016     6.53826     4.97377     4.88596     5.14073
      11300   0.0358899         1.9     383.011     213.332     154.416     3240.78     1970.18     5210.96     2387.31     2511.57    0.813117    -82.4918     37.0709     2127.13     2396.88     2.65181     100.997       0.016       6.501     4.62068     4.89465     4.80355
      11200           0         1.9     386.564     214.252     150.026     3248.17     2020.77     5268.94      2386.9     2503.78     0.78225    -85.1396     37.7829     2122.44     2390.26     2.65931     96.9259       0.016       6.501     4.61562     4.88807     4.84795
      11100           0         1.9     386.564      215.31     142.105     3261.26     2070.36     5331.62     2384.86     2493.53    0.752129    -86.8186     38.4281     2117.94     2383.72     2.66694     90.9875       0.016       6.501     4.99786      4.8777     4.88739
      11000           0         1.9     386.564     216.424      132.57     3283.29     2118.74     5402.03     2383.24     2484.81    0.723466    -88.6139     39.0042     2113.48     2377.18     2.67445     83.5388       0.016       6.501     4.97383      4.8713     4.92461
      10900           0         1.9     386.564     217.546      127.11     3296.05     2168.79     5464.84     2381.88     2477.25    0.696581     -90.484     39.5127     2109.42     2371.12     2.68139      78.857       0.016       6.501     4.94717     4.87116     4.96028
      10800           0         1.9     386.564     218.659     123.918     3297.21     2215.68      5512.9     2380.66      2470.6     0.67172    -92.2301     39.9577     2105.76     2365.57     2.68779     76.1759       0.016       6.501     4.92336     4.87732     4.99542
      10700           0         1.9     386.564     219.761     119.794     3300.07     2262.15     5562.22     2379.52     2464.67    0.648992    -93.8364     40.3448     2102.47     2360.48     2.69373     72.9819       0.016       6.501     4.90502     4.88835     4.62247
      10600           0         1.9     386.564     220.847     115.274     3307.22      2308.2     5615.42     2378.44     2459.38     0.62841    -95.3984     40.6796      2099.5     2355.81     2.69928     69.3824       0.016       6.501     4.89303     4.90155      4.6465
      10500           0         1.9     386.564     221.916     112.532     3314.64     2353.79     5668.43     2377.39      2454.6    0.609874    -96.9281     40.9683     2096.82      2351.5     2.70449     67.0078       0.016       6.501     4.88733      4.9181      4.6737
      10400           0         1.9     386.564     222.968     110.817     3322.72     2397.02     5719.74     2376.34     2450.22    0.593243    -98.3613     41.2164     2094.37     2347.51     2.70943     65.5316       0.016       6.501     4.88753     4.93829     4.70336
      10300           0         1.9     386.564     224.007     109.705     3324.21     2437.91     5762.12     2375.28     2446.17    0.578355    -99.6844     41.4292     2092.12     2343.77     2.71414     64.5537       0.016       6.501     4.89307     4.96184      4.7351
      10200           0         1.9     386.564     225.034     108.503     3326.58     2478.58     5805.16      2374.2     2442.39    0.565042      -100.9     41.6113     2090.02     2340.25     2.71869     63.6082       0.016       6.501     4.90337     4.98835     4.76866
      10100           0         1.9     386.564     226.053     106.266     3345.13     2516.22     5861.35     2373.09     2438.83    0.553135    -102.071     41.7671     2088.06     2336.89      2.7231     61.8347       0.016     6.50523     4.91784     4.61456     4.40341
      10000           0         1.9     386.564     227.058     103.695     3357.14     2553.17      5910.3     2371.98     2435.47     0.54249    -103.249     41.9003     2086.21      2333.7     2.72739     59.7783       0.016     6.53691     4.93575     4.63461     4.42696
       9900           0         1.9     386.564     228.041     100.948     3358.32     2589.43     5947.75     2370.88     2432.34    0.532985    -104.454      42.014     2084.49     2330.69     2.73154     57.5603       0.016     6.56864     4.95626     4.65622     4.44979
       9800           0         1.9     386.564     229.005     98.0629     3360.63     2624.16     5984.79     2369.78     2429.38    0.524477    -105.696     42.1111     2082.87     2327.83     2.73554     55.2173       0.016     6.60029     4.97893     4.68061     4.47519
       9700  0.00843375         1.9     386.572     229.954     95.0668     3365.44      2657.4     6022.84     2368.69     2426.58    0.516837    -106.984     42.1939     2081.34     2325.09     2.73943     52.7693       0.016     6.63182     4.60321     4.70718     4.50277
       9600   0.0109093         1.9     387.418      230.88     91.9704     3370.83     2689.15     6059.98     2368.04     2424.73     0.50993    -108.485     42.2647     2079.96     2322.56     2.74308     50.2207       0.016      6.6632     4.62038     4.73539     4.53175
       9500           0         1.9     388.498     231.772     88.7916     3371.81     2719.45     6091.26     2367.44     2423.03    0.503664    -110.042     42.3252     2078.75     2320.28     2.74647     47.5841       0.016      6.6942     4.63472     4.76445     4.56148
       9400           0         1.9     388.498     232.647     86.4034     3387.67        2752     6139.68     2366.17     2420.17    0.498011    -111.383     42.3768     2077.51     2317.97     2.74993     45.4979       0.016     6.72469     4.65305     4.79406      4.5924
       9300           0         1.9     388.498     233.519     84.4701     3402.76     2782.29     6185.04     2364.95     2417.46    0.492891    -112.739      42.421     2076.15     2315.55     2.75347     43.8119       0.016     6.75475      4.6745     4.41939     4.21829
       9200           0         1.9     388.498     234.376     82.7921      3416.8     2811.61     6228.41     2363.77     2414.92    0.488226    -114.087     42.4588     2074.83     2313.18     2.75695     42.3368       0.016     6.78444     4.69799     4.43824     4.23752
       9100           0         1.9     388.498     235.213     81.2915     3422.77      2838.4     6261.16     2362.63     2412.52    0.483957    -115.415     42.4911     2073.58     2310.92     2.76031     41.0083       0.016     6.21265     4.72272     4.45946     4.25847
       9000           0         1.9     388.498     236.032     79.9318     3426.58     2861.66     6288.24     2361.52     2410.24    0.480029    -116.716     42.5188     2072.38     2308.75     2.76356      39.798       0.016     6.23888     4.74838     4.48275     4.28117
       8900           0         1.9     388.498     236.839     78.7051     3441.04     2885.48     6326.52     2360.44     2408.05    0.476398    -117.988     42.5426     2071.22     2306.63     2.76673     38.6985       0.016     6.26451     4.77477     4.50745      4.3054
       8800           0         1.9     388.498     237.636     77.5829     3443.94     2908.36      6352.3     2359.38     2405.93     0.47302    -119.227     42.5629     2070.09     2304.57     2.76983       37.69       0.016     6.28971     4.40166     4.53321     4.33092
       8700    0.103026         1.9     388.601     238.423     76.5478      3448.6     2930.34     6378.94     2358.39     2403.98    0.469863    -120.454     42.5804     2068.99     2302.55     2.77288     36.7578       0.016     6.31455      4.4208     4.55976      4.3575
       8600    0.101306         1.9     398.902     239.073     75.4476     3458.38     2951.82      6410.2     2362.86     2412.32    0.466671    -123.626     42.5954     2069.02        2302     2.77392     35.7295       0.016     6.33884     4.43551      4.5858     4.37945
       8500   0.0999598         1.9     409.031     239.569     74.3511     3461.83     2972.95     6434.78     2366.31      2418.5    0.463582    -126.248     42.6083     2070.34      2303.1     2.77342     34.6622       0.016      6.3616     4.45293     4.20759      4.3947
       8400    0.100996         1.9     419.028      239.99     73.7554     3468.62     2994.26     6462.88     2369.08     2423.21    0.460884    -128.459     42.6195     2071.68      2304.3     2.77289     33.9558       0.016     6.38214     4.47194     4.22122     4.00436
       8300   0.0849425         1.9     429.112     240.362     73.4919     3473.39      3012.2     6485.59     2371.42     2427.02    0.458553    -130.378      42.629     2072.84     2305.33     2.77246     33.5423       0.016     6.40035     4.49123     4.23033     4.00773
       8200     0.08599         1.9     437.607     240.715     73.4888     3473.84     3030.36      6504.2     2372.52     2428.45    0.456559    -131.736     42.6372     2073.65     2305.96     2.77245     33.3595       0.016     6.41644     4.50998     4.23769      4.0094
       8100    0.087103         1.9     446.207     241.061     73.7056     3477.47     3048.75     6526.22     2373.49     2429.69    0.454817    -132.973     42.6443     2074.09     2306.16     2.77274     33.3776       0.016     6.43082     4.52785     4.24504     4.01108
       8000   0.0868459         1.9     454.917     241.394     74.0969     3481.72     3067.08     6548.79     2374.34     2430.75    0.453227    -134.096     42.6505     2074.39     2306.22     2.77309     33.5548       0.016     6.44391     4.54473     4.25219     4.01282
       7900   0.0866472         1.9     463.602     241.714     74.7115     3486.72     3085.36     6572.09     2375.01     2431.53    0.451752    -135.083     42.6557      2074.6     2306.18     2.77346     33.9238       0.016     6.45599     4.56062      4.2591     4.01465
       7800   0.0837402         1.9     472.263     242.022     75.5058     3489.51     3103.04     6592.55     2375.53     2432.07     0.45037    -135.942     42.6603     2074.73     2306.06     2.77386      34.459       0.016     6.46726     4.57558     4.26576     4.01658
       7700   0.0856442         1.9     480.639     242.323     76.4694      3490.1     3121.12     6611.22     2375.78     2432.17    0.449069    -136.631     42.6642     2074.76     2305.83     2.77433     35.1482       0.016     6.47787     4.58967     4.27221      4.0187
       7600           0         1.9     489.118     242.616     77.6048     3492.88      3138.6     6631.48     2376.02     2432.28    0.447824    -137.237     42.6676     2074.73     2305.53      2.7748     35.9949       0.016     6.48796     4.20266     4.27858     4.02154
       7500           0         1.9     489.118     242.997          79     3500.94     3155.43     6656.37     2371.65     2423.77    0.446796    -136.124     42.6706     2073.75     2304.04     2.77686     37.1099       0.016     6.49772     4.21121     4.28578     4.02981
       7400           0         1.9     489.118     243.479      79.508     3512.14      3171.5     6683.64     2367.99     2416.84    0.445855    -135.308     42.6731     2071.67     2301.17     2.78012     37.6521       0.016     6.50794     4.21731     4.29583     4.04471
       7300           0         1.9     489.118     244.001     79.4937     3524.59     3188.77     6713.36      2364.8     2411.01    0.444751    -134.743     42.6753     2069.54     2298.21     2.78337     37.7429       0.016     6.51926     4.22283     4.30898     4.06353
       7200   0.0863795         1.9     489.204      244.54     79.1931      3540.6     3207.23     6747.83     2362.05     2406.13    0.443485    -134.394     42.6772     2067.57     2295.43     2.78643     37.5983       0.016     6.53201     4.22855     4.32473     4.08479
       7100   0.0814152         1.9     497.837     244.985     78.5695     3557.33     3224.55     6781.88     2364.17     2410.49     0.44192    -135.835     42.6788     2066.73     2294.05     2.78766     37.1445       0.016      6.5459      4.2348     4.34174     4.10308
       7000    0.057485         1.9     505.955     245.322     77.7412     3566.48     3236.83     6803.31     2365.51     2413.17    0.440236    -136.907     42.6803     2067.07     2294.16     2.78757     36.4786       0.016     6.55987     4.24236     4.35745     4.11653
       6900    0.058275         1.9     511.704     245.641     76.8304     3575.71     3249.29        6825     2365.31     2412.82     0.43875    -137.364     42.6815     2067.27     2294.12     2.78784      35.739       0.016     6.57316     4.25171     4.37145     4.12869
       6800   0.0796241         1.9     517.553      245.97     75.8484     3583.21     3266.22     6849.43     2365.18     2412.53    0.437424    -137.838     42.6826     2067.13     2293.66     2.78848     34.9423       0.016     6.58575     4.26217      4.3846     4.14093
       6700   0.0744584         1.9      525.51     246.275     74.7846     3590.36     3282.04      6872.4     2366.14     2414.29    0.436118    -138.713     42.6835     2067.13      2293.4     2.78879     34.0634       0.016     6.59782     4.27329     4.39714     4.15196
       6600   0.0602184         1.9     532.942     246.557     73.6912     3598.31     3294.88      6893.2     2366.59     2415.04    0.434852    -139.397     42.6843     2067.31     2293.37     2.78892     33.1486       0.016     5.80839     4.28474     4.00753     4.16159
       6500   0.0668994         1.9     538.971     246.846     72.5876     3603.48     3309.14     6912.61     2366.19     2414.15    0.433699    -139.774      42.685     2067.26     2293.07      2.7894      32.227       0.016     5.81785     4.29619     4.01551     4.17088
       6400   0.0660122         1.9      545.66     247.135     71.7738     3608.15      3323.2     6931.35     2366.17        2414    0.432603    -140.311     42.6856     2067.05     2292.57        2.79     31.5131       0.016     5.82668      4.3074     4.02276     4.17984
       6300   0.0730337         1.9     552.268     247.416     71.1266     3613.71     3338.74     6952.44     2366.06      2413.7    0.431523    -140.815     42.6861     2066.87     2292.11     2.79055     30.9451       0.016     5.83508     4.31826     4.02967     4.18818
       6200   0.0758749         1.9     559.574     247.681     70.5735     3627.32     3354.86     6982.18      2366.3     2414.06    0.430455    -141.433     42.6866     2066.75     2291.74     2.79095     30.4506       0.016     5.84311     4.32876     4.03633     4.19575
       6100   0.0788023         1.9     567.164     247.925     70.1042     3641.86     3371.58     7013.44     2366.61     2414.54    0.429401    -142.054      42.687     2066.74     2291.52      2.7912     30.0219       0.016     5.85077     4.33889     4.04264     3.80204
       6000   0.0818158         1.9     575.048     248.151     69.6913     3645.59     3388.93     7034.52     2366.99     2415.15    0.428379    -142.674     42.6873     2066.79     2291.39     2.79132     29.6377       0.016     5.85802     4.34862     4.04829     3.80551
       5900   0.0723113         1.9      583.22     248.359     69.3224     3651.31     3404.27     7055.58     2367.44     2415.88    0.427398     -143.29     42.6876     2066.89     2291.33     2.79135     29.2881       0.016     5.86483     4.35793     4.05344     3.80749
       5800   0.0798729         1.9     590.458     248.562     69.0058     3663.33     3421.21     7084.54      2367.3     2415.48    0.426481    -143.667     42.6879     2066.91     2291.18     2.79151     28.9857       0.016     5.87121     4.36679     4.05813     3.80931
       5700    0.080877         1.9     598.447      248.76     68.7201     3665.66     3438.35     7104.01     2367.58     2415.88      0.4256     -144.18     42.6881     2066.87     2290.97     2.79166      28.711       0.016     5.87723     4.37519     4.06254     3.81096
       5600   0.0812271         1.9     606.535     248.942     68.4609     3666.34     3455.56      7121.9     2367.85     2416.26     0.42473    -144.667     42.6883     2066.91     2290.86     2.79169     28.4573       0.016     5.88294     4.38317     4.06662     3.81227
       5500   0.0816211         1.9     614.658     249.114     68.2278     3677.02     3472.84     7149.87     2368.07     2416.57    0.423886    -145.121     42.6885     2066.96     2290.77     2.79169     28.2258       0.016     5.88831     4.39072     4.07037     3.81342
       5400   0.0809866         1.9     622.819     249.276     67.2789     3687.13     3489.99     7177.12     2368.27     2416.82    0.423067     -145.56     42.6886        2067     2290.68     2.79166     27.4731       0.016     5.89338     4.39786     4.07385      3.8145
       5300   0.0803821         1.9     630.917     249.432     65.9021     3689.74     3507.01     7196.75     2368.39     2416.93    0.422272    -146.007     42.6887     2067.02     2290.58     2.79164     26.3362       0.016     5.89814     4.00375     4.07712     3.81558
       5200   0.0955741         1.9     638.971     249.581      64.286     3704.75     3527.23     7231.98     2368.46     2416.95    0.421499    -146.488     42.6888     2067.02     2290.44     2.79164     24.9895       0.016     5.90262     4.00755     4.08018     3.81668
       5100   0.0922769         1.9     648.525     249.704     62.4934     3706.84     3546.72     7253.56     2369.31     2418.45    0.420711    -147.303     42.6889     2067.16      2290.5     2.79135     23.4793       0.016      5.9068     4.01043     4.08293     3.81714
       5000   0.0890213         1.9     657.749     249.803     60.5568     3710.94     3565.52     7276.46     2369.83      2419.3    0.419934    -148.043      42.689     2067.44     2290.75     2.79088     21.8334       0.016     5.91057     4.01288     4.08511     3.81715
       4900   0.0952403         1.9     666.658     249.892     58.5395     3716.38     3585.63     7302.01     2370.11     2419.67    0.419208    -148.745     42.6891     2067.65     2290.92     2.79051     20.1075       0.016     5.91387     4.01507      4.0869      3.8173
       4800   0.0984812         1.9     676.185     249.969     56.4341     3717.53     3606.41     7323.94     2370.67     2420.59    0.418503    -149.609     42.6891     2067.85     2291.09     2.79007     18.2973       0.016     5.91675     4.01708     4.08843     3.81733
       4700    0.101803         1.9     686.036     250.028     54.2585     3722.39     3627.88     7350.28     2371.32     2421.66    0.417806    -150.553     42.6892     2068.13     2291.37      2.7895     16.4122       0.016     5.91924     4.01894     4.08968     3.81704
       4600   0.0936225         1.9     696.209      250.07     52.0438     3726.27     3647.61     7373.88     2372.04     2422.85    0.417125     -151.57     42.6892     2068.47     2291.73     2.78881     14.4812       0.016     5.92133     4.02051     4.09084     3.81653
       4500    0.090099         1.9     705.567      250.11     49.7867     3731.83      3666.6     7398.43     2372.21        2423    0.416484    -152.442     42.6893     2068.73        2292     2.78825     12.5075       0.016     5.92301     4.02161      4.0919     3.81633
       4400    0.099305         1.9     714.586     250.157     47.8726     3737.94     3687.54     7425.48     2372.19      2422.8    0.415882      -153.3     42.6893     2068.82     2292.06     2.78788     10.7768       0.016     5.92441     4.02225     4.09303     3.81666
       4300    0.101051         1.9     724.519     250.199     46.1323     3741.58     3708.85     7450.42     2372.67     2423.57    0.415268     -154.37     42.6894     2068.92     2292.15     2.78741     9.19627       0.016     5.92564     4.02256     4.09421     3.81686
       4200    0.104266         1.9     734.627     250.227      44.484      3749.6     3730.82     7480.42     2373.16     2424.37    0.414636     -155.46     42.6894     2069.14     2292.38     2.78679     7.68406       0.016      5.9267     4.02264     4.09523     3.81672
       4100     0.10188         1.9     745.051     250.242     42.9096     3761.55     3752.28     7513.83     2373.75     2425.34    0.414006    -156.593     42.6894     2069.41     2292.69     2.78607      6.2281       0.016     5.92755     4.02256     4.09602     3.81635
       4000    0.109401         1.9     755.247     250.251     41.3845     3773.84     3775.33     7549.16     2374.12      2425.9    0.413394    -157.656     42.6894     2069.68     2292.99     2.78535     4.81091       0.016     5.92815     4.02236     4.09659     3.81597
       3900    0.117012         1.9     766.194     250.249     39.8836     3788.82     3799.98      7588.8     2374.86     2427.14    0.412786    -158.852     42.6894     2069.98     2293.35     2.78454     3.41015       0.016     5.92853     4.02207     4.09699     3.81538
       3800    0.110374         1.9     777.889     250.226     38.3904     3802.22      3823.2     7625.42     2375.88     2428.91    0.412166    -160.147     42.6895     2070.43     2293.89     2.78351     2.00893       0.016     5.92864     4.02171     4.09709     3.81426
       3700     0.10993         1.9     788.926     250.195     36.3191     3819.67     3846.33        7666      2376.4      2429.7    0.411574    -161.266     42.6895     2070.87     2294.44      2.7825    0.224586       0.016     5.92844     4.02128     4.09685     3.81318
       3600    0.109474         1.9     799.919     250.166     32.6961     3834.61     3869.37     7703.97     2376.84     2430.34    0.411017    -162.439     42.6895      2071.2     2294.84     2.78162    -2.84523       0.016     5.92795     4.02078     4.09651     3.81239
       3500    0.118079         1.9     810.875      250.14     28.3903     3848.66     3894.23     7742.88      2377.2     2430.85    0.410469    -163.728     42.6895     2071.46     2295.18      2.7808    -6.50461       0.016     5.92727     4.02024     4.09615     3.81178
       3400    0.113588         1.9     822.678     250.105     23.8211     3858.63     3918.12     7776.75     2377.98     2432.15    0.409906    -165.316     42.6895     2071.78     2295.58     2.77985     -10.435       0.016     5.92648     4.01969     4.09574     3.81093
       3300    0.115419         1.9     834.039     250.066     19.0002     3859.13      3942.4     7801.53      2378.4     2432.78    0.409342    -166.926     42.6895     2072.13     2296.02     2.77888    -14.5909       0.016     5.92554     4.01912     4.09517     3.81003
       3200    0.117261         1.9     845.582     250.027     14.5252     3860.77     3967.08     7827.84     2378.88     2433.52    0.408789      -168.7     42.6895     2072.42     2296.39     2.77796    -18.5807       0.016     5.92448     4.01854     4.09454     3.80924
       3100    0.117235         1.9     857.308     249.987     11.3793     3860.84     3991.74     7852.58      2379.4     2434.33     0.40823    -170.563     42.6895     2072.72     2296.78     2.77702    -21.4928       0.016     5.92333     4.01796     4.09385      3.8084
       3000    0.117204         1.9     869.032     249.944     8.71681     3863.67      4016.4     7880.07     2379.84     2435.01    0.407669     -172.42     42.6895     2073.02     2297.16     2.77607    -24.0042       0.016     5.92211     4.01742     4.09311     3.80757
       2900    0.121637         1.9     880.757     249.903     6.40152     3866.82     4041.99     7908.82     2380.24      2435.6    0.407109    -174.258     42.6895     2073.29     2297.52     2.77514    -26.2285       0.016     5.92082      4.0171     4.09233      3.8068
       2800    0.120932         1.9      892.92     249.859     4.32697     3870.23     4067.43     7937.67     2380.82     2436.55    0.406537    -176.146     42.6895     2073.59      2297.9     2.77416    -28.2505       0.016      5.9195     4.01684     4.09152     3.80592
       2700    0.138085         1.9      905.03     249.812     2.25169     3873.93     4096.52     7970.45      2381.3      2437.3     0.40596    -177.976     42.6895     2073.91     2298.32     2.77316    -30.2399       0.016     5.91813      4.0166     4.09063     3.80497
       2600    0.114994         1.9     918.816     249.746   -0.178591     3886.94     4120.68     8007.62     2382.62     2439.63    0.405352    -180.084     42.6895     2074.39     2298.93     2.77186    -32.5247       0.016     5.91668     4.01634     4.08957     3.80337
       2500    0.134003         1.9     930.334     249.686    -2.68933     3887.71     4148.89      8036.6     2382.53     2439.26    0.404779    -181.709     42.6895      2074.8     2299.47     2.77078    -34.8751       0.016     5.91507     4.01603     4.08827     3.80222
       2400    0.132953         1.9     943.733     249.627    -5.23949     3888.76     4176.86     8065.63      2383.5     2440.93     0.40421    -183.723     42.6895     2075.11     2299.88      2.7697    -37.2632       0.016     5.91338     4.01568     4.08705     3.80108
       2300    0.131203         1.9     957.027     249.556    -7.82377     3889.85     4204.46     8094.31     2384.26     2442.19    0.403613    -185.678     42.6895     2075.58     2300.49     2.76843    -39.6845       0.016     5.91161     4.01529     4.08567      4.1995
       2200    0.129427         1.9     970.145     249.484    -10.2653     3897.62     4231.68      8129.3     2384.84     2443.08     0.40303     -187.58     42.6895     2076.01     2301.06     2.76722    -42.0163       0.016     5.90972     4.01487     4.08407     4.19736
       2100    0.130202         1.9     983.089     249.417    -12.2892      3898.4     4259.06     8157.46     2385.26     2443.69    0.402461    -189.428     42.6895     2076.36     2301.53     2.76611    -44.0023       0.016     5.90773      4.0144     4.08222     4.19494
       2000     0.13097         1.9      996.11     249.355    -14.1383     3899.44      4286.6     8186.04     2385.68     2444.31    0.401894    -191.263     42.6896     2076.66     2301.93     2.76505    -45.8375       0.016     5.90571      4.0137     4.08025     4.19237
       1900    0.134253         1.9     1009.21     249.294    -15.8537     3901.41     4314.84     8216.26      2386.1     2444.95    0.401318    -193.077     42.6896     2076.95     2302.32     2.76399    -47.5576       0.016     5.90368     4.01155     4.07824     4.18967
       1800    0.135216         1.9     1022.64     249.229    -17.4691     3902.51     4343.28     8245.79     2386.66     2445.84    0.400729    -194.909     42.6896     2077.26     2302.74     2.76288    -49.1904       0.016     5.90164     4.01024     4.07612     4.18671
       1700    0.140074         1.9     1036.16      249.16    -19.1028     3902.61     4372.75     8275.35     2387.21     2446.71    0.400132    -196.706     42.6896     2077.61      2303.2     2.76172    -50.8175       0.016     5.89956     4.00931     4.07385     4.18344
       1600    0.148272         1.9     1050.18     249.084    -20.9332     3905.42     4403.95     8309.37     2387.96     2447.96    0.399526    -198.549     42.6896        2078     2303.73     2.76048    -52.6039       0.016     5.89743      4.0085     4.07142     4.17974
       1500    0.140605         1.9        1065     248.993    -22.8305     3908.81      4433.5     8342.31     2389.04     2449.84    0.398905    -200.486     42.6896     2078.53     2304.42     2.75903    -54.4485       0.016      5.8952     4.00772     4.06867     4.17521
       1400    0.133541         1.9     1079.05     248.899    -24.7637     3911.83     4461.55     8373.38     2389.58     2450.65    0.398304     -202.22     42.6896     2079.05     2305.12     2.75764    -56.3205       0.016      5.8928     4.00691     4.06553     4.17033
       1300    0.137565         1.9     1092.41     248.819    -26.7076     3918.75     4490.47     8409.22      2389.7      2450.7    0.397743    -203.815     42.6896     2079.37     2305.56     2.75651    -58.1952       0.016     5.89027     4.00607     4.06229     4.16601
       1200     0.14156         1.9     1106.17     248.749    -28.3705     3937.56     4520.23     8457.79     2390.06     2451.21     0.39718    -205.493     42.6896      2079.6     2305.89     2.75546    -59.8823       0.016     5.88773      4.0052      4.0592     4.16212
       1100     0.14521         1.9     1120.33     248.675    -29.2764     3953.41     4550.77     8504.18     2390.61     2452.08    0.396588    -207.197     42.6896     2079.89     2306.29      2.7543    -60.9429       0.016     5.88524     4.00434     4.05622     4.15817
       1000    0.148238         1.9     1134.85     248.595    -29.8522     3967.26     4581.94      8549.2     2391.28     2453.21    0.395975    -208.876     42.6896     2080.26      2306.8     2.75303      -61.72       0.016     5.88278      4.0035      4.0532     4.15389
        900    0.148162         1.9     1149.68     248.506    -30.0703     3981.63     4613.08     8594.72     2392.05     2454.49    0.395353    -210.498     42.6896     2080.71      2307.4     2.75166    -62.2013       0.016     5.88028     4.00265     4.05002     4.14919
        800    0.165832         1.9     1164.51     248.413    -30.0182     3997.37     4647.99     8645.36     2392.73      2455.6    0.394734    -211.997     42.6896     2081.17     2308.02     2.75028    -62.4418       0.016     5.87769     4.00178     4.04664      4.1442
        700    0.170013         1.9      1181.1     248.299    -29.6622     4011.01     4683.76     8694.76     2394.28     2458.35    0.394093    -213.676     42.6896      2081.8     2308.86     2.74859    -62.4406       0.016     5.87498     4.00089     4.04294      4.1382
        600    0.157256         1.9     1198.09     248.156     -28.844     4034.65     4716.78     8751.43     2395.83     2461.04    0.393442    -215.221     42.6896     2082.67        2310     2.74661    -62.0492       0.016     5.87201     4.39992     4.03859     4.13076
        500    0.155412         1.9     1213.81     248.014    -27.7228     4058.88     4749.41     8808.29      2396.5     2462.05    0.392852    -216.344     42.6896     2083.42     2311.01     2.74483    -61.3846       0.016     5.86867     4.39839     4.03362     4.12312
        400    0.165794         1.9     1229.36     247.884    -26.2739     4095.61     4784.25     8879.86     2397.05     2462.81    0.392312    -217.303     42.6896     2083.94     2311.72     2.74332    -60.4302       0.016     5.86506     4.39611     4.02848     4.11606
        300    0.143032         1.9     1245.92      247.75    -24.5761     4121.72     4814.23     8935.95     2398.09     2464.55    0.391757    -218.299     42.6896     2084.46     2312.46     2.74172    -59.2476       0.016     5.86131     4.39323     4.02332     4.10893
        200    0.141436         1.9     1260.22     247.632    -22.3606     4154.68     4843.89     8998.57     2397.81     2463.77    0.391229    -218.732     42.6896     2084.83     2312.99     2.74042    -57.6541       0.016     5.85745     4.38986     4.01816     4.10265
        100    0.161362         1.9     1274.38     247.543    -19.2131     4172.82      4877.8     9050.62     2397.56     2463.12     0.39072    -219.034     42.6896     2084.88     2313.12      2.7395     -55.258       0.016     5.85365     4.38615     4.01352     4.09793
          0    0.161938         1.9     1290.52     247.446    -15.5869     4177.98     4911.81     9089.79     2398.44     2464.65    0.390135    -219.528     42.6896     2085.07     2313.43     2.73827    -52.4375       0.016     5.85007     4.38224     4.00936     4.09318