      20000           0         0.2           0     179.437      354.04     78.9895     14.2831     93.2726     2343.43     2426.93    0.785391      6.5598     39.9574     2049.96      2345.7     2.72671     271.433       0.016     5.73044     4.59858     4.35318     4.39114
      19900           0         0.2           0     179.437      353.13     151.419     29.7361     181.156     2343.43     2426.93    0.785563     6.43382     39.9574     2049.96      2345.7     2.72686     270.633       0.016     5.73044     4.59858     4.35318     4.39114
      19800           0         0.2           0     179.437     352.506     228.894     46.3592     275.253     2343.43     2426.93    0.785735     6.30822     39.9574     2049.96      2345.7     2.72701     270.044       0.016     5.73044     4.59858     4.35318     4.39114
      19700           0         0.2           0     179.437     352.255     299.319     60.5222     359.841     2343.43     2426.93    0.785907     6.19879     39.9574     2049.96      2345.7     2.72716     269.745       0.016     5.73044     4.59858     4.35318     4.39114
      19600           0         0.2           0     179.437      352.29     351.209     72.5053     423.714     2343.43     2426.93    0.786079     6.12087     39.9574     2049.96      2345.7     2.72731     269.689       0.016     5.73044     4.59858     4.35318     4.39114
      19500           0         0.2           0     179.437     350.597     414.692     82.0183      496.71     2343.43     2426.93    0.786251     6.05158     39.9574     2049.96      2345.7     2.72746     268.519       0.016     5.73044     4.59858     4.35318     4.39114
      19400           0         0.2           0     179.437     347.879     487.353     94.1014     581.454     2343.43     2426.93    0.786423     5.90477     39.9574     2049.96      2345.7     2.72761     266.477       0.016     5.73044     4.59858     4.35318     4.39114
      19300           0         0.2           0     179.437     345.374     558.279     106.214     664.494     2343.43     2426.93    0.786595     5.65656     39.9574     2049.96      2345.7     2.72775     264.481       0.016     5.73044     4.59858     4.35318     4.39114
      19200           0         0.2           0     179.437     342.873     620.606     118.358     738.963     2343.43     2426.93    0.786767     5.32496     39.9574     2049.96      2345.7      2.7279     262.498       0.016     5.73044     4.59858     4.35318     4.39114
      19100           0         0.2           0     179.437      342.02     681.386     130.011     811.397     2343.43     2426.93    0.786938     4.94128     39.9574     2049.96      2345.7     2.72805     261.588       0.016     5.73044     4.59858     4.35318     4.39114
      19000           0         0.2           0     179.437     342.156      741.53     142.474     884.004     2343.43     2426.93     0.78711     4.58749     39.9574     2049.96      2345.7      2.7282     261.511       0.016     5.73044     4.59858     4.35318     4.39114
      18900           0         0.2           0     179.437     340.553     800.577     155.747     956.323     2343.43     2426.93    0.787281     4.26219     39.9574     2049.96      2345.7     2.72835      260.36       0.016     5.73044     4.59858     4.35318     4.39114
      18800           0         0.2           0     179.437     337.986     870.831      166.28     1037.11     2343.43     2426.93    0.787452     3.87637     39.9574     2049.96      2345.7      2.7285     258.368       0.016     5.73044     4.59858     4.35318     4.39114
      18700           0         0.2           0     179.437      336.21     952.601     178.113     1130.71     2343.43     2426.93    0.787624     3.41716     39.9574     2049.96      2345.7     2.72864     256.824       0.016     5.73044     4.59858     4.35318     4.39114
      18600           0         0.2           0     179.437     334.818     1047.59     192.576     1240.17     2343.43     2426.93    0.787795     2.92873     39.9574     2049.96      2345.7     2.72879     255.619       0.016     5.73044     4.59858     4.35318     4.39114
      18500           0         0.2           0     179.437     333.482     1150.05     201.259     1351.31     2343.43     2426.93    0.787966     2.42444     39.9574     2049.96      2345.7     2.72894     254.469       0.016     5.73044     4.59858     4.35318     4.39114
      18400           0         0.2           0     179.437     332.205     1219.19     209.492     1428.69     2343.43     2426.93    0.788137      1.9065     39.9574     2049.96      2345.7     2.72909     253.357       0.016     5.73044     4.59858     4.35318     4.39114
      18300           0         0.2           0     179.437     329.228      1275.7     218.075     1493.77     2343.43     2426.93    0.788308     1.34924     39.9574     2049.96      2345.7     2.72924     251.114       0.016     5.73044     4.59858     4.35318     4.39114
      18200           0         0.2           0     179.437       325.2      1360.8     226.658     1587.45     2343.43     2426.93    0.788478    0.672723     39.9574     2049.96      2345.7     2.72938      247.97       0.016     5.73044     4.59858     4.35318     4.39114
      18100           0         0.2           0     179.437     321.768     1469.79     234.714      1704.5     2343.43     2426.93    0.788649   -0.137283     39.9574     2049.96      2345.7     2.72953      245.11       0.016     5.73044     4.59858     4.35318     4.39114
      18000           0         0.2           0     179.437     318.559     1574.09     243.331     1817.42     2343.43     2426.93     0.78882    -1.04056     39.9574     2049.96      2345.7     2.72968     242.443       0.016     5.73044     4.59858     4.35318     4.39114
      17900           0         0.2           0     179.437      317.64     1670.99     253.364     1924.35     2343.43     2426.93     0.78899    -1.98653     39.9574     2049.96      2345.7     2.72983     241.293       0.016     5.73044     4.59858     4.35318     4.39114
      17800           0         0.2           0     179.437     318.134        1766     264.257     2030.25     2343.43     2426.93    0.789161    -2.86227     39.9574     2049.96      2345.7     2.72997     241.331       0.016     5.73044     4.59858     4.35318     4.39114
      17700           0         0.2           0     179.437     316.312     1860.47      274.54     2135.01     2343.43     2426.93    0.789331    -3.66765     39.9574     2049.96      2345.7     2.73012     239.957       0.016     5.73044     4.59858     4.35318     4.39114
      17600           0         0.2           0     179.437     313.229     1943.92     288.828     2232.75     2343.43     2426.93    0.789502    -4.52282     39.9574     2049.96      2345.7     2.73027     237.487       0.016     5.73044     4.59858     4.35318     4.39114
      17500           0         0.2           0     179.437     313.298     2011.35     302.776     2314.12     2343.43     2426.93    0.789672    -5.41147     39.9574     2049.96      2345.7     2.73042     237.026       0.016     5.73044     4.59858     4.35318     4.39114
      17400           0         0.2           0     182.115     344.137     2042.72     312.444     2355.16     2337.81     2427.24    0.817182    -7.03503     39.0482     2090.19     2390.75     2.64272     282.715       0.016      5.7211     4.59193      4.3525     4.39344
      17300           0         0.2           0     182.934     353.815     2073.54     322.233     2395.78     2333.75     2428.42    0.848489    -7.23612     38.2531     2099.33     2400.72     2.62299     291.111       0.016     5.71793     4.58375     4.34297     4.38361
      17200           0         0.2           0      183.39     359.881     2096.59     335.928     2432.52     2330.58     2429.87    0.876868    -7.02974     37.5586     2103.93      2405.7     2.61341     296.236       0.016     5.72125     4.57463     4.32783     4.36492
      17100           0         0.2           0     183.841     363.835     2099.91     350.717     2450.63     2328.02     2431.38    0.901834    -6.64495     36.9519     2107.52     2409.45     2.60581     299.608       0.016     5.72871     4.56346     4.30774     4.33998
      17000           0         0.2           0     184.395     366.328     2106.32     368.422     2474.74     2325.94     2432.88    0.923629    -6.19849      36.422     2110.68     2412.53     2.59894     301.804       0.016     5.73799     4.54879     4.28324     4.31057
      16900           0         0.2           0     185.076     363.157     2119.69     386.971     2506.66     2324.24     2434.34    0.942573    -5.83044     35.9588     2113.56      2415.1     2.59263     299.792       0.016     5.74731     4.52873     4.25519     4.27796
      16800           0         0.2           0     185.879      356.08     2132.94     406.282     2539.22     2322.88     2435.75     0.95898    -5.80695     35.5537     2116.22     2417.24     2.58687      294.26       0.016     5.75543     4.50524     4.22418     4.24311
      16700           0         0.2           0     186.789     347.713     2143.96     427.383     2571.34      2321.8     2437.11     0.97314    -6.22983      35.199      2118.7     2419.03     2.58162     287.424       0.016     5.76158     4.47861      4.5905     4.20736
      16600           0         0.2           0     187.792     338.163     2156.83      452.74     2609.57     2320.95     2438.38    0.985304    -7.09448     34.8882     2121.04     2420.52     2.57681     279.594       0.016     5.76538     4.44944     4.55473     4.57412
      16500           0         0.2           0     188.875     339.172     2164.82     472.218     2637.03      2320.3     2439.58    0.995708    -8.20911     34.6155     2123.26     2421.76      2.5724     279.344       0.016      5.7667     4.41878      4.5183     4.53859
      16400   0.0650992         0.2   0.0650992     190.027      347.24     2171.37     496.159     2667.52     2319.86     2440.71     1.00457    -8.99678      34.376     2125.37     2422.79     2.56833     285.676       0.016     5.76561     4.78854     4.48125     4.50183
      16300    0.111978         0.2      6.6219     191.298     352.197     2187.86     517.377     2705.24     2323.05     2442.48     1.01208    -10.7655     34.1655     2127.47     2423.66     2.56494     290.397       0.016     5.76229     4.75452     4.44471     4.46731
      16200   0.0758625         0.2     17.7836     192.745     355.481     2209.42     544.077      2753.5     2328.12     2444.56     1.01845    -13.0088     33.9801     2129.67     2424.43     2.56269     293.462       0.016     5.75702     4.71895     4.41022     4.43829
      16100  0.00993787         0.2      25.304     194.308     347.009     2227.29     573.507      2800.8     2330.34     2446.03     1.02385    -13.9827     33.8167     2131.91     2425.12       2.561     287.819       0.016     5.75017     4.68278     4.77752     4.41292
      16000           0         0.2     26.2878     195.862     330.648     2235.18     601.348     2836.53     2328.78     2446.67     1.02835    -13.9134     33.6725     2134.06     2425.72     2.55886      274.86       0.016     5.74215      4.6471     4.74654     4.79002
      15900           0         0.2     26.2878     197.365     322.307     2238.18     627.835     2866.01     2327.16      2447.2     1.03197    -14.4575     33.5449     2136.04      2426.2     2.55607     267.077       0.016     5.73325     4.61333     4.71634     4.76308
      15800   0.0224068         0.2     26.3102      198.84     318.808     2244.25     651.355      2895.6        2326     2447.73     1.03482    -15.3262      33.432     2137.89     2426.59     2.55303      263.95       0.016     5.72366     4.98236     4.68573     4.73337
      15700   0.0328405         0.2     28.5613     200.324     316.501     2251.05     674.541     2925.59     2326.38     2448.49     1.03698    -16.7797     33.3317     2139.67     2426.89     2.55006     262.021       0.016     5.71348     4.94931     4.65516     4.70338
      15600   0.0372026         0.2     31.8497     201.842      315.22     2259.31     695.458     2954.77     2327.33     2449.31     1.03857    -18.3672     33.2426     2141.44     2427.16     2.54732     260.934       0.016     5.70276     4.91624     4.62518     4.67478
      15500   0.0348677         0.2     35.5677     203.393     313.177     2267.54     715.595     2983.14     2328.43     2450.11     1.03967    -19.8891     33.1631     2143.21      2427.4     2.54472      259.41       0.016     5.69185     4.88352     4.99608     4.64785
      15400   0.0732757         0.2     39.0929     204.965     310.744     2280.65     734.635     3015.28     2329.31     2450.83     1.04035    -21.2556     33.0921     2144.97     2427.62     2.54212     257.492       0.016      5.6809     4.85168     4.96685     4.62229
      15300    0.127831         0.2      46.475     206.586      309.86     2301.83     755.365     3057.19     2332.21     2451.91     1.04065    -23.3902     33.0283     2146.76     2427.84     2.53969     256.723       0.016     5.66998     4.82132     4.93915     4.60196
      15200    0.168892         0.2     59.2991     208.318     309.951     2323.89     775.121     3099.01     2337.55     2453.44     1.04064    -26.3981     32.9709     2148.67     2428.09     2.53785     256.895       0.016     5.65925     5.19479     4.91515     4.98882
      15100     0.24518         0.2     76.2646     210.199     316.209     2354.75     793.695     3148.44     2344.18     2455.21      1.0404    -29.6561      32.919     2150.74     2428.39     2.53673     261.805       0.016     5.64899     5.16883     4.89559     4.98111
      15000    0.311754         0.2     100.849     212.278     326.665     2399.36     810.719     3210.08     2353.75     2457.57        1.04    -33.5274     32.8718     2153.04     2428.75     2.53646     270.685       0.016     5.63955     5.14231     4.88121     4.98134
      14900    0.364763         0.2     132.078     214.601     334.518     2454.34     824.765     3279.11      2365.2     2460.33      1.0395    -37.5119     32.8288     2155.63     2429.22     2.53724     278.054       0.016     5.63122     5.11774     4.87297     4.99159
      14800    0.342033         0.2     168.531     217.178     340.878     2520.16     836.865     3357.02     2377.47      2463.3     1.03895    -41.3691     32.7892     2158.52     2429.79     2.53889     284.013       0.016     5.62444     5.09598     4.87162     4.61071
      14700           0         0.2     202.392     219.879     331.583     2578.74     845.981     3424.72     2386.27     2465.63     1.03839    -43.7207     32.7525     2161.58     2430.47      2.5413     278.081       0.016     5.61965     5.07777     4.87619     4.63186
      14600           0         0.2     202.392     213.618     262.839     2596.54     868.203     3464.75     2379.54     2463.55     1.01021    -39.5059     33.7363     2123.58     2392.17     2.71008     199.283       0.016     6.51898     4.84407     4.62859     4.66724
      14500           0         0.2     202.392      211.85     235.957     2597.95     895.701     3493.65     2375.07     2461.39    0.974408    -40.6347     34.6823     2116.86     2386.14     2.73384     173.899       0.016     6.75201     4.66121     4.78126     4.73536
      14400           0         0.2     202.392     212.222     219.371     2604.17     924.833     3529.01     2372.63     2459.43      0.9373    -43.6007     35.5885     2112.98     2381.11      2.7412     159.018       0.016      6.5634     4.40269      4.4537     4.41052
      14300           0         0.2     202.392     213.322     205.092     2613.37     950.661     3564.03     2371.66     2457.61    0.899306    -47.0489     36.4418     2109.94     2376.26     2.74712      147.18       0.016       6.501     4.46194     4.47664      4.4623
      14200           0         0.2     202.392       214.6     192.921      2629.3     974.614     3603.91     2371.65     2455.87    0.861588    -50.4915     37.2291     2107.29      2371.7     2.75276     137.233       0.016       6.501     4.47787     4.47653      4.5013
      14100           0         0.2     202.392     215.873     186.348     2645.83     997.074      3642.9      2372.2     2454.13    0.825222    -53.6521     37.9427     2104.91     2367.47     2.75806     131.518       0.016       6.501      4.4705     4.46833     4.52908
      14000           0         0.2     202.392      217.09     183.292     2671.64     1016.97      3688.6     2373.03     2452.39     0.79098     -56.295     38.5803     2102.73     2363.57       2.763     128.855       0.016       6.501     4.45297     4.45926     4.54898
      13900           0         0.2     202.392     218.243     178.276     2702.67      1039.3     3741.97     2373.95     2450.62    0.759319    -58.4502     39.1438     2100.74     2359.97     2.76761     125.109       0.016       6.501     4.43321     4.45244     4.56432
      13800           0         0.2     202.392     219.338     172.406     2724.97     1058.47     3783.44     2374.84     2448.82    0.730442    -60.3471     39.6376      2098.9     2356.62     2.77196     120.531       0.016       6.501     4.41749     4.44911     4.57766
      13700           0         0.2     202.392     220.385     168.121     2763.17     1079.44      3842.6     2375.64        2447     0.70437    -62.0764     40.0676      2097.2     2353.49     2.77609     117.019       0.016       6.501     4.41065     4.44974     4.59076
      13600           0         0.2     202.392     221.397     164.726     2794.11     1099.24     3893.36      2376.3     2445.16    0.681005    -63.6322     40.4403      2095.6     2350.54     2.78006     114.283       0.016       6.501     4.40887     4.45439     4.20414
      13500           0         0.2     202.392     222.378     167.912     2825.44      1112.7     3938.14     2376.82     2443.32    0.660187    -64.9352     40.7621     2094.09     2347.73     2.78392     116.252       0.016      6.5077     4.41025      4.4619      4.2137
      13400           0         0.2     202.392     223.328     175.102     2855.43     1128.41     3983.84     2377.18     2441.49    0.641721     -65.715     41.0391     2092.66     2345.06     2.78767     121.741       0.016       6.535     4.41384     4.47097     4.22173
      13300           0         0.2     202.392     224.246     172.122     2886.05     1141.02     4027.07     2377.41     2439.68    0.625383    -66.1102      41.277     2091.31     2342.52     2.79131     120.367       0.016     6.56273      4.4191     4.48183     4.23266
      13200           0         0.2     202.392     227.793      192.95     2899.45     1153.14     4052.59     2370.25     2437.99    0.663076    -66.5552     40.2965     2128.64     2383.01     2.67747     153.053       0.016     6.27361     4.42313     4.50597     4.24945
      13100           0         0.2     202.392     230.033     199.557     2906.84     1158.98     4065.82     2364.46     2437.17    0.701639    -65.9554     39.3976     2137.78     2391.59     2.64732     159.463       0.016     6.52849     4.42007     4.52063     4.25803
      13000           0         0.2     202.392     231.835     205.443     2922.27     1165.63      4087.9     2359.55     2436.66    0.736488    -64.9791     38.5929     2142.27     2395.11     2.63163     165.303       0.016       5.932     4.40461     4.52028     4.25778
      12900   0.0397198         0.2     202.432     233.279     211.731     2922.55     1171.06     4093.61     2355.36     2436.32    0.767266    -63.8308     37.8817     2145.35     2397.33     2.62023     171.211       0.016      6.0941     4.78019        4.51     4.24906
      12800   0.0673146         0.2     206.432     234.409     218.071     2930.49     1177.53     4108.01     2353.88     2436.51    0.794369    -63.4122     37.2566     2147.68     2398.99     2.61178     177.125       0.016     5.42481     4.75082     4.49464     4.23517
      12700   0.0126185         0.2     213.108     235.507     220.287     2933.05     1184.63     4117.67     2353.91     2437.01    0.818283    -63.4075      36.708     2149.74     2400.36     2.60454     179.778       0.016     5.52375     4.72014     4.47706     4.21977
      12600           0         0.2     214.358     236.723     219.608     2949.23     1193.05     4142.29     2350.87      2436.9    0.839213    -62.2568      36.226     2151.76     2401.56     2.59675     179.689       0.016     5.60161     4.68788     4.45707     4.20363
      12500           0         0.2     214.358     237.944     219.461      2962.9      1202.1        4165     2347.66     2436.73    0.857424    -61.2025     35.8017     2153.66     2402.64     2.58875     179.744       0.016     5.66209     4.65511      4.4363     4.58488
      12400           0         0.2     214.358     239.164     219.441     2978.69     1209.03     4187.73     2345.01     2436.65    0.873233    -60.4755     35.4274     2155.48     2403.62     2.58085     179.958       0.016     5.70858     4.62483     4.41554     4.56163
      12300           0         0.2     214.358     240.391     218.105     2983.52     1215.43     4198.94     2342.79     2436.63    0.886946    -60.0427     35.0963     2157.22     2404.52     2.57314     179.099       0.016     5.74462     4.99746     4.79377     4.53606
      12200    0.059033         0.2     214.417     241.633     215.786     2993.16      1223.1     4216.26     2340.99     2436.67    0.898827    -59.9392     34.8029     2158.93     2405.36     2.56562     177.296       0.016     5.77267     4.97018     4.76931     4.50921
      12100    0.125374         0.2     220.386     242.951     214.919     3011.78     1232.59     4244.37     2342.65      2437.4    0.909113     -61.373     34.5423     2160.66     2406.17     2.55863     176.504       0.016     5.79403     4.94319      4.7438     4.48392
      12000    0.190271         0.2     232.989     244.437     214.861     3039.11     1238.25     4277.36     2347.48     2438.77    0.918053    -64.1032     34.3104     2162.52     2406.99     2.55262     176.498       0.016     5.00907     4.91668     4.71945     4.46411
      11900    0.225949         0.2     252.051     246.155     215.586     3071.11     1246.65     4317.76     2354.82     2440.69    0.925861    -67.7763     34.1037     2164.61     2407.87     2.54768     177.138       0.016     5.01908     4.89091     4.69889     4.45223
      11800    0.312831         0.2     274.733     248.118     216.835     3108.84     1253.57     4362.41     2362.71     2442.78    0.932704    -71.5461     33.9194     2166.93     2408.81     2.54358     178.272       0.016     5.02562     4.86667     4.68409     4.44872
      11700    0.104246         0.2     305.808     250.369     225.352     3158.44     1259.78     4418.22     2373.66     2445.53    0.938699    -76.2247     33.7547      2169.5     2409.82     2.54036     185.133       0.016     5.02982     4.84454     4.67518       4.455
      11600   0.0569184         0.2     316.185     239.164     199.563     3188.89     1277.98     4466.87     2376.01     2445.27    0.912566    -75.3542     34.6333     2127.95     2371.27     2.73207     145.076       0.016     6.06177     4.60644     4.41665     4.48132
      11500           0         0.2      321.82     235.512     181.723     3211.18     1308.24     4519.42     2375.69     2444.12    0.880859     -76.151     35.4829     2120.78     2366.27     2.75887     129.434       0.016     6.55151      4.4227     4.56947     4.55074
      11400 0.000105964         0.2      321.82     235.159      158.12     3222.34     1341.03     4563.37     2373.35     2442.45    0.848064    -77.4566     36.2999      2116.9     2362.04      2.7655     109.865       0.016     6.38279     4.55928     4.24469     4.22616
      11300  0.00251025         0.2     321.833     235.949     146.911     3227.15     1370.56     4597.71     2372.39     2440.95    0.814152    -79.8676     37.0709     2113.97     2357.84     2.76995     99.4379       0.016     6.29394     4.22402     4.26845     4.28085
      11200           0         0.2     322.081     237.089     142.626     3227.16     1398.32     4625.48     2372.47     2439.53    0.780169    -82.3568     37.7829      2111.5     2353.86     2.77427     95.4561       0.016      6.2495     4.23574     4.26937     4.32178
      11100           0         0.2     322.081     238.287     134.924     3247.43     1424.93     4672.37     2372.91      2438.1    0.747197     -84.541     38.4281     2109.33     2350.18      2.7784     89.5385       0.016     6.23128     4.22496     4.26159     4.35032
      11000           0         0.2     322.081      239.45     125.609     3276.43     1450.28     4726.71     2373.64     2436.66    0.716026      -86.69     39.0042     2107.37     2346.79     2.78225     82.0785       0.016     6.22903     4.20852     4.25214      4.3699
      10900           0         0.2     322.081     240.563     120.248     3296.05     1477.32     4773.37     2374.48     2435.21    0.687135    -88.8085     39.5127     2105.59     2343.67     2.78586     77.3785       0.016     6.23669     4.59633     4.24439     4.38402
      10800           0         0.2     322.081     241.631     117.128     3304.01     1501.24     4805.24     2375.32     2433.73    0.660753    -90.7316     39.9577     2103.96     2340.77     2.78927     74.6727       0.016     6.25062     4.58424     4.23977     4.39546
      10700           0         0.2     322.081     242.657     113.113     3313.55     1524.81     4838.35     2376.08     2432.23    0.636926     -92.467     40.3448     2102.44     2338.06     2.79252     71.4507       0.016      6.2685     4.57373      4.2385     4.00499
      10600           0         0.2     322.081      243.64     108.704     3327.26     1548.07     4875.33     2376.73     2430.72    0.615591    -94.1264     40.6796     2101.03     2335.52     2.79564     67.8238       0.016     6.28879     4.56624     4.23972     4.01126
      10500           0         0.2     322.081     244.584     106.019      3341.2     1570.98     4912.18     2377.25     2429.22    0.596609    -95.7313     40.9683     2099.71     2333.13     2.79864     65.4185       0.016     6.31048     4.56223     4.24284     4.01653
      10400           0         0.2     322.081     245.489     104.347     3355.75     1591.69     4947.44     2377.65     2427.73    0.579799    -97.2247     41.2164     2098.48     2330.87     2.80152     63.9083       0.016     6.33292     4.56166     4.24772     4.02219
      10300           0         0.2     322.081     246.357     103.263     3363.68     1610.24     4973.92     2377.93     2426.25    0.564955    -98.5979     41.4292     2097.32     2328.75     2.80428       62.89       0.016     6.35564     4.56426     4.25469     4.03051
      10200           0         0.2     322.081     247.193     102.101     3372.45     1628.74      5001.2     2378.08     2424.78    0.551868    -99.8576     41.6113     2096.23     2326.73     2.80695     61.9026       0.016     6.37837      4.5697     4.26396     4.04126
      10100   0.0720007         0.2     322.153         248      99.928     3397.34     1644.44     5041.78     2378.15     2423.32    0.540339    -101.086     41.7671     2095.18      2324.8     2.80953     60.0909       0.016     6.40093     4.57763      4.2754     4.05408
      10000   0.0685329         0.2      329.35     248.894     97.3007     3415.74     1659.55     5075.29     2381.85     2422.62    0.530198    -103.727     41.9003     2094.35     2323.05     2.81281     57.8885       0.016     6.42337     4.58778     4.28922     4.07168
       9900   0.0649189         0.2       336.2     249.893     94.4218     3423.45     1673.96     5097.41     2384.39     2421.72    0.521329    -105.998      42.014     2093.74     2321.48     2.81664     55.4628       0.016     6.44623     4.20002     4.30655     4.09464
       9800   0.0572255         0.2     342.684     250.923      91.386     3432.44     1686.78     5119.21     2386.08     2420.69    0.513543    -108.015     42.1111     2093.19     2319.95     2.82036     52.9027       0.016     6.46983     4.21176     4.32724      4.1208
       9700     0.04969         0.2     348.399     251.945     88.2453     3434.45     1698.02     5132.47     2386.91     2419.51    0.506654    -109.779     42.1939     2092.64     2318.43     2.82385     50.2476       0.016     6.49409     4.22271     4.35049     4.14877
       9600    0.042355         0.2     353.361     252.938     85.0359        3436     1707.71     5143.71     2387.08     2418.21    0.500507     -111.37     42.2647     2092.06     2316.92     2.82703     47.5262       0.016     6.51881     4.23388     4.37542     4.17751
       9500   0.0352407         0.2     357.589      253.89     81.7772     3442.03      1715.9     5157.93     2386.76     2416.82    0.494979    -112.845     42.3252     2091.45     2315.41     2.82994     44.7533       0.016     6.54409     4.24562     4.00123     3.80571
       9400   0.0459626         0.2     361.124       254.8     79.2956        3465      1726.3      5191.3     2386.08     2415.38    0.489988    -114.234     42.3768     2090.82      2313.9     2.83259     42.5365       0.016     6.56968     4.25841     4.02153     3.82468
       9300   0.0350735         0.2     365.709     255.684     77.2493      3487.3     1734.41     5221.72     2386.04     2414.12    0.485477    -115.859      42.421     2090.22     2312.47     2.83517     40.7027       0.016     6.59511     4.27375     4.03752     3.84241
       9200   0.0306354         0.2     369.212      256.54     75.4604     3508.68     1741.57     5250.25     2385.37     2412.78    0.481395    -117.231     42.4588     2089.67     2311.12     2.83763     39.0837       0.016     5.81818     4.29098      4.0549     3.86061
       9100   0.0187444         0.2     372.264     257.355     73.8587     3522.08     1746.22      5268.3     2384.54     2411.45     0.47768     -118.52     42.4911     2089.12     2309.81     2.83988      37.623       0.016     5.83957     4.30956     4.07381      3.8791
       9000  0.00235286         0.2     374.122     258.121     72.4219      3533.4      1747.4      5280.8      2383.2     2410.04    0.474277    -119.589     42.5188     2088.54     2308.51      2.8419     36.3029       0.016     5.85993     4.32906     4.09334     3.89754
       8900  0.00573598         0.2      374.36     258.819     71.1599     3555.41     1749.23     5304.64     2381.24     2408.53    0.471136    -120.394     42.5426     2087.91     2307.21      2.8436     35.1304       0.016     5.87937     4.34914     4.11285     3.91514
       8800  0.00216405         0.2      374.93     259.466     70.0194     3565.87     1750.29     5316.16      2379.8     2407.13     0.46822    -121.361     42.5629     2087.24     2305.91     2.84516     34.0628       0.016     5.89787     4.36948     4.13188     3.93211
       8700           0         0.2     375.145     260.082     68.9764     3568.78     1750.61     5319.38     2378.39     2405.75    0.465514    -122.305     42.5804     2086.57     2304.63      2.8467     33.0788       0.016     5.91551     4.38984     4.15045     3.94885
       8600           0         0.2     375.145     260.669     68.0197     3571.13     1750.73     5321.86     2377.06      2404.4    0.463004    -123.248     42.5954      2085.9     2303.38     2.84821       32.17       0.016     5.93238     4.00847      4.1686     3.96537
       8500           0         0.2     375.145     261.231     67.1348      3574.9     1751.26     5326.15     2375.91     2403.09    0.460674     -124.22     42.6083     2085.23     2302.15     2.84971     31.3241       0.016     5.94853     4.02092     4.18629      3.9818
       8400           0         0.2     375.145     261.768     66.7438     3575.12     1751.72     5326.85     2374.89     2401.82    0.458511    -125.198     42.6195     2084.57     2300.95      2.8512     30.8522       0.016     5.96397     4.03055     3.80319     3.99822
       8300           0         0.2     375.145     262.281     66.6749     3586.71     1755.71     5342.41     2373.97     2400.59    0.456506    -126.145      42.629     2083.92     2299.79     2.85268     30.6696       0.016     5.97872     4.04063     3.81622     3.61093
       8200           0         0.2     375.145     262.768     66.8274     3593.82      1759.6     5353.42     2373.14     2399.42    0.454662    -127.043     42.6372     2083.31     2298.69     2.85412     30.6797       0.016     5.99279     4.05217     3.82617     3.61865
       8100           0         0.2     375.145     263.232     67.1727     3603.99     1763.38     5367.37      2372.4     2398.32    0.452972    -127.881     42.6443     2082.73     2297.66     2.85551     30.8606       0.016     6.00619     4.06443     3.83454     3.62556
       8000           0         0.2     375.145     263.674     67.6766     3606.17     1767.33      5373.5     2371.72     2397.28    0.451419     -128.65     42.6505      2082.2     2296.68     2.85684     31.1847       0.016     6.01897     4.07698     3.84285      3.6332
       7900           0         0.2     375.145     264.098     68.3876      3617.5     1771.43     5388.93     2371.09      2396.3    0.449988    -129.346     42.6557     2081.69     2295.76     2.85812     31.6867       0.016     6.03119     4.08961     3.85221     3.64153
       7800           0         0.2     375.145     264.508     69.2655     3626.52     1776.23     5402.76      2370.5     2395.36    0.448664    -129.961     42.6603      2081.2     2294.87     2.85937     32.3429       0.016     6.04294     4.10225     3.86224     3.65057
       7700           0         0.2     375.145     264.907     70.2973     3633.29     1780.74     5414.03     2369.95     2394.46    0.447432    -130.492     42.6642     2080.72     2294.01     2.86059     33.1389       0.016     6.05429     4.11486     3.87272     3.66023
       7600           0         0.2     375.145     265.297     71.4921     3642.18     1785.94     5428.12     2369.43     2393.58     0.44628    -130.936     42.6676     2080.26     2293.16     2.86178     34.0847       0.016     6.06531     4.12741     3.88353     3.67041
       7500           0         0.2     375.145      265.68      72.821     3656.42     1791.79     5448.21     2368.92     2392.72    0.445196    -131.289     42.6706      2079.8     2292.34     2.86296     35.1569       0.016     6.07608     4.13987     3.89458     3.68101
       7400           0         0.2     375.145     266.056      73.233     3673.89      1798.3     5472.19     2368.43     2391.88    0.444171    -131.572     42.6731     2079.35     2291.52     2.86412     35.5729       0.016     6.08662     4.15225     3.90583     3.69194
       7300           0         0.2     375.145     266.427      73.121     3692.71     1803.45     5496.17     2367.95     2391.06    0.443197    -131.837     42.6753     2078.91     2290.72     2.86526     35.5215       0.016     6.09698     4.16454     3.91722     3.70315
       7200           0         0.2     375.145     266.793     72.7334     3715.19     1807.24     5522.43     2367.49     2390.24    0.442267    -132.105     42.6772     2078.47     2289.93     2.86639     35.2375       0.016     6.10718     4.17673     3.92872     3.71457
       7100           0         0.2     375.145     267.155     72.1569     3738.33      1812.1     5550.43     2367.03     2389.44    0.441375    -132.385     42.6788     2078.03     2289.14     2.86751     34.7921       0.016     6.11739     4.18884     3.94031     3.72616
       7000           0         0.2     375.145     267.514     71.4394     3753.78     1822.01      5575.8     2366.58     2388.65    0.440516    -132.683     42.6803      2077.6     2288.37     2.86862     34.2245       0.016     6.12788     3.80084     3.95198     3.73789
       6900           0         0.2     375.145     267.871     70.6236     3769.22     1831.78        5601     2366.13     2387.86    0.439686    -133.001     42.6815     2077.17      2287.6     2.86971     33.5693       0.016     6.13853     3.81025     3.96372     3.74972
       6800           0         0.2     375.145     268.223     69.7304     3782.84     1837.11     5619.94     2365.69     2387.08     0.43888    -133.339     42.6826     2076.74     2286.83      2.8708     32.8444       0.016     6.14921     3.81761     3.97546     3.76164
       6700           0         0.2     375.145     268.569      68.785     3795.98     1843.58     5639.56     2365.26      2386.3    0.438096    -133.698     42.6835     2076.32     2286.08     2.87188     32.0689       0.016     6.15985     3.82414     3.98712      3.7736
       6600           0         0.2     375.145     268.908      67.816     3809.81     1853.08      5662.9     2364.83     2385.54    0.437333    -134.077     42.6843      2075.9     2285.33     2.87293     31.2683       0.016     6.17038     3.83038     3.99868     3.78556
       6500           0         0.2     375.145     269.241     66.8145     3820.75     1861.22     5681.97      2364.4     2384.78    0.436589    -134.474      42.685     2075.49      2284.6     2.87397     30.4356       0.016     6.18079     3.83655     3.60895      3.7974
       6400           0         0.2     375.145     269.567     66.0898     3831.11     1869.59      5700.7     2363.98     2384.03    0.435866    -134.885     42.6856     2075.08     2283.89     2.87498     29.8019       0.016     6.19104     3.84274     3.61783     3.40707
       6300           0         0.2     375.145     269.884     65.5266     3842.26     1876.53     5718.79     2363.57     2383.31    0.435171    -135.292     42.6861     2074.69      2283.2     2.87597     29.3113       0.016       5.401     3.84907     3.62542      3.4133
       6200           0         0.2     375.145     270.191     65.0607     3861.39     1882.92     5744.31     2363.19     2382.62    0.434511     -135.69     42.6866     2074.32     2282.53     2.87692     28.9004       0.016     5.40967     3.85619     3.63194     3.41785
       6100           0         0.2     375.145     270.486     64.6824     3881.35     1888.75     5770.11     2362.82     2381.98    0.433885    -136.073      42.687     2073.97     2281.91     2.87783     28.5629       0.016     5.41773     3.86385     3.63781     3.42214
       6000           0         0.2     375.145      270.77     64.3634     3890.41     1894.02     5784.43     2362.47     2381.37    0.433289    -136.442     42.6873     2073.65     2281.31     2.87871     28.2758       0.016     5.42533     3.87175     3.64355     3.42716
       5900           0         0.2     375.145     271.043     64.0919     3901.36     1901.37     5802.73     2362.14     2380.79     0.43272    -136.795     42.6876     2073.33     2280.75     2.87955     28.0292       0.016     5.43257     3.87974     3.64938     3.43266
       5800           0         0.2     375.145     271.307     63.8586     3918.53     1907.17      5825.7     2361.82     2380.22    0.432175    -137.132     42.6879     2073.03      2280.2     2.88037     27.8158       0.016     5.43949     3.88773     3.65536      3.4385
       5700           0         0.2     375.145     271.563     63.6577     3925.92     1912.84     5838.76     2361.51     2379.68    0.431651    -137.453     42.6881     2072.74     2279.67     2.88115     27.6307       0.016     5.44616     3.89566     3.66146     3.44457
       5600           0         0.2     375.145     271.812     63.4852     3931.58      1918.5     5850.08     2361.21     2379.15    0.431147    -137.758     42.6883     2072.46     2279.16     2.88192     27.4708       0.016      5.4526     3.90351     3.66767     3.45082
       5500           0         0.2     375.145     272.054     63.3377     3947.15     1924.15      5871.3     2360.91     2378.63    0.430661    -138.049     42.6885     2072.18     2278.66     2.88267     27.3335       0.016     5.45886     3.91126     3.67398      3.4572
       5400           0         0.2     375.145     272.292     62.4957     3962.03     1930.02     5892.05     2360.63     2378.13     0.43019    -138.338     42.6886     2071.91     2278.16      2.8834       26.68       0.016     5.46494      3.9189     3.68053     3.46372
       5300           0         0.2     375.145     272.524     61.2311     3969.32     1936.09     5905.42     2360.35     2377.63    0.429733    -138.664     42.6887     2071.64     2277.68     2.88412     25.6438       0.016     5.47088     3.92645     3.68729     3.47038
       5200           0         0.2     375.145     272.753     59.7311     3988.89     1939.05     5927.93     2360.07     2377.15    0.429289    -139.041     42.6888     2071.37      2277.2     2.88483     24.3987       0.016      5.4767      3.9339     3.69415     3.47718
       5100           0         0.2     375.145     272.979     58.0774     3995.39     1942.83     5938.22      2359.8     2376.67    0.428855    -139.474     42.6889     2071.11     2276.73     2.88553     23.0146       0.016     5.48242     3.94127     3.70109     3.48409
       5000           0         0.2     375.145     273.201     56.2863     3995.56     1947.43     5942.99     2359.53     2376.19     0.42843    -139.966      42.689     2070.85     2276.26     2.88621     21.5052       0.016     5.48805     3.94855     3.70806     3.49109
       4900           0         0.2     375.145     273.421     54.4089     3996.88     1950.85     5947.72     2359.26     2375.72    0.428013    -140.517     42.6891     2070.59      2275.8     2.88689     19.9103       0.016     5.49359     3.95576     3.71506     3.49814
       4800           0         0.2     375.145     273.639     52.4489     3999.71     1953.74     5953.45        2359     2375.25    0.427604    -141.126     42.6891     2070.33     2275.34     2.88757     18.2371       0.016     5.49907      3.9629     3.72205     3.50523
       4700           0         0.2     375.145     273.854     50.4243     4008.41     1956.09      5964.5     2358.74     2374.79    0.427202    -141.792     42.6892     2070.07     2274.89     2.88823     16.4977       0.016     5.50448     3.96996     3.72905     3.51235
       4600           0         0.2     375.145     274.067     48.3652      4008.6     1960.36     5968.96     2358.48     2374.33    0.426805    -142.514     42.6892     2069.82     2274.44     2.88889     14.7198       0.016     5.50984     3.97696     3.73603     3.51948
       4500           0         0.2     375.145     274.278      46.253     4010.63     1965.54     5976.16     2358.22     2373.87    0.426415    -143.289     42.6893     2069.57     2273.99     2.88954     12.8885       0.016     5.51514     3.98389     3.74299     3.52661
       4400           0         0.2     375.145     274.487     44.4592     4013.32     1968.92     5982.25     2357.97     2373.42    0.426029     -144.11     42.6893     2069.32     2273.55     2.89019     11.2826       0.016     5.52039     3.99076     3.74993     3.53373
       4300           0         0.2     375.145     274.694     42.8416     4013.67     1972.12     5985.79     2357.71     2372.97    0.425648    -144.955     42.6894     2069.07     2273.11     2.89083      9.8317       0.016     5.52559     3.99757     3.75685     3.54084
       4200           0         0.2     375.145     274.899     41.3168     4018.53     1974.82     5993.34     2357.46     2372.52    0.425272    -145.819     42.6894     2068.83     2272.68     2.89146      8.4549       0.016     5.53075     3.60377     3.76373     3.54793
       4100           0         0.2     375.145     275.102     39.8671     4027.44     1978.22     6005.66     2357.21     2372.08      0.4249    -146.694     42.6894     2068.58     2272.25     2.89209     7.13903       0.016     5.53585     3.60862     3.77055     3.55499
       4000           0         0.2     375.145       275.3     38.4621      4036.8     1980.22     6017.02     2356.96     2371.64    0.424533     -147.58     42.6894     2068.34     2271.82     2.89271     5.85923       0.016     5.54088      3.6128     3.77727       3.562
       3900           0         0.2     375.145     275.494     37.0874     4048.99     1980.81      6029.8     2356.72      2371.2    0.424171    -148.474     42.6894      2068.1     2271.41     2.89332     4.60334       0.016     5.54581     3.61669     3.78388     3.56895
       3800           0         0.2     375.145     275.684     35.7328     4059.73     1983.05     6042.77     2356.47     2370.77    0.423814    -149.376     42.6895     2067.86     2270.99     2.89391     3.36305       0.016     5.55064     3.62044     3.79037     3.57582
       3700           0         0.2     375.145     275.869     33.8197     4074.68     1985.59     6060.27     2356.23     2370.34    0.423464    -150.289     42.6895     2067.63     2270.59      2.8945     1.74111       0.016     5.55537     3.62415     3.79675      3.5826
       3600           0         0.2     375.145      276.05     30.3854     4087.31     1988.44     6075.75        2356     2369.92     0.42312    -151.282     42.6895      2067.4      2270.2     2.89507    -1.16343       0.016        5.56     3.62786     3.40282     3.58928
       3500           0         0.2     375.145     276.227     26.2865     4099.26     1989.67     6088.92     2355.76     2369.51    0.422782    -152.411     42.6895     2067.18     2269.81     2.89563    -4.65211       0.016     5.56453      3.6316     3.40825     3.59578
       3400           0         0.2     375.145     276.399     21.9419     4107.34     1992.07     6099.41     2355.53      2369.1    0.422451     -153.69     42.6895     2066.96     2269.43     2.89617    -8.39503       0.016     5.56896     3.63535     3.41337     3.20181
       3300           0         0.2     375.145     276.568     17.3541     4108.48     1994.28     6102.77     2355.31     2368.71    0.422131    -155.117     42.6895     2066.75     2269.07      2.8967    -12.3588       0.016     5.57328     3.63911     3.41806     3.20606
       3200           0         0.2     375.145     276.731      13.093     4108.69     1996.31        6105     2355.09     2368.33    0.421826    -156.685     42.6895     2066.54     2268.71     2.89722    -16.1595       0.016     5.57749     3.64288     3.42218     3.20918
       3100           0         0.2     375.145     276.889     10.1321     4110.01     1998.55     6108.56     2354.89     2367.98    0.421536    -158.326     42.6895     2066.35     2268.38     2.89772    -18.8876       0.016     5.58157     3.64664     3.42581     3.21167
       3000           0         0.2     375.145     277.041     7.63745     4111.76     2000.99     6112.75      2354.7     2367.65    0.421262    -159.984     42.6895     2066.17     2268.06      2.8982    -21.2228       0.016     5.58553     3.65037      3.4291     3.21379
       2900           0         0.2     375.145     277.187     5.47472     4113.99     2002.68     6116.67     2354.52     2367.33    0.421004    -161.639     42.6895        2066     2267.75     2.89866    -23.2799       0.016     5.58934     3.65407     3.43213     3.21567
       2800           0         0.2     375.145     277.327     3.54717     4116.62     2004.71     6121.32     2354.35     2367.04     0.42076    -163.278     42.6895     2065.84     2267.47     2.89911    -25.1358       0.016     5.59301     3.65774     3.43498     3.21737
       2700  0.00611085         0.2     375.151     277.461     1.62022     4120.94     2006.15     6127.09     2354.19     2366.76    0.420532    -164.897     42.6895     2065.69     2267.19     2.89953    -26.9609       0.016     5.59655     3.66137     3.43768     3.21902
       2600           0         0.2     375.756       277.6   -0.644304     4134.42     2009.85     6144.27     2354.35     2366.56    0.420318    -166.624     42.6895     2065.56     2266.94         2.9    -29.0667       0.016     5.59996     3.66497      3.4404     3.22129
       2500 0.000178344         0.2     375.756     277.737    -3.00336      4135.5     2010.01     6145.51     2354.13      2366.3     0.42012    -168.225     42.6895     2065.43     2266.71     2.90045    -31.2544       0.016     5.60329     3.66855     3.44331     3.22396
       2400           0         0.2     375.774     277.863    -5.38625     4136.41     2010.27     6146.68     2353.95     2366.05    0.419929    -169.853     42.6895     2065.31     2266.47     2.90083    -33.4676       0.016     5.60653     3.67213     3.44631     3.22671
       2300           0         0.2     375.774     277.984    -7.79361     4137.47     2011.11     6148.58     2353.77     2365.81    0.419741    -171.499     42.6895     2065.18     2266.24      2.9012    -35.7026       0.016     5.60966     3.67571     3.44936     3.22953
       2200           0         0.2     375.774       278.1    -10.0668     4145.04     2012.51     6157.55     2353.61     2365.57    0.419558    -173.165     42.6895     2065.05     2266.01     2.90156    -37.8515       0.016      5.6127     3.67927     3.45243     3.23243
       2100           0         0.2     375.774     278.213    -11.9368     4145.47     2013.92     6159.39     2353.46     2365.34     0.41938     -174.83     42.6895     2064.93     2265.78     2.90191    -39.6628       0.016     5.61565     3.68282     3.45551     3.23538
       2000           0         0.2     375.774     278.323    -13.6394     4146.01     2015.34     6161.35     2353.32     2365.11    0.419206    -176.479     42.6896     2064.81     2265.56     2.90225     -41.329       0.016     5.61851     3.68635     3.45861     3.23839
       1900           0         0.2     375.774     278.431     -15.214     4147.34     2016.24     6163.58     2353.18     2364.89    0.419037    -178.104     42.6896     2064.69     2265.35      2.9026    -42.8837       0.016     5.62131     3.68987     3.46171     3.24143
       1800           0         0.2     375.774     278.538    -16.6893     4147.66     2017.11     6164.77     2353.04     2364.67    0.418872    -179.703     42.6896     2064.57     2265.13     2.90293    -44.3499       0.016     5.62404     3.69336     3.46482     3.24451
       1700           0         0.2     375.774     278.642    -18.1792     4148.68     2017.13      6165.8     2352.91     2364.46    0.418712    -181.272     42.6896     2064.45     2264.92     2.90327    -45.8087       0.016     5.62672     3.69682     3.46793     3.24762
       1600  0.00670401         0.2      375.78     278.746    -19.8554     4150.42     2018.67     6169.09     2352.79     2364.24    0.418555    -182.824     42.6896     2064.33     2264.71      2.9036    -47.4198       0.016     5.62935     3.70026     3.47104     3.25074
       1500           0         0.2     376.444     278.859    -21.5947     4152.57     2018.98     6171.55     2353.02      2364.1    0.418405    -184.486     42.6896     2064.23     2264.52       2.904    -49.0832       0.016     5.63196     3.70368     3.47419     3.25416
       1400           0         0.2     376.444     278.973    -23.3697     4154.19     2021.01      6175.2     2352.81     2363.88    0.418263    -185.992     42.6896     2064.13     2264.32     2.90438    -50.7743       0.016     5.63458     3.70709     3.47746     3.25768
       1300           0         0.2     376.444      279.08    -25.1642     4159.57     2022.35     6181.92     2352.63     2363.66     0.41812      -187.5     42.6896     2064.02     2264.12      2.9047    -52.4809       0.016     5.63721     3.71049     3.48074     3.26102
       1200           0         0.2     376.444     279.182    -26.6915      4176.7     2023.02     6199.72     2352.47     2363.45    0.417976    -189.007     42.6896     2063.91     2263.92     2.90502    -54.0051       0.016     5.63981     3.71388     3.48397     3.26427
       1100           0         0.2     376.444     279.283    -27.4754     4190.75     2023.09     6213.84     2352.32     2363.24    0.417831    -190.478     42.6896      2063.8     2263.71     2.90533    -54.9013       0.016     5.64237     3.71725     3.48714     3.26746
       1000  0.00133604         0.2     376.445     279.381    -27.9342     4202.68     2023.47     6226.15     2352.19     2363.03    0.417687    -191.884     42.6896     2063.68     2263.51     2.90564    -55.5115       0.016     5.64489     3.72058     3.49026      3.2706
        900 0.000330554         0.2     376.578     279.481    -28.0449     4215.03     2023.64     6238.67     2352.12     2362.84    0.417545    -193.236     42.6896     2063.58     2263.32     2.90596     -55.826       0.016     5.64738     3.72387     3.49335     3.27378
        800    0.016917         0.2     376.628      279.58    -27.8924     4228.64     2027.38     6256.02     2352.01     2362.64    0.417406     -194.48     42.6896     2063.47     2263.12     2.90628    -55.9015       0.016     5.64985     3.72712     3.49643     3.27696
        700   0.0196495         0.2     378.322     279.705    -27.4528     4240.07     2031.74     6271.81     2352.76     2362.61    0.417275    -195.925     42.6896      2063.4     2262.96     2.90676    -55.7379       0.016     5.65232     3.73034     3.49961     3.28083
        600  0.00539163         0.2     380.273     279.866    -26.5714     4261.44     2033.05     6294.49     2353.44     2362.59    0.417167    -197.237     42.6896     2063.38     2262.82      2.9074    -55.1869       0.016     5.65493     3.73356     3.50321     3.28573
        500     0.00226         0.2     380.809     280.025    -25.3962     4283.35     2033.67     6317.02     2353.21     2362.38    0.417069    -198.114     42.6896     2063.35     2262.67     2.90791    -54.3671       0.016     5.65775     3.73685     3.50724     3.29065
        400   0.0113703         0.2     381.044     280.161    -23.9001      4317.7     2036.24     6353.94     2352.87     2362.15    0.416956    -198.825     42.6896     2063.27     2262.49     2.90826    -53.2624       0.016     5.66068     3.74023     3.51128     3.29494
        300           0         0.2      382.17     280.298    -22.1619     4341.39     2038.81      6380.2     2353.06     2362.02    0.416829    -199.585     42.6896     2063.21     2262.32     2.90865    -51.9316       0.016     5.66363     3.74366     3.51519     3.29918
        200           0         0.2      382.17     280.427    -19.9393     4371.94     2041.94     6413.88     2352.61     2361.77    0.416695    -199.985     42.6896     2063.13     2262.14     2.90899    -50.2118       0.016     5.66657     3.74712     3.51905     3.30316
        100  0.00378659         0.2     382.173     280.539    -16.8155     4387.68     2042.86     6430.54     2352.24     2361.53    0.416547    -200.248     42.6896     2063.03     2261.95     2.90923    -47.7104       0.016     5.66945     3.75058     3.52267     3.30659
          0  0.00327342         0.2     382.551     280.647    -13.2097     4390.46     2043.67     6434.13     2352.14     2361.35    0.416391    -200.405     42.6896     2062.94     2261.76     2.90951    -44.7721       0.016     5.67221     3.75399     3.52606     3.30986