      20000           0         0.4           0     179.437      354.04     78.9895     14.2831     93.2726     2343.43     2426.93    0.785391      6.5598     39.9574     2049.96      2345.7     2.72671     271.433       0.016     5.73044     4.59858     4.35318     4.39114
      19900           0         0.4           0     179.437      353.13     151.419     29.7361     181.156     2343.43     2426.93    0.785563     6.43382     39.9574     2049.96      2345.7     2.72686     270.633       0.016     5.73044     4.59858     4.35318     4.39114
      19800           0         0.4           0     179.437     352.506     228.894     46.3592     275.253     2343.43     2426.93    0.785735     6.30822     39.9574     2049.96      2345.7     2.72701     270.044       0.016     5.73044     4.59858     4.35318     4.39114
      19700           0         0.4           0     179.437     352.255     299.319     60.5222     359.841     2343.43     2426.93    0.785907     6.19879     39.9574     2049.96      2345.7     2.72716     269.745       0.016     5.73044     4.59858     4.35318     4.39114
      19600           0         0.4           0     179.437      352.29     351.209     72.5053     423.714     2343.43     2426.93    0.786079     6.12087     39.9574     2049.96      2345.7     2.72731     269.689       0.016     5.73044     4.59858     4.35318     4.39114
      19500           0         0.4           0     179.437     350.597     414.692     82.0183      496.71     2343.43     2426.93    0.786251     6.05158     39.9574     2049.96      2345.7     2.72746     268.519       0.016     5.73044     4.59858     4.35318     4.39114
      19400           0         0.4           0     179.437     347.879     487.353     94.1014     581.454     2343.43     2426.93    0.786423     5.90477     39.9574     2049.96      2345.7     2.72761     266.477       0.016     5.73044     4.59858     4.35318     4.39114
      19300           0         0.4           0     179.437     345.374     558.279     106.214     664.494     2343.43     2426.93    0.786595     5.65656     39.9574     2049.96      2345.7     2.72775     264.481       0.016     5.73044     4.59858     4.35318     4.39114
      19200           0         0.4           0     179.437     342.873     620.606     118.358     738.963     2343.43     2426.93    0.786767     5.32496     39.9574     2049.96      2345.7      2.7279     262.498       0.016     5.73044     4.59858     4.35318     4.39114
      19100           0         0.4           0     179.437      342.02     681.386     130.011     811.397     2343.43     2426.93    0.786938     4.94128     39.9574     2049.96      2345.7     2.72805     261.588       0.016     5.73044     4.59858     4.35318     4.39114
      19000           0         0.4           0     179.437     342.156      741.53     142.474     884.004     2343.43     2426.93     0.78711     4.58749     39.9574     2049.96      2345.7      2.7282     261.511       0.016     5.73044     4.59858     4.35318     4.39114
      18900           0         0.4           0     179.437     340.553     800.577     155.747     956.323     2343.43     2426.93    0.787281     4.26219     39.9574     2049.96      2345.7     2.72835      260.36       0.016     5.73044     4.59858     4.35318     4.39114
      18800           0         0.4           0     179.437     337.986     870.831      166.28     1037.11     2343.43     2426.93    0.787452     3.87637     39.9574     2049.96      2345.7      2.7285     258.368       0.016     5.73044     4.59858     4.35318     4.39114
      18700           0         0.4           0     179.437      336.21     952.601     178.113     1130.71     2343.43     2426.93    0.787624     3.41716     39.9574     2049.96      2345.7     2.72864     256.824       0.016     5.73044     4.59858     4.35318     4.39114
      18600           0         0.4           0     179.437     334.818     1047.59     192.576     1240.17     2343.43     2426.93    0.787795     2.92873     39.9574     2049.96      2345.7     2.72879     255.619       0.016     5.73044     4.59858     4.35318     4.39114
      18500           0         0.4           0     179.437     333.482     1150.05     201.259     1351.31     2343.43     2426.93    0.787966     2.42444     39.9574     2049.96      2345.7     2.72894     254.469       0.016     5.73044     4.59858     4.35318     4.39114
      18400           0         0.4           0     179.437     332.205     1219.19     209.492     1428.69     2343.43     2426.93    0.788137      1.9065     39.9574     2049.96      2345.7     2.72909     253.357       0.016     5.73044     4.59858     4.35318     4.39114
      18300           0         0.4           0     179.437     329.228      1275.7     218.075     1493.77     2343.43     2426.93    0.788308     1.34924     39.9574     2049.96      2345.7     2.72924     251.114       0.016     5.73044     4.59858     4.35318     4.39114
      18200           0         0.4           0     179.437       325.2      1360.8     226.658     1587.45     2343.43     2426.93    0.788478    0.672723     39.9574     2049.96      2345.7     2.72938      247.97       0.016     5.73044     4.59858     4.35318     4.39114
      18100           0         0.4           0     179.437     321.768     1469.79     234.714      1704.5     2343.43     2426.93    0.788649   -0.137283     39.9574     2049.96      2345.7     2.72953      245.11       0.016     5.73044     4.59858     4.35318     4.39114
      18000           0         0.4           0     179.437     318.559     1574.09     243.331     1817.42     2343.43     2426.93     0.78882    -1.04056     39.9574     2049.96      2345.7     2.72968     242.443       0.016     5.73044     4.59858     4.35318     4.39114
      17900           0         0.4           0     179.437      317.64     1670.99     253.364     1924.35     2343.43     2426.93     0.78899    -1.98653     39.9574     2049.96      2345.7     2.72983     241.293       0.016     5.73044     4.59858     4.35318     4.39114
      17800           0         0.4           0     179.437     318.134        1766     264.257     2030.25     2343.43     2426.93    0.789161    -2.86227     39.9574     2049.96      2345.7     2.72997     241.331       0.016     5.73044     4.59858     4.35318     4.39114
      17700           0         0.4           0     179.437     316.312     1860.47      274.54     2135.01     2343.43     2426.93    0.789331    -3.66765     39.9574     2049.96      2345.7     2.73012     239.957       0.016     5.73044     4.59858     4.35318     4.39114
      17600           0         0.4           0     179.437     313.229     1943.92     288.828     2232.75     2343.43     2426.93    0.789502    -4.52282     39.9574     2049.96      2345.7     2.73027     237.487       0.016     5.73044     4.59858     4.35318     4.39114
      17500           0         0.4           0     179.437     313.298     2011.35     302.776     2314.12     2343.43     2426.93    0.789672    -5.41147     39.9574     2049.96      2345.7     2.73042     237.026       0.016     5.73044     4.59858     4.35318     4.39114
      17400           0         0.4           0     182.115     344.137     2042.72     312.444     2355.16     2337.81     2427.24    0.817182    -7.03503     39.0482     2090.19     2390.75     2.64272     282.715       0.016      5.7211     4.59193      4.3525     4.39344
      17300           0         0.4           0     182.934     353.815     2073.54     322.233     2395.78     2333.75     2428.42    0.848489    -7.23612     38.2531     2099.33     2400.72     2.62299     291.111       0.016     5.71793     4.58375     4.34297     4.38361
      17200           0         0.4           0      183.39     359.881     2096.59     335.928     2432.52     2330.58     2429.87    0.876868    -7.02974     37.5586     2103.93      2405.7     2.61341     296.236       0.016     5.72125     4.57463     4.32783     4.36492
      17100           0         0.4           0     183.841     363.835     2099.91     350.717     2450.63     2328.02     2431.38    0.901834    -6.64495     36.9519     2107.52     2409.45     2.60581     299.608       0.016     5.72871     4.56346     4.30774     4.33998
      17000           0         0.4           0     184.395     366.328     2106.32     368.422     2474.74     2325.94     2432.88    0.923629    -6.19849      36.422     2110.68     2412.53     2.59894     301.804       0.016     5.73799     4.54879     4.28324     4.31057
      16900           0         0.4           0     185.076     363.157     2119.69     386.971     2506.66     2324.24     2434.34    0.942573    -5.83044     35.9588     2113.56      2415.1     2.59263     299.792       0.016     5.74731     4.52873     4.25519     4.27796
      16800           0         0.4           0     185.879      356.08     2132.94     406.282     2539.22     2322.88     2435.75     0.95898    -5.80695     35.5537     2116.22     2417.24     2.58687      294.26       0.016     5.75543     4.50524     4.22418     4.24311
      16700           0         0.4           0     186.789     347.713     2143.96     427.383     2571.34      2321.8     2437.11     0.97314    -6.22983      35.199      2118.7     2419.03     2.58162     287.424       0.016     5.76158     4.47861      4.5905     4.20736
      16600           0         0.4           0     187.792     338.163     2156.83      452.74     2609.57     2320.95     2438.38    0.985304    -7.09448     34.8882     2121.04     2420.52     2.57681     279.594       0.016     5.76538     4.44944     4.55473     4.57412
      16500           0         0.4           0     188.875     339.172     2164.82     472.218     2637.03      2320.3     2439.58    0.995708    -8.20911     34.6155     2123.26     2421.76      2.5724     279.344       0.016      5.7667     4.41878      4.5183     4.53859
      16400   0.0650992         0.4   0.0650992     190.027      347.24     2171.37     496.159     2667.52     2319.86     2440.72     1.00457    -8.99678      34.376     2125.37     2422.79     2.56833     285.676       0.016     5.76561     4.78854     4.48125     4.50183
      16300    0.112031         0.4     6.62196     191.285       352.2     2187.87      517.39     2705.26     2323.05     2443.19     1.01207    -10.7649     34.1655     2127.47     2423.67     2.56481     290.397       0.016     5.76229     4.75452      4.4446      4.4666
      16200   0.0760242         0.4     17.7891     192.695     355.496     2209.44     544.139     2753.58     2328.16     2446.36     1.01843     -13.006     33.9801     2129.67      2424.5     2.56216     293.462       0.016     5.75699     4.71891     4.40951     4.43546
      16100   0.0102061         0.4     25.3257     194.206      347.04     2227.34     573.671     2801.01     2330.45     2448.36     1.02381    -13.9763     33.8167     2131.95      2425.3     2.55997      287.82       0.016     5.75006     4.68262     4.77547     4.40774
      16000           0         0.4     26.3361     195.716     330.695     2235.28     601.659     2836.94     2328.96     2448.76      1.0283    -13.9046     33.6725     2134.14     2426.01     2.55751     274.865       0.016     5.74185     4.64666     4.74309     4.78268
      15900           0         0.4     26.3361      197.19     322.368     2238.33     628.321     2866.66     2327.39        2449     1.03193    -14.4411     33.5449     2136.15     2426.56     2.55463     267.088       0.016     5.73264     4.61253     4.71145     4.75398
      15800   0.0228961         0.4      26.359     198.646     318.881     2244.48     652.035     2896.51     2326.27     2449.31     1.03478    -15.3051      33.432     2138.02     2426.99     2.55158     263.968       0.016     5.72263     4.98065     4.67971     4.72328
      15700   0.0333912         0.4     28.6591     200.114     316.585     2251.36     675.431     2926.79     2326.69     2450.14     1.03695    -16.7666     33.3317     2139.81     2427.32     2.54859     262.045       0.016     5.71195     4.94703      4.6483     4.69258
      15600   0.0378182         0.4     32.0026     201.613     315.314     2259.71     696.578     2956.29     2327.69     2451.13     1.03855    -18.3619     33.2426     2141.58     2427.61     2.54576     260.963       0.016     5.70073     4.91334     4.61759     4.66315
      15500   0.0355531         0.4     35.7822      203.14     313.283     2268.06     716.968     2985.03     2328.82     2452.13     1.03965    -19.8909     33.1631     2143.36     2427.89     2.54302     259.445       0.016     5.68933     4.88002     4.98734     4.63523
      15400   0.0740301         0.4      39.376     204.685      310.86     2281.28     736.288     3017.57     2329.75     2452.99     1.04033    -21.2638     33.0921     2145.13     2428.15     2.54027     257.531       0.016     5.67787     4.84758     4.95719     4.60927
      15300     0.12868         0.4     46.8336     206.271      309.99     2302.59     757.334     3059.92     2332.68     2454.61     1.04062    -23.4048     33.0283     2146.93     2428.43     2.53762     256.767       0.016     5.66643     4.81691     4.92924     4.98954
      15200    0.169907         0.4     59.7429     207.947       310.1      2324.8      777.46     3102.26     2338.08     2457.18      1.0406    -26.4173     32.9709     2148.86     2428.76     2.53537     256.944       0.016     5.65516     5.18987     4.90433     4.97271
      15100    0.246433         0.4     76.8101     209.744      316.39     2355.84      796.49     3152.33     2344.81     2460.29     1.04033    -29.6777      32.919     2150.97      2429.2      2.5336     261.862       0.016     5.64434     5.16207      4.8829     4.96018
      15000    0.313349         0.4      101.52     211.698     326.894     2400.68     814.095     3214.78     2354.54     2464.63      1.0399    -33.5486     32.8718     2153.34     2429.77      2.5324     270.753       0.016     5.63418     5.13462      4.8655     4.95371
      14900    0.366823         0.4     132.909     213.846     334.811     2455.95     828.895     3284.85     2366.21     2469.81     1.03935    -37.5293     32.8288     2156.02     2430.54      2.5319     278.139       0.016     5.62494     5.10893     4.85283     4.95477
      14800    0.344623         0.4     169.569     216.197     341.257     2522.15     841.976     3364.13     2378.79     2475.43     1.03875    -41.3799     32.7892     2159.05     2431.52       2.532     284.124       0.016     5.61692     5.08557     4.84552     4.96352
      14700           0         0.4     203.686     218.634     332.044     2581.19     852.337     3433.53     2387.96     2479.76     1.03814    -43.7244     32.7525     2162.29     2432.68     2.53276     278.224       0.016     5.61051     5.06513     4.84357     4.97748
      14600           0         0.4     203.686     212.133     263.389     2599.54     876.044     3475.59     2381.38     2475.28     1.00889    -39.4678     33.7363      2126.8      2397.7     2.69849     199.349       0.016     6.50164     4.82952     4.99144     4.61148
      14500           0         0.4     203.686     210.275     236.552     2601.55     905.117     3506.66     2376.96     2471.29    0.973506    -40.5794     34.6823      2119.7     2391.34     2.72232      173.98       0.016     6.72745     4.64402     4.73722     4.67106
      14400           0         0.4     203.686     210.601     219.989     2607.15     935.869     3543.02     2374.48     2467.89    0.936873    -43.5406     35.5885     2115.37      2385.8     2.73022     159.118       0.016     6.53392     4.78028     4.41059     4.74226
      14300           0         0.4     203.686     211.674     205.716     2615.72     963.346     3579.07     2373.39     2464.88      0.8993    -46.9925     36.4418     2111.92     2380.48     2.73672     147.295       0.016       6.501      4.4386     4.42801     4.40434
      14200           0         0.4     203.686     212.931     193.545     2631.03     988.967        3620     2373.22     2462.13    0.861942    -50.4433     37.2291     2108.91     2375.49     2.74288     137.361       0.016       6.501     4.44913     4.42528     4.44034
      14100           0         0.4     203.686     214.184     186.978     2646.93     1013.12     3660.04      2373.6      2459.6    0.825895     -53.613     37.9427     2106.22      2370.9      2.7486     131.655       0.016       6.501     4.43711     4.41578     4.46553
      14000           0         0.4     203.686     215.384      183.93      2672.1     1034.72     3706.81     2374.26      2457.2    0.791926    -56.2649     38.5803      2103.8     2366.69     2.75387     128.998       0.016       6.501     4.41632     4.40901     4.48489
      13900           0         0.4     203.686      216.53     178.909      2702.5     1058.76     3761.26     2375.02     2454.88    0.760489    -58.4287     39.1438     2101.58     2362.81     2.75877     125.258       0.016       6.501      4.4022     4.40556     4.50147
      13800           0         0.4     203.686     217.634     173.027     2724.18     1079.64     3803.81     2375.76     2452.63    0.731784    -60.3339     39.6376     2099.55     2359.21     2.76339     120.683       0.016       6.501      4.7933     4.40544     4.51718
      13700           0         0.4     203.686     218.704     168.731     2761.77     1102.28     3864.05     2376.41     2450.41    0.705835    -62.0711     40.0676     2097.67     2355.83     2.76781     117.174       0.016       6.501     4.78618     4.40832     4.53312
      13600           0         0.4     203.686     219.739     165.323     2792.11     1123.75     3915.86     2376.92     2448.21     0.68255    -63.6341     40.4403     2095.91     2352.64     2.77207     114.438       0.016       6.501     4.78235     4.41377     4.54982
      13500           0         0.4     203.686     220.741     168.513     2822.84     1138.84     3961.68     2377.29     2446.03    0.661767    -64.9438     40.7621     2094.26     2349.63     2.77619     116.409       0.016       6.501     4.78236     4.42142      4.5675
      13400           0         0.4     203.686     221.711     175.712     2852.22     1156.17     4008.39      2377.5     2443.87    0.643288    -65.7305     41.0391     2092.71     2346.78     2.78017     121.903       0.016       6.501      4.7862     4.43101      4.5862
      13300           0         0.4     203.686      222.65     172.716     2882.24     1170.38     4052.62     2377.57     2441.74    0.626899    -66.1324      41.277     2091.23     2344.06     2.78403     120.532       0.016     6.52223     4.79363     4.44358     4.20521
      13200           0         0.4     203.686     226.197     193.568     2895.02      1184.1     4079.12     2370.29      2439.8    0.664314     -66.574     40.2965      2128.3     2384.23     2.67095     153.349       0.016     6.23345     4.79665     4.46942     4.21913
      13100           0         0.4     203.686     228.443     200.188     2901.79     1191.52      4093.3     2364.39     2438.79     0.70262    -65.9674     39.3976     2137.38     2392.71      2.6411     159.775       0.016     6.48685     4.79329     4.48433     4.22451
      13000           0         0.4     203.686     230.256     206.082     2916.58     1199.75     4116.33      2359.4     2438.13    0.737245    -64.9839     38.5929     2141.83     2396.17     2.62559     165.627       0.016     5.89281     4.77572     4.48373     4.22237
      12900   0.0440041         0.4      203.73     231.709     212.381     2916.94     1206.75     4123.69     2355.16     2437.67    0.767828    -63.8294     37.8817     2144.88     2398.33     2.61433     171.548       0.016     6.05473     4.74855     4.47315     4.21307
      12800   0.0715503         0.4     208.158     232.843     218.729     2925.53     1214.79     4140.32     2353.85     2438.27    0.794754    -63.4954     37.2566     2147.19     2399.94     2.60594      177.47       0.016     6.18687     4.71747     4.45809     4.20182
      12700   0.0169187         0.4     215.259     233.933     220.944     2928.75     1223.46     4152.21     2354.01     2439.36      0.8185    -63.5559      36.708     2149.24      2401.3     2.59862     180.125       0.016     5.48725     4.68571     4.44174     4.58942
      12600           0         0.4     216.934     235.139     220.259     2944.29     1233.47     4177.75     2351.08     2439.15    0.839281    -62.4571      36.226     2151.26     2402.52      2.5908     180.034       0.016     5.56554     4.65291     4.42448     4.57286
      12500           0         0.4     216.934     236.361     220.112     2957.31     1244.09      4201.4     2347.75      2438.7    0.857378    -61.3531     35.8017     2153.17     2403.58     2.58289      180.09       0.016     5.62653     4.62201     4.40588     4.55183
      12400           0         0.4     216.934     237.587     220.092     2972.44     1252.61     4225.05     2344.99     2438.38    0.873095    -60.5871     35.4274     2154.96     2404.52      2.5751     180.308       0.016     5.67363     4.99375      4.7847     4.52775
      12300           0         0.4     216.934     238.824     218.754     2976.62     1260.57     4237.19     2342.69     2438.17    0.886725    -60.1236     35.0963     2156.68     2405.37     2.56753     179.453       0.016     5.70962     4.96539     4.76062     4.50164
      12200   0.0632746         0.4     216.997     240.073     216.434     2986.91      1269.8     4256.71      2340.8     2438.06     0.89853    -59.9966     34.8029     2158.36     2406.17     2.56014     177.655       0.016     5.73723      4.9374       4.735     4.47421
      12100    0.129537         0.4     223.391     241.387     215.566     3006.17     1280.85     4287.03     2342.63     2439.39    0.908746    -61.5011     34.5423     2160.08     2406.95     2.55318     176.865       0.016     5.75822     4.90992     4.70877     4.44793
      12000    0.194423         0.4     236.409      242.84     215.511     3034.16     1288.11     4322.27     2347.61     2441.98    0.917616    -64.2829     34.3104     2161.96     2407.81     2.54694     176.858       0.016     5.77365     4.88304     4.68378     4.42585
      11900    0.230215         0.4     255.887     244.481     216.248     3066.82     1298.18        4365     2355.12     2445.62    0.925355    -67.9916     34.1037     2164.09      2408.8     2.54147       177.5       0.016     5.78451     4.85695     4.66292      4.4109
      11800    0.317291         0.4     278.996     246.323      217.52     3105.23      1306.9     4412.13     2363.21     2449.55    0.932122    -71.7858     33.9194     2166.49     2409.93      2.5366     178.638       0.016     5.79183     4.83281      4.6471     4.40501
      11700    0.107465         0.4     310.515       248.4     226.092     3155.58     1315.08     4470.66     2374.42     2454.77    0.938033     -76.479     33.7547     2169.19     2411.22     2.53233     185.514       0.016     5.79659     4.81166     4.63627     4.40631
      11600   0.0602354         0.4     321.215     237.042      200.35     3186.81      1335.4     4522.21     2376.93     2454.05    0.911298    -75.5949     34.6333     2129.36     2374.94     2.72141     145.301       0.016     6.02576     4.97196     4.77314     4.42612
      11500           0         0.4     327.178     233.313     182.499     3209.87     1367.86     4577.73     2376.76     2452.13    0.879827    -76.3903     35.4829     2122.16     2370.04     2.74761     129.638       0.016     6.51181     4.78827      4.5195     4.48703
      11400  0.00345371         0.4     327.181     232.916     158.862     3221.78     1402.89     4624.68     2374.32     2449.22    0.847369    -77.6361     36.2999     2118.07      2365.6     2.75437     110.063       0.016     6.34143     4.52215     4.59603     4.56093
      11300  0.00579686         0.4     327.529     233.689     147.641     3227.32     1434.68        4662     2373.39     2446.76    0.813788    -80.0764     37.0709     2114.85     2361.05     2.75925     99.6288       0.016     6.25112     4.58879     4.21834     4.22183
      11200           0         0.4     328.103     234.833      143.34     3228.02      1464.7     4692.72     2373.43      2444.6    0.780097    -82.5901     37.7829     2112.12     2356.74     2.76403     95.6384       0.016     6.20561       4.207     4.21622     4.25928
      11100           0         0.4     328.103     236.044      135.61      3247.6     1493.56     4741.16     2373.64     2442.46    0.747379      -84.73     38.4281     2109.71     2352.74     2.76858     89.7168       0.016     6.78576     4.20008     4.20951     4.28627
      11000           0         0.4     328.103     237.229     126.266     3275.94     1521.13     4797.06     2374.16     2440.44    0.716415    -86.8475     39.0042     2107.52     2349.05      2.7728     82.2546       0.016     6.78296     4.58472     4.20376     4.30632
      10900           0         0.4     328.103     238.369     120.888     3294.92     1550.36     4845.28      2374.8     2438.48    0.687679    -88.9436     39.5127     2105.53     2345.63     2.77676     77.5538       0.016     6.79136     4.56587     4.20037     4.32259
      10800           0         0.4     328.103     239.463     117.756     3302.25     1576.45     4878.69     2375.45     2436.57    0.661401    -90.8507     39.9577     2103.69     2342.45      2.7805     74.8483       0.016     6.20646     4.54831     4.59934     4.33712
      10700           0         0.4     328.103     240.512     113.727     3311.17     1602.16     4913.33     2376.03     2434.68    0.637634    -92.5744     40.3448        2102      2339.5     2.78404     71.6271       0.016     6.22492     4.53426      4.2009     4.35116
      10600           0         0.4     328.103     241.519     109.304     3324.29     1627.54     4951.83     2376.51     2432.81    0.616312    -94.2255     40.6796     2100.43     2336.73     2.78742     68.0013       0.016     6.24583     4.52456     4.20458     4.36547
      10500           0         0.4     328.103     242.488     106.611     3337.63     1652.55     4990.18     2376.86     2430.95    0.597299    -95.8248     40.9683     2098.96     2334.13     2.79065     65.5981       0.016     6.26822     4.51926      4.2101     4.38033
      10400           0         0.4     328.103      243.42     104.933      3351.6     1675.33     5026.93     2377.07     2429.12    0.580419    -97.3144     41.2164     2097.59     2331.67     2.79375     64.0907       0.016      6.2914     4.51806     4.21726     4.39588
      10300           0         0.4     328.103     244.319     103.845     3358.95     1695.91     5054.86     2377.17     2427.31    0.565479     -98.685     41.4292     2096.29     2329.35     2.79674     63.0762       0.016     6.31493     4.52051     4.22566     4.00938
      10200           0         0.4     328.103     245.185     102.678     3367.14     1716.43     5083.57     2377.16     2425.55    0.552296    -99.9415     41.6113     2095.07     2327.14     2.79962      62.093       0.016      6.3385     4.52611     4.23405     4.01818
      10100           0         0.4     328.103     246.018       100.5     3391.45     1734.11     5125.56     2377.06     2423.85    0.540686    -101.149     41.7671     2093.93     2325.07     2.80239     60.2857       0.016     6.36189      4.5343     4.24345     4.02699
      10000    0.079205         0.4     328.182     246.821     97.9998     3409.16     1751.29     5160.45     2376.94     2422.23    0.530458    -102.378     41.9003     2092.85      2323.1     2.80505     58.2009       0.016     6.38496     4.54467       4.255     4.03853
       9900   0.0759101         0.4     336.099     247.695     95.1887      3416.1     1767.89        5184     2380.84      2422.3    0.521433    -105.181      42.014      2092.1     2321.45     2.80819     55.8344       0.016     6.40776     4.55693     4.26889      4.0547
       9800    0.068401         0.4     343.683     248.658     92.1592     3424.32     1782.98     5207.29     2383.57        2422    0.513525    -107.593     42.1111     2091.68     2320.12     2.81174      53.273       0.016     6.43075     4.57096     4.28597     4.07577
       9700    0.060942         0.4     350.515     249.642     89.0049     3425.57     1796.52     5222.09     2385.22     2421.35    0.506591    -109.655     42.1939     2091.31     2318.84     2.81518     50.6006       0.016      6.4542     4.58679     4.30604     4.09976
       9600   0.0536058         0.4     356.602     250.617     85.7699     3426.38     1808.54     5234.92     2386.05     2420.43    0.500458    -111.474     42.2647     2090.89     2317.52      2.8184     47.8537       0.016     6.47811     4.20392     4.32845     4.12543
       9500   0.0464483         0.4     361.956     251.568     82.4789     3431.71     1819.05     5250.76     2386.25     2419.28    0.494978    -113.123     42.3252     2090.41     2316.15      2.8214      45.052       0.016     6.50231     4.21697     4.35244     4.15203
       9400   0.0570815         0.4     366.611     252.485     79.9647     3454.01     1831.76     5285.77     2385.98     2417.96    0.490039    -114.648     42.3768     2089.87     2314.74     2.82419     42.8061       0.016     6.52663     4.22772     4.37727     4.17899
       9300   0.0460787         0.4     372.308     253.383     77.8852     3475.68     1842.18     5317.86     2386.23     2416.86    0.485554    -116.381      42.421     2089.33     2313.35     2.82691     40.9436       0.016     6.55125      4.2391     4.00235     3.80579
       9200   0.0414943         0.4     376.912     254.262     76.0629     3496.45     1851.62     5348.07     2385.78     2415.52    0.481482    -117.838     42.4588      2088.8     2311.99     2.82953     39.2972       0.016     6.57595     4.25373     4.02171     3.82402
       9100   0.0294577         0.4     381.049     255.104     74.4293     3509.28     1858.51      5367.8     2385.12     2414.14    0.477777    -119.193     42.4911     2088.26     2310.66     2.83196     37.8112       0.016     5.80041     4.27057     4.03709     3.84059
       9000   0.0128935         0.4     383.978       255.9     72.9622     3520.06     1861.91     5381.97     2383.91     2412.59    0.474386    -120.313     42.5188     2087.69     2309.33     2.83417     36.4676       0.016     5.82199     4.28878     4.05384     3.85719
       8900    0.016055         0.4     385.271     256.636     71.6706     3541.56     1865.93     5407.49     2382.05     2410.79     0.47126    -121.159     42.5426     2087.04     2307.98     2.83612     35.2732       0.016     5.84226     4.30791     4.07172     3.87356
       8800   0.0122595         0.4     386.873     257.326     70.5012     3551.54     1869.12     5420.67     2380.67     2409.22    0.468353    -122.157     42.5629     2086.36     2306.61     2.83793      34.185       0.016     5.86143     4.32758     4.08988     3.88994
       8700  0.00860253         0.4     388.095     257.987     69.4301        3554     1871.54     5425.53     2379.31     2407.66    0.465647    -123.124     42.5804     2085.68     2305.28     2.83969     33.1813       0.016     5.87969      4.3475     4.10807     3.90654
       8600  0.00639439         0.4     388.953     258.619     68.4481     3556.78     1873.47     5430.25     2377.94     2406.11    0.463125    -124.059     42.5954     2084.99     2303.97      2.8414     32.2558       0.016     5.89717     4.36748     4.12621     3.92327
       8500   0.0042878         0.4      389.59     259.227     67.5425     3560.14     1874.94     5435.08     2376.65      2404.6    0.460771    -124.987     42.6083      2084.3     2302.67     2.84306     31.3978       0.016     5.91399     4.38737     4.14425     3.94009
       8400  0.00443574         0.4     390.019     259.814     67.1363      3560.3     1876.43     5436.73     2375.42     2403.13    0.458568    -125.892     42.6195     2083.61     2301.39     2.84469     30.9193       0.016     5.93024     4.00621     4.16216     3.95697
       8300           0         0.4     390.458     260.382     67.0538     3571.51     1878.51     5450.02     2374.33     2401.73    0.456503    -126.788      42.629     2082.92     2300.14     2.84631     30.7324       0.016     5.94598     4.01905     4.17989     3.97396
       8200           0         0.4     390.458     260.924     67.2006     3578.25     1880.56     5458.81     2373.13     2400.29    0.454565    -127.565     42.6372     2082.24     2298.91     2.84788     30.7458       0.016     5.96117      4.0288     4.19726     3.99092
       8100           0         0.4     390.458     261.438     67.5451     3588.04     1882.55     5470.59     2372.07     2398.92    0.452744    -128.311     42.6443     2081.56      2297.7      2.8494     30.9345       0.016     5.97578     4.03826     3.81204     3.60644
       8000           0         0.4     390.458     261.927     68.0503     3589.85     1884.75      5474.6     2371.11     2397.62    0.451043     -129.01     42.6505      2080.9     2296.55     2.85087     31.2678       0.016      5.9898     4.04939     3.82315     3.61601
       7900           0         0.4     390.458     262.393     68.7644      3600.8     1887.14     5487.94     2370.27     2396.42    0.449466    -129.651     42.6557     2080.28     2295.46     2.85229     31.7798       0.016     6.00322     4.06143     3.83209     3.62296
       7800           0         0.4     390.458     262.837     69.6475     3609.45     1890.28     5499.72      2369.5     2395.29    0.448006    -130.223     42.6603     2079.71     2294.45     2.85365     32.4464       0.016     6.01605     4.07387     3.84033     3.63055
       7700           0         0.4     390.458     263.262     70.6861     3615.82     1893.14     5508.96      2368.8     2394.24    0.446651    -130.718     42.6642     2079.18     2293.49     2.85496      33.253       0.016     6.02832     4.08646     3.84944      3.6388
       7600           0         0.4     390.458     263.673     71.8889     3624.32     1896.71     5521.03     2368.16     2393.24     0.44539    -131.132     42.6676     2078.67     2292.57     2.85623     34.2093       0.016     6.04012     4.09907     3.85935     3.64774
       7500           0         0.4     390.458     264.072     73.2267     3638.15     1900.96     5539.11     2367.56     2392.28    0.444211    -131.461     42.6706     2078.17     2291.69     2.85746     35.2921       0.016     6.05151     4.11168     3.86976     3.65732
       7400           0         0.4     390.458     264.462     73.6458     3655.21     1905.87     5561.08        2367     2391.36    0.443103    -131.722     42.6731      2077.7     2290.83     2.85867      35.718       0.016     6.06258     4.12423     3.88053     3.66743
       7300           0         0.4     390.458     264.844     73.5403     3673.61     1909.44     5583.05     2366.46     2390.48    0.442056    -131.968     42.6753     2077.23     2289.99     2.85986     35.6758       0.016     6.07336     4.13671     3.89156     3.67798
       7200           0         0.4     390.458      265.22     73.1588     3695.66     1911.66     5607.32     2365.95     2389.61    0.441063    -132.219     42.6772     2076.77     2289.17     2.86103     35.4006       0.016     6.08393     4.14911      3.9028     3.68889
       7100           0         0.4     390.458     265.591     72.5879     3718.37     1914.95     5633.32     2365.45     2388.76    0.440116    -132.485     42.6788     2076.32     2288.35     2.86218     34.9634       0.016     6.09431     4.16143     3.91418     3.70008
       7000           0         0.4     390.458     265.956      71.876     3733.39     1923.31      5656.7     2364.96     2387.93    0.439209     -132.77     42.6803     2075.87     2287.55     2.86332     34.4037       0.016     6.10453     4.17365     3.92569      3.7115
       6900           0         0.4     390.458     266.318     71.0659     3748.38     1931.53     5679.91     2364.49     2387.11    0.438336    -133.075     42.6815     2075.43     2286.76     2.86445     33.7563       0.016     6.11467     4.18579     3.93729     3.72309
       6800           0         0.4     390.458     266.676     70.1776     3761.55      1935.3     5696.85     2364.03      2386.3    0.437494    -133.402     42.6826        2075     2285.98     2.86556     33.0388       0.016     6.12509     4.19787     3.94896     3.73482
       6700           0         0.4     390.458     267.032     69.2361     3774.25     1940.23     5714.48     2363.57     2385.51    0.436677     -133.75     42.6835     2074.56     2285.21     2.86667       32.27       0.016     6.13569     3.80815     3.96072     3.74666
       6600           0         0.4     390.458     267.384     68.2704     3787.63     1948.22     5735.84     2363.12     2384.72    0.435883    -134.119     42.6843     2074.13     2284.44     2.86777     31.4761       0.016     6.14636     3.81586     3.97249     3.75859
       6500           0         0.4     390.458      267.73     67.2719      3798.1     1954.85     5752.95     2362.68     2383.93    0.435109    -134.507      42.685     2073.71     2283.68     2.86885     30.6499       0.016       6.157     3.82252     3.98419     3.77057
       6400           0         0.4     390.458      268.07     66.5506        3808     1961.72     5769.72     2362.24     2383.16    0.434354    -134.909     42.6856     2073.29     2282.93     2.86992     30.0227       0.016     6.16755     3.82879     3.99579     3.78255
       6300           0         0.4     390.458     268.404     65.9902     3818.69     1967.17     5785.86     2361.81     2382.39    0.433617    -135.309     42.6861     2072.87     2282.19     2.87097     29.5384       0.016     6.17799     3.83495     3.60656     3.79447
       6200           0         0.4     390.458      268.73     65.5268     3837.36      1972.1     5809.46     2361.38     2381.64    0.432897    -135.699     42.6866     2072.46     2281.47     2.87199     29.1339       0.016     6.18827     3.84112     3.61573     3.40509
       6100           0         0.4     390.458     269.049     65.1506     3856.85      1976.5     5833.35     2360.96      2380.9    0.432203    -136.076      42.687     2072.07     2280.77     2.87299     28.8027       0.016     6.19836     3.84736     3.62363     3.41195
       6000           0         0.4     390.458     269.357     64.8335     3865.43     1980.36     5845.79     2360.57     2380.21    0.431541    -136.438     42.6873     2071.69     2280.11     2.87396     28.5219       0.016     5.40736     3.85432     3.63038     3.41683
       5900           0         0.4     390.458     269.654     64.5641     3875.91     1986.31     5862.22      2360.2     2379.55    0.430914    -136.784     42.6876     2071.34     2279.47     2.87488     28.2816       0.016     5.41556      3.8619     3.63635     3.42099
       5800           0         0.4     390.458      269.94     64.3334     3892.61     1990.75     5883.36     2359.84     2378.94    0.430316    -137.114     42.6879        2071     2278.87     2.87577     28.0747       0.016     5.42326     3.86978     3.64208     3.42586
       5700           0         0.4     390.458     270.215     64.1357     3899.52     1995.07     5894.59     2359.51     2378.34    0.429746    -137.427     42.6881     2070.69     2278.29     2.87663     27.8962       0.016     5.43058     3.87778     3.64789     3.43126
       5600           0         0.4     390.458      270.48      63.967      3904.7      1999.4     5904.09     2359.18     2377.78    0.429199    -137.725     42.6883     2070.38     2277.74     2.87745     27.7431       0.016     5.43758     3.88579     3.65382     3.43702
       5500           0         0.4     390.458     270.737     63.8239     3919.78     2003.73     5923.52     2358.87     2377.23    0.428674    -138.008     42.6885     2070.09     2277.21     2.87825     27.6127       0.016      5.4443     3.89375     3.65989     3.44303
       5400           0         0.4     390.458     270.987     62.9853     3934.18     2008.29     5942.47     2358.56     2376.69    0.428169    -138.289     42.6886      2069.8     2276.69     2.87903     26.9656       0.016      5.4508     3.90163     3.66607     3.44924
       5300           0         0.4     390.458      271.23     61.7241     3940.97     2013.07     5954.05     2358.27     2376.17    0.427681    -138.607     42.6887     2069.52     2276.19     2.87979     25.9357       0.016     5.45709     3.90941     3.67235     3.45559
       5200           0         0.4     390.458     271.468     60.2273     3960.04     2014.74     5974.78     2357.98     2375.67    0.427209    -138.976     42.6888     2069.25     2275.69     2.88053     24.6967       0.016     5.46321     3.91709     3.67887     3.46208
       5100           0         0.4     390.458     271.701     58.5768     3966.04     2017.24     5983.29      2357.7     2375.17    0.426752    -139.402     42.6889     2068.98     2275.21     2.88125     23.3185       0.016     5.46919     3.92466     3.68561     3.46872
       5000           0         0.4     390.458      271.93     56.7889     3966.37     2020.57     5986.95     2357.42     2374.68    0.426306    -139.886      42.689     2068.71     2274.73     2.88197     21.8147       0.016     5.47504     3.93215     3.69247      3.4755
       4900           0         0.4     390.458     272.156     54.9148     3968.19     2022.73     5990.92     2357.15      2374.2    0.425871    -140.429     42.6891     2068.45     2274.26     2.88267     20.2255       0.016     5.48078     3.93954     3.69941      3.4824
       4800           0         0.4     390.458     272.379     52.9579     3970.51     2024.36     5994.87     2356.88     2373.72    0.425445     -141.03     42.6891     2068.19     2273.79     2.88337     18.5578       0.016     5.48643     3.94686     3.70639     3.48939
       4700           0         0.4     390.458     272.599     50.9365      3978.7     2025.46     6004.16     2356.61     2373.24    0.425028     -141.69     42.6892     2067.93     2273.32     2.88405     16.8237       0.016       5.492     3.95409     3.71339     3.49644
       4600           0         0.4     390.458     272.816     48.8807     3979.41     2028.47     6007.88     2356.34     2372.78    0.424618    -142.404     42.6892     2067.67     2272.87     2.88473     15.0512       0.016     5.49749     3.96125     3.72039     3.50354
       4500           0         0.4     390.458     273.031     46.7717     3981.96      2032.4     6014.36     2356.08     2372.31    0.424215    -143.172     42.6893     2067.42     2272.41      2.8854     13.2252       0.016     5.50292     3.96834      3.7274     3.51066
       4400           0         0.4     390.458     273.244     44.9817     3985.17     2034.55     6019.72     2355.82     2371.85    0.423818    -143.985     42.6893     2067.16     2271.96     2.88607     11.6247       0.016      5.5083     3.97536     3.73439      3.5178
       4300           0         0.4     390.458     273.455     43.3683     3986.05      2036.5     6022.55     2355.56     2371.39    0.423427    -144.824     42.6894     2066.91     2271.51     2.88672     10.1794       0.016     5.51361     3.98231     3.74137     3.52494
       4200           0         0.4     390.458     273.664     41.8479     3991.43     2037.97      6029.4     2355.31     2370.94     0.42304    -145.681     42.6894     2066.66     2271.07     2.88737     8.80821       0.016     5.51888     3.98921     3.74832     3.53207
       4100           0         0.4     390.458     273.871     40.4024     4000.88     2040.14     6041.02     2355.05     2370.49    0.422659     -146.55     42.6894     2066.41     2270.63     2.88802     7.49797       0.016     5.52409     3.99604     3.75525     3.53919
       4000           0         0.4     390.458     274.077     39.0014     4010.78     2040.92      6051.7      2354.8     2370.04    0.422282    -147.429     42.6894     2066.16     2270.19     2.88866     6.22369       0.016     5.52926     3.60253     3.76215     3.54629
       3900  0.00197989         0.4      390.46      274.28     37.6302     4023.51     2041.54     6065.05     2354.55     2369.59    0.421909    -148.316     42.6894     2065.92     2269.76     2.88929     4.97321       0.016     5.53438     3.60762       3.769     3.55337
       3800           0         0.4     390.656     274.482     36.2757      4034.8     2042.57     6077.36     2354.41      2369.2    0.421541    -149.249     42.6895     2065.68     2269.34     2.88993     3.73535       0.016     5.53944     3.61192     3.77576     3.56047
       3700           0         0.4     390.656     274.679     34.3627     4050.29     2043.92     6094.21     2354.14     2368.75     0.42118    -150.147     42.6895     2065.45     2268.93     2.89056     2.11639       0.016     5.54441     3.61587     3.78244     3.56753
       3600           0         0.4     390.656     274.871     30.9279     4063.46     2045.59     6109.05     2353.88     2368.31    0.420824    -151.128     42.6895     2065.21     2268.52     2.89116   -0.784972       0.016     5.54929     3.61966     3.78901     3.57447
       3500           0         0.4     390.656     275.057     26.8277     4075.95     2045.65      6121.6     2353.62     2367.88    0.420473    -152.246     42.6895     2064.98     2268.11     2.89175    -4.27094       0.016     5.55407      3.6234     3.79546      3.5813
       3400           0         0.4     390.656     275.239     22.4816     4084.58     2046.89     6131.47     2353.38     2367.45    0.420127    -153.516     42.6895     2064.75     2267.71     2.89233    -8.01154       0.016     5.55874     3.62714     3.40169     3.58803
       3300           0         0.4     390.656     275.417     17.8916     4085.18     2047.96     6133.14     2353.13     2367.04    0.419787    -154.934     42.6895     2064.53     2267.32     2.89289    -11.9734       0.016     5.56331     3.63089     3.40723     3.59459
       3200           0         0.4     390.656     275.591      13.629     4085.92     2048.85     6134.77      2352.9     2366.63    0.419454    -156.496     42.6895     2064.31     2266.94     2.89344    -15.7721       0.016     5.56778     3.63466     3.41241     3.20083
       3100           0         0.4     390.656      275.76     10.6681     4086.71     2049.96     6136.66     2352.67     2366.23     0.41913    -158.131     42.6895     2064.09     2266.57     2.89398    -18.4974       0.016     5.57213     3.63844     3.41723      3.2054
       3000           0         0.4     390.656     275.924     8.17433     4088.99     2051.28     6140.28     2352.45     2365.85     0.41882    -159.784     42.6895     2063.89     2266.22      2.8945    -20.8294       0.016     5.57638     3.64222     3.42145     3.20867
       2900           0         0.4     390.656     276.083     6.01303     4091.76     2051.86     6143.62     2352.24     2365.49    0.418526    -161.433     42.6895     2063.69     2265.87     2.89501    -22.8829       0.016      5.5805       3.646     3.42517     3.21126
       2800           0         0.4     390.656     276.236     4.08747     4094.93      2052.8     6147.73     2352.04     2365.15    0.418248    -163.067     42.6895     2063.51     2265.55      2.8955    -24.7348       0.016     5.58448     3.64975     3.42852     3.21344
       2700   0.0110884         0.4     390.667     276.383     2.16263     4098.71     2055.32     6154.03     2351.86     2364.83    0.417986    -164.682     42.6895     2063.33     2265.24     2.89597    -26.5557       0.016     5.58833     3.65346      3.4316     3.21535
       2600           0         0.4     391.765     276.538   -0.107738     4111.66     2057.96     6169.61     2352.27     2364.77    0.417741    -166.496     42.6895     2063.21     2264.99     2.89649    -28.6648       0.016     5.59205     3.65715     3.43453     3.21739
       2500  0.00500279         0.4      391.77      276.69    -2.46961      4112.2     2059.16     6171.37     2351.98     2364.44    0.417521    -168.071     42.6895     2063.09     2264.75     2.89698    -30.8531       0.016      5.5957     3.66082     3.43744      3.2194
       2400  0.00293228         0.4     392.268     276.835    -4.85972     4113.64     2059.93     6173.57     2351.99     2364.25    0.417313    -169.767     42.6895     2062.97      2264.5     2.89743    -33.0706       0.016     5.59924     3.66448     3.44035     3.22177
       2300 0.000199311         0.4     392.559     276.976    -7.27512     4114.18      2060.1     6174.28     2351.87     2364.01    0.417114    -171.429     42.6895     2062.86     2264.27     2.89787    -35.3108       0.016     5.60269     3.66813     3.44336     3.22448
       2200           0         0.4     392.579     277.109    -9.55097     4121.24     2060.51     6181.75     2351.61     2363.72    0.416922    -173.058     42.6895     2062.74     2264.04     2.89827    -37.4601       0.016     5.60604     3.67179     3.44647     3.22731
       2100           0         0.4     392.579     277.233    -11.4198     4121.33     2060.94     6182.28     2351.38     2363.45    0.416731    -174.691     42.6895     2062.61      2263.8     2.89864    -39.2685       0.016     5.60928     3.67544     3.44959     3.23015
       2000           0         0.4     392.579     277.351    -13.1196     4121.35      2061.4     6182.75     2351.17     2363.19    0.416543    -176.315     42.6896     2062.48     2263.56     2.89899    -40.9306       0.016      5.6124     3.67907     3.45271     3.23304
       1900           0         0.4     392.579     277.465    -14.6904     4122.16     2061.46     6183.63     2350.98     2362.94    0.416358     -177.92     42.6896     2062.35     2263.33     2.89934    -42.4805       0.016      5.6154     3.68269     3.45582     3.23597
       1800           0         0.4     392.579     277.576    -16.1612     4122.38     2061.55     6183.93     2350.81      2362.7    0.416177    -179.502     42.6896     2062.22     2263.11     2.89968    -43.9415       0.016     5.61831     3.68627     3.45893     3.23895
       1700  0.00389513         0.4     392.582     277.685    -17.6464     4123.93      2062.5     6186.42     2350.66     2362.47    0.416001    -181.059     42.6896      2062.1     2262.89     2.90002    -45.3951       0.016     5.62114     3.68983     3.46203     3.24197
       1600   0.0110829         0.4     392.979     277.797    -19.3242     4125.13     2064.99     6190.12     2350.72     2362.32     0.41583    -182.671     42.6896     2061.99     2262.68     2.90039    -47.0065       0.016      5.6239     3.69336     3.46516     3.24514
       1500  0.00233137         0.4     394.079     277.922    -21.0696     4126.76     2065.61     6192.37     2351.11     2362.31    0.415669    -184.385     42.6896     2061.92     2262.51     2.90082    -48.6746       0.016     5.62663     3.69687     3.46839     3.24872
       1400           0         0.4     394.309     278.049    -22.8493     4127.86     2066.71     6194.57     2350.93     2362.09    0.415522    -185.894     42.6896     2061.86     2262.34     2.90123    -50.3691       0.016      5.6294     3.70037      3.4718     3.25243
       1300           0         0.4     394.309     278.165     -24.644     4132.72     2067.14     6199.86     2350.65     2361.82    0.415377    -187.363     42.6896     2061.75     2262.14     2.90157    -52.0746       0.016     5.63217     3.70389     3.47522     3.25591
       1200 0.000636602         0.4      394.31     278.273    -26.1685     4149.33     2067.38     6216.71     2350.42     2361.57    0.415227     -188.84     42.6896     2061.64     2261.93     2.90189    -53.5952       0.016     5.63491     3.70741     3.47858     3.25923
       1100  0.00339703         0.4     394.377     278.378    -26.9488     4162.85     2068.21     6231.06     2350.25     2361.34    0.415073    -190.298     42.6896     2061.52     2261.72      2.9022    -54.4874       0.016      5.6376     3.71091     3.48185     3.26246
       1000   0.0054664         0.4     394.718     278.486    -27.4079     4174.26     2069.49     6243.74     2350.24     2361.18    0.414919    -191.745     42.6896     2061.41     2261.52     2.90254    -55.0974       0.016     5.64024     3.71438     3.48508     3.26574
        900  0.00438713         0.4     395.264     278.598    -27.5224     4186.08     2070.54     6256.62     2350.31     2361.05     0.41477     -193.14     42.6896     2061.33     2261.34     2.90291    -55.4148       0.016     5.64285     3.71781     3.48832     3.26918
        800   0.0208894         0.4     395.719     278.714    -27.3749     4199.17     2075.15     6274.32      2350.3     2360.89    0.414627    -194.416     42.6896     2061.25     2261.17     2.90327    -55.4944       0.016     5.64546     3.72121     3.49161     3.27271
        700   0.0235937         0.4     397.811     278.851    -26.9399     4210.09     2080.36     6290.45     2351.14     2361.08     0.41449    -195.883     42.6896     2061.22     2261.04     2.90375    -55.3351       0.016     5.64809      3.7246     3.49502     3.27679
        600  0.00933221         0.4     400.156     279.017    -26.0621     4230.95     2082.52     6313.47     2351.89     2361.25    0.414373    -197.212     42.6896     2061.27     2260.98     2.90432    -54.7881       0.016     5.65085     3.72801     3.49879     3.28164
        500  0.00615639         0.4     401.086     279.181      -24.89     4252.35     2083.98     6336.33     2351.73     2361.05    0.414271    -198.102     42.6896     2061.29     2260.88     2.90481    -53.9719       0.016     5.65378     3.73148     3.50287      3.2865
        400   0.0152031         0.4     401.711     279.327    -23.3969      4286.2     2087.38     6373.59     2351.45     2360.81    0.414161    -198.823     42.6896     2061.24     2260.73     2.90518    -52.8702       0.016     5.65681     3.73503     3.50698     3.29089
        300           0         0.4     403.216     279.475    -21.6612      4309.4     2089.13     6398.53     2351.69     2360.77    0.414034    -199.588     42.6896      2061.2     2260.58     2.90558    -51.5419       0.016     5.65984     3.73862       3.511     3.29523
        200           0         0.4     403.216     279.611    -19.4346     4339.43     2091.45     6430.88     2351.07     2360.39      0.4139    -199.926     42.6896     2061.14     2260.41     2.90591    -49.8188       0.016     5.66288     3.74224     3.51494     3.29924
        100  0.00754566         0.4     403.223     279.726    -16.3023     4354.66     2093.18     6447.84     2350.59     2360.05    0.413749    -200.142     42.6896     2061.02     2260.19     2.90616    -47.3098       0.016     5.66583     3.74584     3.51863     3.30267
          0  0.00698356         0.4     403.977     279.842     -12.692     4356.93     2094.79     6451.72     2350.59     2359.91    0.413583    -200.329     42.6896     2060.92     2259.99     2.90645    -44.3678       0.016     5.66866     3.74939     3.52208     3.30601