      20000           0         1.1           0     179.437      354.04     78.9895     14.2831     93.2726     2343.43     2426.93    0.785391      6.5598     39.9574     2049.96      2345.7     2.72671     271.433       0.016     5.73044     4.59858     4.35318     4.39114
      19900           0         1.1           0     179.437      353.13     151.419     29.7361     181.156     2343.43     2426.93    0.785563     6.43382     39.9574     2049.96      2345.7     2.72686     270.633       0.016     5.73044     4.59858     4.35318     4.39114
      19800           0         1.1           0     179.437     352.506     228.894     46.3592     275.253     2343.43     2426.93    0.785735     6.30822     39.9574     2049.96      2345.7     2.72701     270.044       0.016     5.73044     4.59858     4.35318     4.39114
      19700           0         1.1           0     179.437     352.255     299.319     60.5222     359.841     2343.43     2426.93    0.785907     6.19879     39.9574     2049.96      2345.7     2.72716     269.745       0.016     5.73044     4.59858     4.35318     4.39114
      19600           0         1.1           0     179.437      352.29     351.209     72.5053     423.714     2343.43     2426.93    0.786079     6.12087     39.9574     2049.96      2345.7     2.72731     269.689       0.016     5.73044     4.59858     4.35318     4.39114
      19500           0         1.1           0     179.437     350.597     414.692     82.0183      496.71     2343.43     2426.93    0.786251     6.05158     39.9574     2049.96      2345.7     2.72746     268.519       0.016     5.73044     4.59858     4.35318     4.39114
      19400           0         1.1           0     179.437     347.879     487.353     94.1014     581.454     2343.43     2426.93    0.786423     5.90477     39.9574     2049.96      2345.7     2.72761     266.477       0.016     5.73044     4.59858     4.35318     4.39114
      19300           0         1.1           0     179.437     345.374     558.279     106.214     664.494     2343.43     2426.93    0.786595     5.65656     39.9574     2049.96      2345.7     2.72775     264.481       0.016     5.73044     4.59858     4.35318     4.39114
      19200           0         1.1           0     179.437     342.873     620.606     118.358     738.963     2343.43     2426.93    0.786767     5.32496     39.9574     2049.96      2345.7      2.7279     262.498       0.016     5.73044     4.59858     4.35318     4.39114
      19100           0         1.1           0     179.437      342.02     681.386     130.011     811.397     2343.43     2426.93    0.786938     4.94128     39.9574     2049.96      2345.7     2.72805     261.588       0.016     5.73044     4.59858     4.35318     4.39114
      19000           0         1.1           0     179.437     342.156      741.53     142.474     884.004     2343.43     2426.93     0.78711     4.58749     39.9574     2049.96      2345.7      2.7282     261.511       0.016     5.73044     4.59858     4.35318     4.39114
      18900           0         1.1           0     179.437     340.553     800.577     155.747     956.323     2343.43     2426.93    0.787281     4.26219     39.9574     2049.96      2345.7     2.72835      260.36       0.016     5.73044     4.59858     4.35318     4.39114
      18800           0         1.1           0     179.437     337.986     870.831      166.28     1037.11     2343.43     2426.93    0.787452     3.87637     39.9574     2049.96      2345.7      2.7285     258.368       0.016     5.73044     4.59858     4.35318     4.39114
      18700           0         1.1           0     179.437      336.21     952.601     178.113     1130.71     2343.43     2426.93    0.787624     3.41716     39.9574     2049.96      2345.7     2.72864     256.824       0.016     5.73044     4.59858     4.35318     4.39114
      18600           0         1.1           0     179.437     334.818     1047.59     192.576     1240.17     2343.43     2426.93    0.787795     2.92873     39.9574     2049.96      2345.7     2.72879     255.619       0.016     5.73044     4.59858     4.35318     4.39114
      18500           0         1.1           0     179.437     333.482     1150.05     201.259     1351.31     2343.43     2426.93    0.787966     2.42444     39.9574     2049.96      2345.7     2.72894     254.469       0.016     5.73044     4.59858     4.35318     4.39114
      18400           0         1.1           0     179.437     332.205     1219.19     209.492     1428.69     2343.43     2426.93    0.788137      1.9065     39.9574     2049.96      2345.7     2.72909     253.357       0.016     5.73044     4.59858     4.35318     4.39114
      18300           0         1.1           0     179.437     329.228      1275.7     218.075     1493.77     2343.43     2426.93    0.788308     1.34924     39.9574     2049.96      2345.7     2.72924     251.114       0.016     5.73044     4.59858     4.35318     4.39114
      18200           0         1.1           0     179.437       325.2      1360.8     226.658     1587.45     2343.43     2426.93    0.788478    0.672723     39.9574     2049.96      2345.7     2.72938      247.97       0.016     5.73044     4.59858     4.35318     4.39114
      18100           0         1.1           0     179.437     321.768     1469.79     234.714      1704.5     2343.43     2426.93    0.788649   -0.137283     39.9574     2049.96      2345.7     2.72953      245.11       0.016     5.73044     4.59858     4.35318     4.39114
      18000           0         1.1           0     179.437     318.559     1574.09     243.331     1817.42     2343.43     2426.93     0.78882    -1.04056     39.9574     2049.96      2345.7     2.72968     242.443       0.016     5.73044     4.59858     4.35318     4.39114
      17900           0         1.1           0     179.437      317.64     1670.99     253.364     1924.35     2343.43     2426.93     0.78899    -1.98653     39.9574     2049.96      2345.7     2.72983     241.293       0.016     5.73044     4.59858     4.35318     4.39114
      17800           0         1.1           0     179.437     318.134        1766     264.257     2030.25     2343.43     2426.93    0.789161    -2.86227     39.9574     2049.96      2345.7     2.72997     241.331       0.016     5.73044     4.59858     4.35318     4.39114
      17700           0         1.1           0     179.437     316.312     1860.47      274.54     2135.01     2343.43     2426.93    0.789331    -3.66765     39.9574     2049.96      2345.7     2.73012     239.957       0.016     5.73044     4.59858     4.35318     4.39114
      17600           0         1.1           0     179.437     313.229     1943.92     288.828     2232.75     2343.43     2426.93    0.789502    -4.52282     39.9574     2049.96      2345.7     2.73027     237.487       0.016     5.73044     4.59858     4.35318     4.39114
      17500           0         1.1           0     179.437     313.298     2011.35     302.776     2314.12     2343.43     2426.93    0.789672    -5.41147     39.9574     2049.96      2345.7     2.73042     237.026       0.016     5.73044     4.59858     4.35318     4.39114
      17400           0         1.1           0     182.115     344.137     2042.72     312.444     2355.16     2337.81     2427.24    0.817182    -7.03503     39.0482     2090.19     2390.75     2.64272     282.715       0.016      5.7211     4.59193      4.3525     4.39344
      17300           0         1.1           0     182.934     353.815     2073.54     322.233     2395.78     2333.75     2428.42    0.848489    -7.23612     38.2531     2099.33     2400.72     2.62299     291.111       0.016     5.71793     4.58375     4.34297     4.38361
      17200           0         1.1           0      183.39     359.881     2096.59     335.928     2432.52     2330.58     2429.87    0.876868    -7.02974     37.5586     2103.93      2405.7     2.61341     296.236       0.016     5.72125     4.57463     4.32783     4.36492
      17100           0         1.1           0     183.841     363.835     2099.91     350.717     2450.63     2328.02     2431.38    0.901834    -6.64495     36.9519     2107.52     2409.45     2.60581     299.608       0.016     5.72871     4.56346     4.30774     4.33998
      17000           0         1.1           0     184.395     366.328     2106.32     368.422     2474.74     2325.94     2432.88    0.923629    -6.19849      36.422     2110.68     2412.53     2.59894     301.804       0.016     5.73799     4.54879     4.28324     4.31057
      16900           0         1.1           0     185.076     363.157     2119.69     386.971     2506.66     2324.24     2434.34    0.942573    -5.83044     35.9588     2113.56      2415.1     2.59263     299.792       0.016     5.74731     4.52873     4.25519     4.27796
      16800           0         1.1           0     185.879      356.08     2132.94     406.282     2539.22     2322.88     2435.75     0.95898    -5.80695     35.5537     2116.22     2417.24     2.58687      294.26       0.016     5.75543     4.50524     4.22418     4.24311
      16700           0         1.1           0     186.789     347.713     2143.96     427.383     2571.34      2321.8     2437.11     0.97314    -6.22983      35.199      2118.7     2419.03     2.58162     287.424       0.016     5.76158     4.47861      4.5905     4.20736
      16600           0         1.1           0     187.792     338.163     2156.83      452.74     2609.57     2320.95     2438.38    0.985304    -7.09448     34.8882     2121.04     2420.52     2.57681     279.594       0.016     5.76538     4.44944     4.55473     4.57412
      16500           0         1.1           0     188.875     339.172     2164.82     472.218     2637.03      2320.3     2439.58    0.995708    -8.20911     34.6155     2123.26     2421.76      2.5724     279.344       0.016      5.7667     4.41878      4.5183     4.53859
      16400   0.0650992         1.1   0.0650992     190.027      347.24     2171.37     496.159     2667.52     2319.86     2440.75     1.00457    -8.99678      34.376     2125.37     2422.79     2.56833     285.676       0.016     5.76561     4.78854     4.48125     4.50183
      16300    0.112216         1.1     6.62214     191.242     352.212     2187.88     517.432     2705.31     2323.07      2445.7     1.01206    -10.7627     34.1655     2127.46     2423.72     2.56436     290.396       0.016     5.76229     4.75451     4.44422     4.46414
      16200   0.0765911         1.1     17.8081      192.52     355.547      2209.5     544.357     2753.86     2328.29     2452.68     1.01838     -12.996     33.9801     2129.69     2424.75     2.56029     293.461       0.016     5.75692      4.7188     4.40702     4.42554
      16100   0.0111486         1.1     25.4018     193.846     347.149     2227.51     574.248     2801.76     2330.81     2456.53     1.02369    -13.9542     33.8167     2132.08     2425.92     2.55634     287.826       0.016     5.74969     4.68207      4.7685      4.7899
      16000           0         1.1     26.5055     195.201     330.857     2235.61     602.751     2838.36     2329.61     2456.13     1.02814    -13.8735     33.6725     2134.42     2427.01     2.55277     274.885       0.016     5.74079     4.64514     4.73072     4.75536
      15900           0         1.1     26.5055     196.574     322.581     2238.88     630.029     2868.91     2328.23     2455.37     1.03178    -14.3831     33.5449     2136.55     2427.84     2.54954     267.129       0.016     5.73047     4.60968     4.69377     4.72091
      15800    0.024624         1.1     26.5301     197.965     319.139     2245.28     654.425     2899.71     2327.23     2454.91     1.03467    -15.2301      33.432     2138.49     2428.42     2.54645     264.032       0.016     5.71897     4.97493     4.65811     4.68704
      15700   0.0353424         1.1     29.0032     199.373     316.881     2252.46     678.562     2931.02     2327.82     2456.07     1.03687    -16.7198     33.3317      2140.3     2428.84     2.54335     262.131       0.016     5.70656     4.93915     4.62375     4.65392
      15600    0.040008         1.1     32.5421     200.798      315.65     2261.15     700.523     2961.68     2328.95     2457.73     1.03848    -18.3421     33.2426     2142.09     2429.24     2.54017     261.067       0.016      5.6936     4.90319     4.99001     4.62154
      15500   0.0380005         1.1     36.5409     202.236     313.659     2269.87     721.817     2991.69     2330.22     2459.47     1.03959    -19.8963     33.1631      2143.9     2429.64     2.53691     259.566       0.016     5.68044     4.86771     4.95629     4.99349
      15400   0.0767324         1.1     40.3797     203.683     311.278     2283.51     742.139     3025.65     2331.29     2460.91     1.04024    -21.2937     33.0921     2145.71     2430.07      2.5336     257.669       0.016     5.66717     4.83312     4.92457     4.96655
      15300    0.131738         1.1      48.108      205.14     310.458     2305.29     764.316      3069.6     2334.39      2464.5      1.0405     -23.456     33.0283     2147.56     2430.54     2.53013     256.922       0.016     5.65389     4.80178     4.89407     4.93899
      15200    0.173577         1.1     61.3236     206.612      310.64     2328.04     785.777     3113.81     2340.03     2470.85     1.04043    -26.4832     32.9709     2149.55     2431.18     2.52636     257.118       0.016     5.64073     5.17045     4.86471     4.91091
      15100     0.25097         1.1     78.7587     208.102     317.045     2359.73     806.449     3166.18     2347.13     2478.77     1.04009    -29.7515      32.919     2151.81     2432.12     2.52223     262.064       0.016     5.62776     5.13916     4.83611     4.88236
      15000    0.319125         1.1     103.924      209.61     327.722      2405.4     826.141     3231.54     2357.42     2490.17     1.03954    -33.6211     32.8718      2154.4     2433.47     2.51767     270.996       0.016     5.61499     5.10836     4.80792     4.85314
      14900    0.374285         1.1     135.892      211.14     335.873     2461.74     843.648     3305.38      2369.9     2503.99     1.03883     -37.589     32.8288     2157.44     2435.33     2.51261     278.444       0.016      5.6024      5.0782     5.17879     4.82296
      14800    0.354004         1.1       173.3     212.689     342.631     2529.31     860.237     3389.55     2383.58     2519.13     1.03803    -41.4176     32.7892     2160.97     2437.78     2.50711     284.519       0.016     5.58994     5.04873     5.14919     5.19478
      14700           0         1.1     208.346     214.193     333.714     2590.02     875.039     3465.06     2394.12      2530.8     1.03719    -43.7367     32.7525     2164.86     2440.72     2.50192      278.73       0.016     5.57763     5.02049      5.1206     5.16655
      14600           0         1.1     208.346     206.844     265.394     2610.38     904.035     3514.41     2388.12     2517.83     1.00422    -39.3227     33.7363     2138.37     2417.71     2.65634     199.574       0.016     6.43939     5.17512     4.84215     5.17426
      14500           0         1.1     208.346     204.659      238.73     2614.56     938.723     3553.28     2383.92     2507.34    0.970315    -40.3687     34.6823     2130.02      2410.3     2.68015     174.265       0.016     6.63909     4.97983     4.97177      4.8295
      14400           0         1.1     208.346     204.816     222.261     2617.89     975.261     3593.15     2381.29     2498.74    0.935366    -43.3129     35.5885     2124.11     2403.03     2.68987      159.47       0.016       6.501     4.69965     4.62855     4.89672
      14300           0         1.1     208.346     205.771     208.021     2624.15     1008.64     3632.79     2379.81     2491.48    0.899365    -46.7751     36.4418     2119.22     2396.04     2.69833     147.709       0.016       6.501     4.74934     4.63986     4.96067
      14200           0         1.1     208.346     206.947     195.854     2637.15     1040.25      3677.4     2379.09     2485.22    0.863379    -50.2524     37.2291     2114.95     2389.54     2.70626     137.821       0.016       6.501     4.75407     4.63616     4.61254
      14100           0         1.1     208.346     208.152     189.303     2650.73     1070.43     3721.15     2378.84     2479.73    0.828489    -53.4569     37.9427     2111.15      2383.6     2.71354     132.146       0.016       6.501     4.73512     4.62706     4.64369
      14000           0         1.1     208.346     209.327     186.268     2673.56     1098.09     3771.64     2378.86     2474.86    0.795476    -56.1456     38.5803     2107.77      2378.2     2.72016     129.514       0.016       6.501     4.70698     4.61926     4.67018
      13900           0         1.1     208.346     210.459     181.229     2701.64      1128.2     3829.84     2378.98     2470.47    0.764807    -58.3451     39.1438     2104.73     2373.29     2.72622     125.795       0.016       6.501     4.67819     4.61706     4.69454
      13800           0         1.1     208.346     211.551     175.322     2721.02     1155.16     3876.18     2379.11     2466.46    0.736705    -60.2833     39.6376        2102     2368.79     2.73182     121.238       0.016       6.501     4.65325     4.61891      4.7183
      13700           0         1.1     208.346     212.607     171.009     2756.33      1183.9     3940.24     2379.18     2462.74    0.711218    -62.0501     40.0676     2099.52     2364.65     2.73706      117.74       0.016       6.501     4.63407       4.624     4.74214
      13600           0         1.1     208.346     213.629     167.586     2784.42     1211.48      3995.9     2379.16     2459.26    0.688277    -63.6389     40.4403     2097.25     2360.81       2.742     115.013       0.016       6.501     4.62148     4.63193     4.76635
      13500           0         1.1     208.346     214.623     170.817     2812.84     1232.69     4045.53     2379.04     2455.99     0.66774    -64.9707     40.7621     2095.16     2357.24      2.7467     116.998       0.016       6.501     4.61814     4.64434      4.7914
      13400           0         1.1     208.346     215.596     178.078     2839.86     1256.13     4095.99     2378.81     2452.88    0.649428    -65.7757     41.0391     2093.22     2353.87     2.75122     122.511       0.016       6.501     4.62016     4.66062     4.41378
      13300           0         1.1     208.346      216.55     175.045     2867.55     1276.44     4143.99     2378.49     2449.95     0.63316    -66.1906      41.277     2091.41     2350.67     2.75559     121.157       0.016       6.501     4.62503     4.67788     4.43003
      13200           0         1.1     208.346     220.061     195.992     2877.91     1296.29      4174.2     2370.94     2447.46    0.669673    -66.6097     40.2965     2127.73     2389.96     2.64529     154.482       0.016     6.66661     4.62569       4.703     4.44722
      13100   0.0106474         1.1     208.357     222.278     202.677     2882.18     1309.88     4192.06     2364.81     2445.96    0.707121    -65.9759     39.3976     2136.64     2398.22     2.61651     160.977       0.016     6.32065     4.62195     4.71956     4.45716
      13000           0         1.1     209.411     224.072     208.608     2894.45     1324.29     4218.74     2360.16     2445.48    0.740967     -65.188     38.5929     2141.02     2401.54     2.60158     166.874       0.016     6.52737     4.60723     4.72136     4.45888
      12900   0.0608373         1.1     209.472     225.522     214.953     2897.38     1337.48     4234.86     2355.61     2444.53     0.77086    -63.9673     37.8817     2144.01     2403.58     2.59075     172.835       0.016     5.89196     4.98494      4.7134     4.45252
      12800   0.0882355         1.1     215.583     226.637     221.335     2908.58     1351.72      4260.3     2354.96     2447.36    0.797169    -63.9315     37.2566     2146.27     2405.11     2.58237     178.784       0.016     6.02186     4.95782     4.70025      4.4392
      12700   0.0339045         1.1     224.352     227.654     223.551      2914.4     1366.67     4281.08      2355.7     2451.31    0.820363     -64.218      36.708     2148.34     2406.53     2.57444     181.443       0.016     6.12733     4.92937     4.68354      4.4204
      12600           0         1.1     227.709     228.774     222.853     2927.35     1383.05     4310.39     2353.36     2451.47    0.840668    -63.2966      36.226     2150.48     2407.93      2.5661     181.346       0.016     5.41202     4.89918     4.66284     4.40092
      12500           0         1.1     227.709     229.939     222.715     2937.76      1400.1     4337.86     2349.62     2449.75     0.85837    -61.9772     35.8017     2152.51     2409.16     2.55824     181.409       0.016     5.47461     4.86821     4.64088     4.78071
      12400           0         1.1     227.709     231.132     222.712     2950.28     1415.07     4365.34     2346.53     2448.42    0.873747    -61.0443     35.4274     2154.36     2410.16     2.55083     181.648       0.016     5.52316     4.83871     4.61988      4.7579
      12300           0         1.1     227.709     232.351     221.384     2951.82      1429.5     4381.33     2343.92     2447.36    0.887073    -60.4517     35.0963     2156.08     2410.97     2.54371     180.818       0.016     5.56049     4.81194     4.99927     4.73407
      12200   0.0804391         1.1     227.789     233.596     219.066     2964.75     1445.21     4409.95     2341.75     2446.55    0.898598    -60.2289     34.8029      2157.7     2411.66     2.53681     179.042       0.016     5.58889      5.1866     4.97684     4.70987
      12100    0.146406         1.1     235.899     234.872     218.202     2986.65     1462.78     4449.42     2344.23     2450.65    0.908537    -62.0202     34.5423     2159.34     2412.35     2.52986      178.26       0.016      5.6101     5.16127      4.9532     4.68476
      12000    0.211245         1.1     250.604     236.185     218.158     3017.28     1476.69     4493.97     2349.81        2458    0.917112    -65.0126     34.3104     2161.24      2413.3     2.52262      178.25       0.016     5.62546     5.13633     4.92865     4.65818
      11900    0.247443         1.1     271.765     237.536      218.94     3052.63     1493.71     4546.34     2357.97     2468.05    0.924537    -68.8682     34.1037     2163.51     2414.69     2.51507     178.891       0.016     5.63601     5.11172     4.90362        4.63
      11800    0.335258         1.1     296.597     238.927     220.299     3093.83     1509.82     4603.65     2366.89     2478.83    0.930988    -72.7619     33.9194     2166.22     2416.55     2.50724     180.044       0.016     5.64256     5.08741     4.87878     4.60253
      11700     0.12037         1.1     329.908     240.362     229.087     3147.16     1526.04      4673.2      2379.1     2493.14    0.936576    -77.5137     33.7547     2169.37      2418.9     2.49908     186.975       0.016      5.6458     5.06309     4.85484     4.97664
      11600   0.0734786         1.1     341.898     228.485     203.533     3181.58     1554.92      4736.5     2382.24     2490.86    0.907622    -76.5833     34.6333     2136.27     2391.53     2.67739     146.093       0.016     5.87215     4.82435     4.97893     4.98034
      11500   0.0118844         1.1     349.184      224.49     185.626     3207.77      1596.2     4803.97     2382.55      2486.2    0.877079    -77.3877     35.4829     2128.99     2387.01     2.70089     130.344       0.016      6.3426     4.63593     4.71151     4.63042
      11400   0.0165809         1.1     350.377     223.949     161.823     3222.64      1640.2     4862.84     2380.25     2478.91    0.845906     -78.645     36.2999     2124.14     2381.82     2.70806      110.72       0.016     6.76461     4.76697     4.77557      4.6932
      11300   0.0187005         1.1     352.038     224.652     150.533     3231.07     1681.02     4912.09     2379.31     2473.15    0.813676    -81.1447     37.0709     2119.91     2376.08     2.71442     100.242       0.016     6.66057     4.42347     4.79601       4.755
      11200           0         1.1     353.889      225.75     146.174      3234.6     1720.12     4954.73      2379.1     2468.29    0.781178     -83.717     37.7829     2116.23      2370.6     2.72071     96.2119       0.016     6.60489       4.428     4.79728      4.4067
      11100           0         1.1     353.889     226.934     138.345     3251.45     1758.09     5009.54     2378.28     2462.93    0.749504    -85.6599     38.4281     2112.87     2365.41     2.72673     90.2757       0.016     6.57914     4.41194     4.79114     4.43742
      11000           0         1.1     353.889     228.106     128.909     3277.14     1794.78     5071.93     2377.86     2458.25    0.719431    -87.6386     39.0042     2109.72      2360.5     2.73234     82.8119       0.016     6.57251     4.79658     4.78381     4.46231
      10900           0         1.1     353.889     229.252     123.488     3293.52     1833.13     5126.66     2377.63     2454.08    0.691395    -89.6363     39.5127     2106.88        2356     2.73751     78.1134       0.016     6.57841     4.77978     4.77975     4.48428
      10800           0         1.1     353.889     230.367     120.324     3298.29     1868.31      5166.6     2377.49     2450.29    0.665641    -91.4721     39.9577     2104.32     2351.87     2.74231     75.4137       0.016     6.59262     4.76347     4.78018     4.50498
      10700           0         1.1     353.889     231.451     116.249     3304.69     1903.09     5207.78     2377.35     2446.81    0.642246    -93.1431     40.3448     2101.99     2348.05     2.74681     72.1999       0.016     6.61231     4.75052     4.78513     4.52565
      10600           0         1.1     353.889     232.506      111.78     3315.33     1937.48     5252.82     2377.18     2443.57    0.621168    -94.7544     40.6796     2099.86     2344.51     2.75106     68.5817       0.016     6.63563     4.74212     4.79427     4.54709
      10500           0         1.1     353.889     233.536     109.061     3326.23     1971.45     5297.67     2376.94     2440.53     0.60229    -96.3227     40.9683      2097.9      2341.2     2.75511     66.1877       0.016     6.66135     4.73861     4.40617     4.56972
      10400           0         1.1     353.889      234.54     107.362     3337.76     2003.11     5340.87     2376.61     2437.65    0.585448    -97.7874     41.2164     2096.08     2338.09       2.759     64.6912       0.016     6.68862     4.73974     4.41772     4.59306
      10300           0         1.1     353.889     235.519     106.259      3342.7     2032.49     5375.18     2376.22     2434.91    0.570469    -99.1368     41.4292     2094.39     2335.17     2.76273     63.6902       0.016     6.71681     4.74498     4.42979     4.21277
      10200           0         1.1     353.889      236.47     105.074      3348.5     2061.72     5410.21     2375.77     2432.34    0.557191    -100.374     41.6113     2092.81     2332.42     2.76631     62.7214       0.016     6.74547     4.75374      4.4424     4.22576
      10100           0         1.1     353.889     237.393      102.87     3370.44     2088.02     5458.46     2375.27     2429.91    0.545436    -101.564     41.7671     2091.34     2329.83     2.76976     60.9268       0.016     6.77428      4.7655     4.45738     4.24123
      10000           0         1.1     353.889     238.294     100.338      3385.8     2113.73     5499.53     2374.72      2427.6     0.53502    -102.759     41.9003     2089.96     2327.37     2.77308     58.8526       0.016     6.20284     4.77987     4.47474     4.25946
       9900           0         1.1     353.889     239.174     97.6337      3390.3     2138.86     5529.16     2374.12     2425.38    0.525776    -103.981      42.014     2088.65     2325.01      2.7763     56.6196       0.016      6.2291      4.7965     4.49421     4.27994
       9800           0         1.1     353.889     240.037     94.7934     3395.88     2162.56     5558.44     2373.48     2423.23    0.517555    -105.242     42.1111      2087.4     2322.75     2.77944     54.2643       0.016     6.25484     4.41137     4.51547     4.30229
       9700           0         1.1     353.889     240.878     91.8452     3397.47     2184.87     5582.34     2372.79     2421.14    0.510225    -106.547     42.1939     2086.19     2320.56     2.78251     51.8062       0.016     6.28013     4.42193     4.53805     4.32617
       9600           0         1.1     353.889     241.694     88.8116      3399.7     2205.81     5605.51     2372.06     2419.09     0.50367    -107.901     42.2647     2085.01     2318.43      2.7855     49.2631       0.016     6.30493      4.4319     4.56154     4.35125
       9500   0.0911702         1.1      353.98     242.486      85.705      3401.8      2225.4      5627.2     2371.35     2417.14    0.497788    -109.325     42.3252     2083.87     2316.38      2.7884     46.6452       0.016     6.32922     4.44515     4.58575     4.37724
       9400     0.10227         1.1     363.108     243.272     83.2157     3420.85     2247.33     5668.18     2375.39     2420.48    0.492389    -112.558     42.3768     2083.39     2315.11     2.79078     44.4176       0.016     6.35308     4.46128     4.20925      4.0029
       9300   0.0917941         1.1     373.325     244.056     81.0669     3439.34     2267.07     5706.41     2379.03     2423.48    0.487501    -115.573      42.421     2083.74     2314.83     2.79275     42.4696       0.016     6.37644     4.47943      4.2264     4.01913
       9200   0.0876473         1.1       382.5     244.824     79.1473     3457.03     2285.95     5742.97     2381.35      2425.1    0.483231    -118.007     42.4588     2084.21      2314.7     2.79467     40.7089       0.016     6.39911     4.49875     4.24054     4.03163
       9100   0.0759302         1.1     391.253     245.571     77.4038     3466.88     2302.37     5769.26     2382.97     2426.03    0.479497    -120.118     42.4911     2084.53     2314.43     2.79659      39.099       0.016       6.421     4.51871     4.25616     4.04529
       9000   0.0594807         1.1      398.83       246.3     75.8212      3474.8     2315.38     5790.18     2383.63     2425.96    0.476187    -121.833     42.5188     2084.65     2313.93     2.79854     37.6317       0.016     6.44217     4.53908      4.2729     4.06025
       8900   0.0625305         1.1     404.781     247.013     74.4113     3493.56     2329.01     5822.57     2383.28     2424.81    0.473213     -123.15     42.5426     2084.48     2313.11     2.80058     36.3186       0.016     6.46272     4.55973     4.29048     4.07651
       8800   0.0585502         1.1      411.03     247.713     73.1237     3500.92     2341.82     5842.74     2383.11      2423.9    0.470472    -124.524     42.5629     2084.13     2312.09     2.80263     35.1178       0.016     6.48278     4.58057     4.30881     4.09392
       8700   0.0546182         1.1     416.881     248.405     71.9364     3500.97     2353.82     5854.79     2382.71     2422.76    0.467906    -125.794     42.5804     2083.72     2311.01     2.80465     34.0075       0.016     6.50246     4.20145     4.32775     4.11225
       8600   0.0520794         1.1      422.34     249.088     70.8405     3506.14     2365.28     5871.43     2382.12     2421.42    0.465491    -126.974     42.5954     2083.24     2309.86     2.80668      32.981       0.016     6.52188     4.21652     4.34719     4.13137
       8500   0.0496268         1.1     427.546     249.756     69.8249     3507.22     2376.23     5883.45     2381.43        2420    0.463203    -128.102     42.6083      2082.7     2308.66      2.8087     32.0277       0.016     6.54135     4.22721     4.36686     4.15115
       8400   0.0493946         1.1     432.508     250.407     69.3186     3509.57     2387.12     5896.69     2380.67     2418.51    0.461021    -129.173     42.6195     2082.13     2307.43     2.81068     31.4601       0.016     6.56072     4.23796     4.38663     4.17141
       8300   0.0319647         1.1      437.43     251.045     69.1404     3518.69     2394.37     5913.06     2379.95     2417.07    0.458932    -130.203      42.629     2081.54      2306.2     2.81261     31.1887       0.016     6.57991     4.25116     4.00589     4.19199
       8200   0.0317462         1.1     440.626     251.673     69.2135     3523.41     2401.58     5924.99     2378.38     2414.71    0.456942    -130.854     42.6372     2080.85     2304.86     2.81458      31.141       0.016      6.5989     4.26603     4.02115     3.80992
       8100   0.0316123         1.1     443.801     252.287     69.4972     3531.26     2408.74        5940     2377.02     2412.62    0.455045    -131.515     42.6443     2080.05     2303.42     2.81654     31.2841       0.016     5.81587     4.28191     4.03347     3.82067
       8000   0.0301273         1.1     446.961     252.883      69.946     3531.35     2415.58     5946.93     2375.85     2410.76    0.453223     -132.16     42.6505      2079.3     2302.03     2.81844     31.5769       0.016     5.83188     4.29826     4.04515     3.83104
       7900   0.0287137         1.1     449.972     253.462     70.6085     3540.46     2422.12     5962.58     2374.75     2409.01    0.451473    -132.742     42.6557     2078.58     2300.71     2.82027     32.0529       0.016     5.84726     4.31481     4.05814     3.84282
       7800   0.0246074         1.1     452.839     254.027     71.4428     3547.31     2427.79      5975.1      2373.7     2407.33    0.449793    -133.251     42.6603      2077.9     2299.45     2.82204     32.6874       0.016     5.86213     4.33144     4.07203     3.85578
       7700   0.0253374         1.1     455.301      254.58     72.4399     3551.93     2433.61     5985.54     2372.56     2405.57    0.448181    -133.632     42.6642     2077.22     2298.19     2.82377     33.4697       0.016     5.87662     4.34813     4.08659     3.86973
       7600   0.0213271         1.1      457.83     255.123     73.6031     3558.71     2438.59      5997.3     2371.58        2404    0.446625    -133.979     42.6676     2076.54     2296.96     2.82547     34.4047       0.016     5.89079     4.36483     4.10169     3.88447
       7500   0.0174751         1.1     459.959     255.657     74.9072     3570.86     2442.76     6013.62     2370.49     2402.32    0.445121    -134.188     42.6706     2075.88     2295.74     2.82715     35.4722       0.016     5.90473     4.38153     4.11722     3.89985
       7400   0.0136614         1.1     461.703     256.184     75.2892     3586.28     2446.12      6032.4     2369.32     2400.55    0.443667     -134.29     42.6731     2075.18     2294.49     2.82883      35.889       0.016     5.91848     4.39823     4.13309      3.9158
       7300   0.0194565         1.1     463.075     256.704     75.1525     3603.07     2450.69     6053.76     2368.07     2398.71    0.442255    -134.348     42.6753     2074.45     2293.22     2.83051     35.8458       0.016     5.93206     4.01162     4.14924     3.93222
       7200   0.0252988         1.1     465.026     257.213     74.7319     3623.54     2456.48     6080.02     2367.28     2397.37    0.440869    -134.571     42.6772     2073.76     2291.99     2.83214     35.5628       0.016     5.94548     4.02103      4.1655     3.94895
       7100   0.0196454         1.1     467.551      257.71     74.1075     3644.74     2461.07     6105.81     2366.83     2396.41    0.439509    -134.927     42.6788     2073.17     2290.91     2.83368     35.1023       0.016     5.95865     4.02898     4.18167     3.96576
       7000           0         1.1     469.496     258.192      73.344     3658.29     2461.66     6119.95     2366.06     2395.11    0.438198    -135.172     42.6803     2072.63     2289.89     2.83518     34.5196       0.016     5.97152     4.03682     4.19766      3.9826
       6900           0         1.1     469.496      258.66     72.5164     3671.83     2462.22     6134.05     2364.32     2392.75    0.436954    -135.078     42.6815     2071.95     2288.71     2.83675     33.8819       0.016      5.9841     4.04636     3.81159     3.99944
       6800   0.0159719         1.1     469.512     259.114     71.6301     3683.54     2466.01     6149.55     2362.84     2390.68    0.435749    -135.104     42.6826     2071.12     2287.39     2.83833     33.1934       0.016      5.9964     4.05713     3.82297     3.61185
       6700   0.0101195         1.1     471.103     259.555     70.6731      3694.8     2468.55     6163.35     2362.39     2389.77    0.434558    -135.521     42.6835     2070.43     2286.23     2.83979     32.4342       0.016     6.00844     4.06861     3.83235     3.61955
       6600           0         1.1     472.105     259.982      69.691     3706.76     2469.14      6175.9     2361.62     2388.54    0.433415    -135.825     42.6843     2069.89     2285.26     2.84115     31.6449       0.016     6.02017     4.08041     3.84056     3.62691
       6500  0.00149282         1.1     472.106     260.393     68.6952     3715.82     2469.84     6185.66      2360.4     2386.83    0.432345    -135.968      42.685      2069.3     2284.24     2.84251     30.8404       0.016     6.03156     4.09232     3.84925     3.63516
       6400 0.000122302         1.1     472.254     260.791     67.9871     3724.28     2470.25     6194.53     2359.42      2385.4    0.431322    -136.206     42.6856     2068.67      2283.2     2.84386     30.2427       0.016     6.04262     4.10426     3.85888     3.64424
       6300  0.00664125         1.1     472.273     261.178      67.445     3733.51     2472.02     6205.54     2358.48     2384.03    0.430331     -136.45     42.6861     2068.06     2282.18     2.84516     29.7912       0.016     6.05342     4.11622     3.86911     3.65404
       6200  0.00889585         1.1     472.939     261.558     66.9922     3750.71     2474.26     6224.98     2357.98     2383.15    0.429364    -136.839     42.6866     2067.52     2281.25     2.84639      29.411       0.016     6.06399     4.12818     3.87978     3.66437
       6100   0.0111692         1.1     473.831     261.933     66.6178     3768.74     2476.98     6245.72     2357.61     2382.42    0.428426    -137.253      42.687     2067.07     2280.44     2.84756     29.0943       0.016     6.07438     4.14013     3.89074     3.67505
       6000   0.0134571         1.1      474.95     262.303     66.2943     3775.86     2480.18     6256.04     2357.35     2381.82    0.427524    -137.682     42.6873     2066.69      2279.7     2.84869     28.8198       0.016     6.08459     4.15206     3.90189     3.68601
       5900  0.00319462         1.1     476.286     262.669       66.01     3784.89     2481.21      6266.1     2357.18     2381.32    0.426657    -138.116     42.6876     2066.35     2279.02     2.84979     28.5781       0.016     6.09465     4.16395     3.91317     3.69715
       5800   0.0100337         1.1     476.612     263.031     65.7755     3800.15     2483.68     6283.83     2356.44     2380.19    0.425835    -138.318     42.6879     2065.97     2278.29     2.85091     28.3815       0.016     6.10456      4.1758     3.92453     3.70851
       5700    0.010239         1.1     477.616     263.389     65.5698     3805.63     2486.19     6291.82     2356.13     2379.55    0.425036    -138.661     42.6881     2065.55     2277.53     2.85202     28.2114       0.016     6.11441      4.1876     3.93599     3.72004
       5600  0.00974205         1.1     478.639     263.744     65.3878     3809.38     2488.59     6297.98     2355.81      2378.9    0.424249    -138.983     42.6883     2065.19     2276.83      2.8531     28.0618       0.016     6.12454     4.19935      3.9475     3.73165
       5500  0.00926126         1.1     479.613     264.098     65.2297     3823.06      2490.9     6313.96     2355.46     2378.21    0.423481    -139.272     42.6885     2064.83     2276.14     2.85417     27.9341       0.016     6.13485     3.80894     3.95907     3.74333
       5400  0.00774661         1.1     480.537     264.449     64.3697     3836.07     2492.87     6328.94     2355.07      2377.5    0.422731    -139.546     42.6886     2064.47     2275.45     2.85524     27.2886       0.016     6.14523     3.81623     3.97063     3.75508
       5300  0.00626398         1.1     481.311     264.793     63.0874      3841.5     2494.53     6336.03     2354.62      2376.7    0.421996    -139.828     42.6887      2064.1     2274.75      2.8563     26.2615       0.016     6.15558     3.82261     3.98209     3.76687
       5200    0.020508         1.1     481.951      265.13     61.5716     3859.23      2499.2     6358.43     2354.11     2375.84    0.421275    -140.142     42.6888      2063.7     2274.03     2.85735     25.0281       0.016     6.16584     3.82866     3.99347     3.77867
       5100   0.0161223         1.1     483.998     265.463     59.8807     3863.93     2502.94     6366.86     2354.37     2375.84     0.42055    -140.792     42.6889      2063.4     2273.43     2.85832     23.6345       0.016     6.17599     3.83463     3.60433     3.79033
       5000   0.0117724         1.1     485.605     265.792     58.0469     3865.51     2505.74     6371.26     2354.28     2375.46    0.419843    -141.362      42.689     2063.19     2272.93     2.85924     22.1084       0.016     6.18599     3.84064     3.61348     3.40143
       4900   0.0168967         1.1     486.788     266.112     56.1346     3868.55     2509.63     6378.18     2353.93     2374.79    0.419173    -141.889     42.6891     2062.93     2272.39     2.86017     20.5042       0.016     6.19579     3.84671     3.62152     3.40916
       4800   0.0189944         1.1      488.48     266.424     54.1365      3869.7     2513.96     6383.66     2353.87     2374.47    0.418532    -142.575     42.6891     2062.68     2271.85     2.86107     18.8178       0.016     5.40484      3.8535     3.62836     3.41436
       4700   0.0211361         1.1     490.381     266.727     52.0691     3876.75     2518.73     6395.48     2353.89     2374.25    0.417917    -143.337     42.6892     2062.49      2271.4     2.86191     17.0587       0.016     5.41289     3.86091      3.6343     3.41825
       4600   0.0117975         1.1     492.485      267.02     49.9636     3878.54     2521.51     6400.05     2353.99     2374.12    0.417335    -144.168     42.6892     2062.35     2271.02     2.86269     15.2558       0.016     5.42042     3.86863     3.63972     3.42209
       4500  0.00721605         1.1     493.661     267.302      47.819     3882.14     2523.31     6405.44     2353.54      2373.4    0.416792    -144.849     42.6893     2062.17      2270.6     2.86348     13.4117       0.016     5.42753     3.87644     3.64506     3.42665
       4400   0.0153939         1.1      494.39     267.573     46.0132     3886.38     2526.84     6413.22     2352.92     2372.51    0.416279    -145.511     42.6893      2061.9     2270.08      2.8643     11.8101       0.016     5.43431     3.88424     3.65054     3.43178
       4300   0.0160651         1.1      495.93     267.836     44.3806     3888.27      2530.5     6418.77     2352.81     2372.19    0.415765    -146.389     42.6894     2061.64     2269.57     2.86507     10.3593       0.016     5.44081     3.89197     3.65619     3.43726
       4200   0.0181733         1.1     497.539     268.092      42.838     3894.65     2534.61     6429.25     2352.72     2371.89    0.415255    -147.286     42.6894     2061.45     2269.17     2.86578     8.97742       0.016     5.44708     3.89959     3.66196     3.44293
       4100   0.0146674         1.1     499.353     268.342     41.3675     3905.06     2537.97     6443.03     2352.72      2371.7     0.41476    -148.225     42.6894     2061.31     2268.81     2.86646     7.65228       0.016     5.45315     3.90711     3.66783     3.44874
       4000   0.0210483         1.1     500.826     268.587     39.9458     3915.91     2542.68     6458.59     2352.51     2371.28    0.414285    -149.091     42.6894     2061.16     2268.45     2.86713     6.36633       0.016     5.45904     3.91451     3.67378     3.45468
       3900   0.0274296         1.1     502.937     268.827     38.5476     3929.55     2548.75      6478.3     2352.65     2371.24    0.413822    -150.091     42.6894     2061.03     2268.12     2.86776     5.09757       0.016     5.46476     3.92178     3.67988      3.4607
       3800   0.0195264         1.1     505.672     269.065     37.1551     3941.72     2553.14     6494.85     2353.06     2371.51    0.413366    -151.189     42.6895     2060.99      2267.9     2.86833     3.82964       0.016     5.47034     3.92894     3.68614     3.46672
       3700   0.0178527         1.1     507.623     269.299     35.2029     3958.05     2557.16     6515.21     2352.95     2371.21    0.412936    -152.104     42.6895     2060.96     2267.68     2.86891     2.18261       0.016     5.47578       3.936     3.69246     3.47283
       3600   0.0161938         1.1     509.407     269.529     31.7267     3972.02     2560.83     6532.85     2352.75     2370.82    0.412528     -153.07     42.6895     2060.84     2267.38     2.86951   -0.743477       0.016      5.4811     3.94294     3.69882     3.47908
       3500   0.0235697         1.1     511.034     269.757     27.5854     3985.27     2566.08     6551.34     2352.49     2370.35    0.412125    -154.149     42.6895     2060.69     2267.03     2.87013    -4.25148       0.016     5.48632     3.94979     3.70521     3.48545
       3400   0.0178326         1.1     513.385     269.982     23.1878      3994.6     2570.09     6564.69     2352.64     2370.33    0.411716    -155.528     42.6895     2060.56     2266.72     2.87071    -8.02407       0.016     5.49146     3.95654     3.71162     3.49185
       3300   0.0184329         1.1     515.169     270.205     18.5476     3994.65     2574.24     6568.89     2352.42     2369.92    0.411311    -156.925     42.6895     2060.46     2266.43     2.87128    -12.0167       0.016     5.49653      3.9632     3.71803     3.49827
       3200   0.0190421         1.1     517.013     270.426      14.241     3996.01     2578.51     6574.52     2352.26     2369.57    0.410914    -158.484     42.6895     2060.32      2266.1     2.87187    -15.8427       0.016     5.50153     3.96978     3.72443     3.50475
       3100   0.0177868         1.1     518.916     270.645     11.2421     3996.21     2582.52     6578.73     2352.14     2369.26    0.410517    -160.131     42.6895     2060.18     2265.78     2.87244    -18.5933       0.016     5.50647     3.97628     3.73082     3.51124
       3000   0.0165413         1.1     520.693     270.861     8.71513     3999.04     2586.26      6585.3     2351.94     2368.88    0.410121    -161.772     42.6895     2060.04     2265.45     2.87301    -20.9474       0.016     5.51136     3.98271     3.73719     3.51775
       2900   0.0197505         1.1      522.35     271.076     6.52611     4002.32     2590.68        6593      2351.7     2368.44    0.409728    -163.392     42.6895     2059.88     2265.11     2.87359    -23.0183       0.016      5.5162     3.98907     3.74356     3.52428
       2800   0.0178184         1.1     524.323      271.29       4.571     4005.98     2594.69     6600.67     2351.64      2368.2    0.409332    -165.065     42.6895     2059.73     2264.78     2.87414    -24.8896       0.016       5.521     3.99536      3.7499     3.53079
       2700    0.033641         1.1     526.121     271.501     2.61662     4009.31     2602.09      6611.4     2351.48     2367.85    0.408938    -166.678     42.6895      2059.6     2264.47     2.87469    -26.7293       0.016     5.52576     3.60147     3.75622     3.53728
       2600  0.00929417         1.1     529.461     271.713    0.310497     4021.83     2604.28     6626.11     2352.13     2368.41    0.408536    -168.575     42.6895     2059.57     2264.28     2.87516    -28.8633       0.016     5.53047     3.60633     3.76248     3.54362
       2500   0.0270434         1.1     530.408      271.92    -2.07158     4021.98     2610.26     6632.24     2351.37      2367.4    0.408164    -169.977     42.6895     2059.49     2264.04      2.8757    -31.0615       0.016      5.5351     3.61039     3.76861     3.54996
       2400   0.0247031         1.1      533.11     272.124    -4.49073     4023.78     2615.73     6639.52     2351.68     2367.57    0.407794    -171.776     42.6895     2059.36     2263.74     2.87621    -33.2962       0.016     5.53964     3.61407     3.77465     3.55627
       2300   0.0216813         1.1     535.577     272.323    -6.94245     4023.99     2620.56     6644.55     2351.77     2367.51    0.407418    -173.513     42.6895     2059.32     2263.55     2.87668    -35.5619       0.016     5.54409     3.61757     3.78057     3.56242
       2200   0.0186784         1.1     537.742     272.519    -9.25505     4030.75     2624.74     6655.49     2351.67     2367.24    0.407057    -175.195     42.6895     2059.27     2263.34     2.87715    -37.7376       0.016     5.54843       3.621     3.78635     3.56849
       2100   0.0182628         1.1      539.61     272.711    -11.1557     4031.11     2628.83     6659.94     2351.41      2366.8    0.406708    -176.821     42.6895     2059.16     2263.08     2.87763     -39.568       0.016     5.55267     3.62441     3.79203     3.57451
       2000   0.0178635         1.1     541.436     272.899    -12.8837     4031.33     2632.83     6664.16     2351.17     2366.37    0.406361    -178.435     42.6896     2059.03     2262.78     2.87812    -41.2485       0.016     5.55681     3.62783     3.79763     3.58049
       1900   0.0199683         1.1     543.224     273.084    -14.4802     4031.93     2637.28     6669.21     2350.93     2365.96    0.406013    -180.028     42.6896     2058.88     2262.48     2.87861    -42.8146       0.016     5.56087     3.63128     3.40294     3.58641
       1800   0.0197539         1.1     545.221     273.265    -15.9785     4032.32     2641.68     6674.01     2350.83      2365.7    0.405661    -181.642     42.6896     2058.76      2262.2     2.87907    -44.2937       0.016     5.56486     3.63476     3.40775     3.59217
       1700   0.0234091         1.1       547.2     273.444    -17.4923     4034.03     2646.86     6680.89     2350.72     2365.43    0.405312    -183.221     42.6896     2058.65     2261.95     2.87952    -45.7664       0.016     5.56877     3.63826     3.41234     3.59771
       1600   0.0303334         1.1     549.548     273.619    -19.1985     4035.11     2653.53     6688.64     2350.81     2365.38    0.404967    -184.847     42.6896     2058.58     2261.75     2.87993     -47.397       0.016     5.57259     3.64178     3.41675     3.20258
       1500    0.021423         1.1     552.572     273.792    -20.9703     4036.64     2658.29     6694.92     2351.23     2365.69     0.40463    -186.569     42.6896      2058.6     2261.64     2.88029    -49.0839       0.016     5.57633     3.64533     3.42075     3.20586
       1400   0.0132154         1.1     554.706     273.961     -22.775     4037.67     2661.27     6698.94     2351.08      2365.4    0.404321    -188.082     42.6896     2058.62     2261.53     2.88065    -50.7965       0.016     5.57996     3.64887     3.42424     3.20832
       1300   0.0161429         1.1     556.031     274.125    -24.5862     4042.47     2664.89     6707.36     2350.54     2364.68    0.404044     -189.45     42.6896     2058.51     2261.29     2.88108    -52.5111       0.016     5.58347      3.6524     3.42736     3.21044
       1200   0.0190493         1.1     557.648     274.283    -26.1246     4059.03     2669.12     6728.15     2350.26     2364.25     0.40377    -190.906     42.6896     2058.36        2261     2.88151    -54.0387       0.016     5.58688     3.65589     3.43024     3.21232
       1100   0.0215971         1.1     559.555     274.436    -26.9198     4072.52     2673.89     6746.41     2350.18     2364.05    0.403491    -192.389     42.6896     2058.25     2260.76     2.88189    -54.9411       0.016      5.5902     3.65935     3.43294       3.214
       1000   0.0235021         1.1     561.717     274.585     -27.393     4083.91     2679.07     6762.98     2350.24     2364.01    0.403215    -193.851     42.6896      2058.2      2260.6     2.88223    -55.5622       0.016     5.59341     3.66278     3.43548     3.21551
        900   0.0223084         1.1     564.066      274.73     -27.519     4095.74     2683.99     6779.73     2350.39     2364.07    0.402952    -195.256     42.6896      2058.2     2260.49     2.88254      -55.89       0.016     5.59652     3.66597     3.43793     3.21688
        800   0.0387241         1.1     566.313      274.87    -27.3807     4108.83     2692.44     6801.27     2350.45     2364.04    0.402707    -196.537     42.6896     2058.22     2260.41     2.88283    -55.9792       0.016      5.5995     3.66846     3.44028     3.21817
        700    0.041566         1.1     570.189     275.007    -26.9502     4119.76      2701.5     6821.26     2351.37     2364.96    0.402467    -198.006     42.6896     2058.35     2260.46     2.88303    -55.8282       0.016     5.60235     3.67007     3.44251     3.21945
        600   0.0275506         1.1     574.331      275.14    -26.0705     4140.63     2707.53     6848.17     2352.25     2365.84    0.402245    -199.339     42.6896     2058.63     2260.69     2.88315    -55.2884       0.016     5.60504     3.67088     3.44463     3.22084
        500   0.0245141         1.1     577.083     275.266    -24.8936     4162.04     2712.91     6874.95     2352.24     2365.75    0.402072    -200.237     42.6896     2058.84     2260.85     2.88331    -54.4777       0.016     5.60752     3.67156     3.44666     3.22241
        400   0.0336586         1.1     579.544     275.386    -23.3947     4195.88     2720.25     6916.14     2352.11     2365.52    0.401927    -200.967     42.6896     2058.91     2260.85     2.88353    -53.3801       0.016     5.60982     3.67276     3.44867      3.2242
        300  0.00986926         1.1     582.886     275.502    -21.6515     4219.07     2722.48     6941.55     2352.48     2365.86    0.401771     -201.74     42.6896     2058.99     2260.85     2.88371    -52.0553       0.016     5.61198      3.6743     3.45072     3.22607
        200  0.00734339         1.1      583.87     275.614    -19.4032     4249.07     2724.16     6973.23     2351.54     2364.75     0.40163    -201.933     42.6896     2058.97     2260.75     2.88397    -50.3223       0.016     5.61404     3.67606     3.45278     3.22814
        100   0.0262296         1.1     584.623     275.721    -16.2369     4264.24     2729.89     6994.13     2350.69     2363.73    0.401488    -201.998     42.6896     2058.75     2260.41     2.88432    -47.7906       0.016     5.61601     3.67795     3.45496     3.23052
          0   0.0257347         1.1     587.246     275.826    -12.6033     4266.41     2735.52     7001.93     2350.99     2363.97    0.401298    -202.269     42.6896     2058.62     2260.19     2.88458    -44.8369       0.016     5.61797     3.67993     3.45723     3.23295