      20000           0         0.3           0     179.437      354.04     78.9895     14.2831     93.2726     2343.43     2426.93    0.785391      6.5598     39.9574     2049.96      2345.7     2.72671     271.433       0.016     5.73044     4.59858     4.35318     4.39114
      19900           0         0.3           0     179.437      353.13     151.419     29.7361     181.156     2343.43     2426.93    0.785563     6.43382     39.9574     2049.96      2345.7     2.72686     270.633       0.016     5.73044     4.59858     4.35318     4.39114
      19800           0         0.3           0     179.437     352.506     228.894     46.3592     275.253     2343.43     2426.93    0.785735     6.30822     39.9574     2049.96      2345.7     2.72701     270.044       0.016     5.73044     4.59858     4.35318     4.39114
      19700           0         0.3           0     179.437     352.255     299.319     60.5222     359.841     2343.43     2426.93    0.785907     6.19879     39.9574     2049.96      2345.7     2.72716     269.745       0.016     5.73044     4.59858     4.35318     4.39114
      19600           0         0.3           0     179.437      352.29     351.209     72.5053     423.714     2343.43     2426.93    0.786079     6.12087     39.9574     2049.96      2345.7     2.72731     269.689       0.016     5.73044     4.59858     4.35318     4.39114
      19500           0         0.3           0     179.437     350.597     414.692     82.0183      496.71     2343.43     2426.93    0.786251     6.05158     39.9574     2049.96      2345.7     2.72746     268.519       0.016     5.73044     4.59858     4.35318     4.39114
      19400           0         0.3           0     179.437     347.879     487.353     94.1014     581.454     2343.43     2426.93    0.786423     5.90477     39.9574     2049.96      2345.7     2.72761     266.477       0.016     5.73044     4.59858     4.35318     4.39114
      19300           0         0.3           0     179.437     345.374     558.279     106.214     664.494     2343.43     2426.93    0.786595     5.65656     39.9574     2049.96      2345.7     2.72775     264.481       0.016     5.73044     4.59858     4.35318     4.39114
      19200           0         0.3           0     179.437     342.873     620.606     118.358     738.963     2343.43     2426.93    0.786767     5.32496     39.9574     2049.96      2345.7      2.7279     262.498       0.016     5.73044     4.59858     4.35318     4.39114
      19100           0         0.3           0     179.437      342.02     681.386     130.011     811.397     2343.43     2426.93    0.786938     4.94128     39.9574     2049.96      2345.7     2.72805     261.588       0.016     5.73044     4.59858     4.35318     4.39114
      19000           0         0.3           0     179.437     342.156      741.53     142.474     884.004     2343.43     2426.93     0.78711     4.58749     39.9574     2049.96      2345.7      2.7282     261.511       0.016     5.73044     4.59858     4.35318     4.39114
      18900           0         0.3           0     179.437     340.553     800.577     155.747     956.323     2343.43     2426.93    0.787281     4.26219     39.9574     2049.96      2345.7     2.72835      260.36       0.016     5.73044     4.59858     4.35318     4.39114
      18800           0         0.3           0     179.437     337.986     870.831      166.28     1037.11     2343.43     2426.93    0.787452     3.87637     39.9574     2049.96      2345.7      2.7285     258.368       0.016     5.73044     4.59858     4.35318     4.39114
      18700           0         0.3           0     179.437      336.21     952.601     178.113     1130.71     2343.43     2426.93    0.787624     3.41716     39.9574     2049.96      2345.7     2.72864     256.824       0.016     5.73044     4.59858     4.35318     4.39114
      18600           0         0.3           0     179.437     334.818     1047.59     192.576     1240.17     2343.43     2426.93    0.787795     2.92873     39.9574     2049.96      2345.7     2.72879     255.619       0.016     5.73044     4.59858     4.35318     4.39114
      18500           0         0.3           0     179.437     333.482     1150.05     201.259     1351.31     2343.43     2426.93    0.787966     2.42444     39.9574     2049.96      2345.7     2.72894     254.469       0.016     5.73044     4.59858     4.35318     4.39114
      18400           0         0.3           0     179.437     332.205     1219.19     209.492     1428.69     2343.43     2426.93    0.788137      1.9065     39.9574     2049.96      2345.7     2.72909     253.357       0.016     5.73044     4.59858     4.35318     4.39114
      18300           0         0.3           0     179.437     329.228      1275.7     218.075     1493.77     2343.43     2426.93    0.788308     1.34924     39.9574     2049.96      2345.7     2.72924     251.114       0.016     5.73044     4.59858     4.35318     4.39114
      18200           0         0.3           0     179.437       325.2      1360.8     226.658     1587.45     2343.43     2426.93    0.788478    0.672723     39.9574     2049.96      2345.7     2.72938      247.97       0.016     5.73044     4.59858     4.35318     4.39114
      18100           0         0.3           0     179.437     321.768     1469.79     234.714      1704.5     2343.43     2426.93    0.788649   -0.137283     39.9574     2049.96      2345.7     2.72953      245.11       0.016     5.73044     4.59858     4.35318     4.39114
      18000           0         0.3           0     179.437     318.559     1574.09     243.331     1817.42     2343.43     2426.93     0.78882    -1.04056     39.9574     2049.96      2345.7     2.72968     242.443       0.016     5.73044     4.59858     4.35318     4.39114
      17900           0         0.3           0     179.437      317.64     1670.99     253.364     1924.35     2343.43     2426.93     0.78899    -1.98653     39.9574     2049.96      2345.7     2.72983     241.293       0.016     5.73044     4.59858     4.35318     4.39114
      17800           0         0.3           0     179.437     318.134        1766     264.257     2030.25     2343.43     2426.93    0.789161    -2.86227     39.9574     2049.96      2345.7     2.72997     241.331       0.016     5.73044     4.59858     4.35318     4.39114
      17700           0         0.3           0     179.437     316.312     1860.47      274.54     2135.01     2343.43     2426.93    0.789331    -3.66765     39.9574     2049.96      2345.7     2.73012     239.957       0.016     5.73044     4.59858     4.35318     4.39114
      17600           0         0.3           0     179.437     313.229     1943.92     288.828     2232.75     2343.43     2426.93    0.789502    -4.52282     39.9574     2049.96      2345.7     2.73027     237.487       0.016     5.73044     4.59858     4.35318     4.39114
      17500           0         0.3           0     179.437     313.298     2011.35     302.776     2314.12     2343.43     2426.93    0.789672    -5.41147     39.9574     2049.96      2345.7     2.73042     237.026       0.016     5.73044     4.59858     4.35318     4.39114
      17400           0         0.3           0     182.115     344.137     2042.72     312.444     2355.16     2337.81     2427.24    0.817182    -7.03503     39.0482     2090.19     2390.75     2.64272     282.715       0.016      5.7211     4.59193      4.3525     4.39344
      17300           0         0.3           0     182.934     353.815     2073.54     322.233     2395.78     2333.75     2428.42    0.848489    -7.23612     38.2531     2099.33     2400.72     2.62299     291.111       0.016     5.71793     4.58375     4.34297     4.38361
      17200           0         0.3           0      183.39     359.881     2096.59     335.928     2432.52     2330.58     2429.87    0.876868    -7.02974     37.5586     2103.93      2405.7     2.61341     296.236       0.016     5.72125     4.57463     4.32783     4.36492
      17100           0         0.3           0     183.841     363.835     2099.91     350.717     2450.63     2328.02     2431.38    0.901834    -6.64495     36.9519     2107.52     2409.45     2.60581     299.608       0.016     5.72871     4.56346     4.30774     4.33998
      17000           0         0.3           0     184.395     366.328     2106.32     368.422     2474.74     2325.94     2432.88    0.923629    -6.19849      36.422     2110.68     2412.53     2.59894     301.804       0.016     5.73799     4.54879     4.28324     4.31057
      16900           0         0.3           0     185.076     363.157     2119.69     386.971     2506.66     2324.24     2434.34    0.942573    -5.83044     35.9588     2113.56      2415.1     2.59263     299.792       0.016     5.74731     4.52873     4.25519     4.27796
      16800           0         0.3           0     185.879      356.08     2132.94     406.282     2539.22     2322.88     2435.75     0.95898    -5.80695     35.5537     2116.22     2417.24     2.58687      294.26       0.016     5.75543     4.50524     4.22418     4.24311
      16700           0         0.3           0     186.789     347.713     2143.96     427.383     2571.34      2321.8     2437.11     0.97314    -6.22983      35.199      2118.7     2419.03     2.58162     287.424       0.016     5.76158     4.47861      4.5905     4.20736
      16600           0         0.3           0     187.792     338.163     2156.83      452.74     2609.57     2320.95     2438.38    0.985304    -7.09448     34.8882     2121.04     2420.52     2.57681     279.594       0.016     5.76538     4.44944     4.55473     4.57412
      16500           0         0.3           0     188.875     339.172     2164.82     472.218     2637.03      2320.3     2439.58    0.995708    -8.20911     34.6155     2123.26     2421.76      2.5724     279.344       0.016      5.7667     4.41878      4.5183     4.53859
      16400   0.0650992         0.3   0.0650992     190.027      347.24     2171.37     496.159     2667.52     2319.86     2440.71     1.00457    -8.99678      34.376     2125.37     2422.79     2.56833     285.676       0.016     5.76561     4.78854     4.48125     4.50183
      16300    0.112005         0.3     6.62193     191.291     352.198     2187.86     517.383     2705.25     2323.05     2442.84     1.01207    -10.7652     34.1655     2127.47     2423.67     2.56488     290.397       0.016     5.76229     4.75452     4.44466     4.46695
      16200   0.0759434         0.3     17.7864      192.72     355.489     2209.43     544.108     2753.54     2328.14     2445.46     1.01844    -13.0074     33.9801     2129.67     2424.46     2.56242     293.462       0.016       5.757     4.71893     4.40987     4.43687
      16100    0.010072         0.3     25.3148     194.257     347.025     2227.32     573.589     2800.91     2330.39     2447.19     1.02383    -13.9795     33.8167     2131.93     2425.21     2.56048      287.82       0.016     5.75011      4.6827     4.77649      4.4103
      16000           0         0.3     26.3119     195.789     330.671     2235.23     601.503     2836.73     2328.87     2447.71     1.02832     -13.909     33.6725      2134.1     2425.86     2.55818     274.863       0.016       5.742     4.64688     4.74482     4.78638
      15900           0         0.3     26.3119     197.278     322.337     2238.26     628.078     2866.33     2327.28      2448.1     1.03195    -14.4493     33.5449     2136.09     2426.38     2.55535     267.082       0.016     5.73295     4.61293     4.71391     4.75856
      15800   0.0226512         0.3     26.3346     198.743     318.845     2244.36     651.695     2896.06     2326.14     2448.52      1.0348    -15.3157      33.432     2137.95     2426.79     2.55231     263.959       0.016     5.72314      4.9815     4.68273     4.72835
      15700   0.0331155         0.3     28.6102     200.219     316.543      2251.2     674.986     2926.19     2326.54     2449.32     1.03697    -16.7732     33.3317     2139.74     2427.11     2.54933     262.033       0.016     5.71272     4.94817     4.65174       4.698
      15600   0.0375098         0.3     31.9261     201.728     315.267     2259.51     696.018     2955.53     2327.51     2450.22     1.03856    -18.3645     33.2426     2141.51     2427.39     2.54654     260.949       0.016     5.70175     4.91479      4.6214     4.66898
      15500   0.0352096         0.3     35.6748     203.267      313.23      2267.8     716.281     2984.08     2328.62     2451.11     1.03966      -19.89     33.1631     2143.28     2427.64     2.54387     259.427       0.016     5.69059     4.88177     4.99173     4.64156
      15400   0.0736519         0.3     39.2342     204.826     310.802     2280.96      735.46     3016.42     2329.53      2451.9     1.04034    -21.2597     33.0921     2145.05     2427.88      2.5412     257.512       0.016     5.67939     4.84964     4.96202     4.61554
      15300    0.128254         0.3      46.654     206.429     309.925     2302.21     756.348     3058.56     2332.45     2453.25     1.04064    -23.3975     33.0283     2146.84     2428.13     2.53866     256.745       0.016     5.66821     4.81911     4.93417     4.99597
      15200    0.169397         0.3     59.5205     208.133     310.025     2324.34     776.288     3100.63     2337.82      2455.3     1.04062    -26.4078     32.9709     2148.76     2428.42     2.53661     256.919       0.016     5.65721     5.19234     4.90978     4.98091
      15100    0.245804         0.3     76.5367     209.972     316.299     2355.29     795.089     3150.38      2344.5     2457.74     1.04037    -29.6669      32.919     2150.86     2428.79     2.53517     261.833       0.016     5.64667     5.16548      4.8893     4.97076
      15000    0.312549         0.3     101.184     211.989     326.779     2400.02     812.403     3212.42     2354.14     2461.09     1.03995    -33.5381     32.8718     2153.19     2429.26     2.53444     270.719       0.016     5.63687     5.13842     4.87341     4.96762
      14900    0.365789         0.3     132.492     214.225     334.664     2455.15     826.825     3281.97     2365.71     2465.06     1.03943    -37.5207     32.8288     2155.83     2429.87     2.53458     278.096       0.016     5.62809     5.11332     4.86295     4.97325
      14800    0.343323         0.3     169.048     216.689     341.067     2521.15     839.415     3360.57     2378.13     2469.34     1.03885    -41.3746     32.7892     2158.79     2430.65     2.53546     284.069       0.016     5.62069     5.09077     4.85865      4.9879
      14700           0         0.3     203.037     219.258     331.813     2579.96     849.152     3429.11     2387.11     2472.66     1.03826    -43.7232     32.7525     2161.93     2431.57     2.53704     278.152       0.016      5.6151     5.07146     4.86049     4.60775
      14600           0         0.3     203.037     212.878     263.112     2598.04     872.114     3470.15     2380.45     2469.38     1.00955    -39.4878     33.7363     2125.18     2394.92     2.70432     199.316       0.016     6.51036     4.83684     4.61094     4.63805
      14500           0         0.3     203.037     211.065     236.252     2599.74     900.396     3500.14     2376.01     2466.32    0.973959    -40.6076     34.6823     2118.27     2388.73     2.72811     173.939       0.016     6.73979     4.65266       4.759     4.70217
      14400           0         0.3     203.037     211.414     219.678     2605.66     930.336     3535.99     2373.55     2463.65     0.93709     -43.571     35.5885     2114.17     2383.44     2.73575     159.068       0.016     6.54873     4.79162      4.4311     4.77618
      14300           0         0.3     203.037     212.499     205.402     2614.54     956.987     3571.53     2372.52     2461.23    0.899301    -47.0212     36.4418     2110.93     2378.36     2.74195     147.238       0.016       6.501     4.45013      4.4518     4.43237
      14200           0         0.3     203.037     213.766     193.232     2630.16     981.774     3611.94     2372.44     2458.99    0.861768    -50.4675     37.2291      2108.1     2373.59     2.74784     137.297       0.016       6.501     4.46337      4.4502     4.46942
      14100           0         0.3     203.037     215.028     186.662     2646.38     1005.08     3651.46      2372.9     2456.87    0.825564    -53.6324     37.9427     2105.57     2369.19     2.75334     131.586       0.016       6.501     4.45366     4.44076      4.4961
      14000           0         0.3     203.037     216.234     183.611     2671.86     1025.83      3697.7     2373.65      2454.8     0.79146    -56.2796     38.5803     2103.28     2365.14     2.75844     128.927       0.016       6.501     4.43415     4.43076     4.51542
      13900           0         0.3     203.037     217.376     178.595     2702.58     1049.02     3751.61      2374.5     2452.77    0.759915    -58.4388     39.1438     2101.19     2361.43     2.76317     125.184       0.016       6.501     4.41477      4.4235      4.5305
      13800           0         0.3     203.037     218.466     172.722     2724.56     1069.07     3793.64     2375.33     2450.77    0.731133    -60.3393     39.6376     2099.27     2357.98     2.76762     120.608       0.016       6.501     4.40435     4.42148     4.54407
      13700           0         0.3     203.037     219.518     168.433     2762.45     1090.91     3853.36     2376.06     2448.77    0.705136     -62.072     40.0676     2097.49     2354.75     2.77185     117.097       0.016       6.501     4.79977     4.42337     4.55796
      13600           0         0.3     203.037     220.538     165.033     2793.09     1111.57     3904.66     2376.66     2446.77    0.681826    -63.6308     40.4403     2095.82      2351.7     2.77594     114.362       0.016       6.501     4.79836     4.42823     4.57288
      13500           0         0.3     203.037     221.528     168.222      2824.1     1125.87     3949.98      2377.1     2444.77    0.661035    -64.9369     40.7621     2094.25     2348.81     2.77992     116.332       0.016       6.501     4.79998       4.436     4.58912
      13400           0         0.3     203.037     222.488     175.416     2853.78     1142.43     3996.21     2377.39     2442.77    0.642561    -65.7207     41.0391     2092.76     2346.04     2.78378     121.824       0.016     6.51341     4.40376      4.4476     4.20599
      13300           0         0.3     203.037      223.42     172.427     2884.09     1155.87     4039.96     2377.54     2440.79    0.626198    -66.1198      41.277     2091.34      2343.4     2.78754     120.451       0.016     6.54148     4.40878     4.46113     4.21778
      13200           0         0.3     203.037     226.969     193.268     2897.17     1168.81     4065.98     2370.32     2438.99    0.663751    -66.5629     40.2965     2128.54     2383.73     2.67411     153.204       0.016     6.25259     4.41113     4.48621     4.23211
      13100           0         0.3     203.037     229.213      199.88     2904.24     1175.46     4079.71     2364.48     2438.07    0.702185    -65.9596     39.3976     2137.64     2392.25     2.64411     159.622       0.016     6.50673     4.40726     4.50104     4.23934
      13000           0         0.3     203.037     231.021      205.77     2919.35     1182.93     4102.28     2359.53     2437.49    0.736921    -64.9796     38.5929     2142.11     2395.73     2.62852     165.468       0.016     5.91154     4.79097     4.50062     4.23831
      12900   0.0419094         0.3     203.079      232.47     212.063      2919.4     1189.17     4108.56     2355.31     2437.09    0.767601    -63.8283     37.8817     2145.17     2397.92      2.6172     171.382       0.016     6.07356     4.76468     4.49026     4.22917
      12800   0.0694785         0.3     207.298     233.603     218.407     2927.66     1196.44     4124.11     2353.93     2437.48    0.794617    -63.4527     37.2566     2147.49     2399.55     2.60878       177.3       0.016     5.40559     4.73414     4.47478     4.21509
      12700   0.0148136         0.3     214.191     234.697     220.623     2930.56     1204.35     4134.91     2354.02     2438.28     0.81845    -63.4811      36.708     2149.55     2400.91      2.6015     179.954       0.016     5.50474     4.70266      4.4575     4.20243
      12600           0         0.3     215.657     235.908      219.94     2946.41     1213.59     4160.01     2351.04      2438.1    0.839301    -62.3574      36.226     2151.57     2402.12     2.59371     179.864       0.016     5.58279     4.66991     4.43894     4.58781
      12500           0         0.3     215.657      237.13     219.793     2959.75     1223.45      4183.2     2347.77     2437.79    0.857451    -61.2782     35.8017     2153.47     2403.19     2.58576      179.92       0.016      5.6435     4.63764     4.41991     4.56761
      12400           0         0.3     215.657     238.353     219.772     2975.21      1231.2     4206.41     2345.05     2437.59    0.873211    -60.5318     35.4274     2155.27     2404.15     2.57791     180.135       0.016     5.69028     4.60859     4.79976     4.54387
      12300           0         0.3     215.657     239.586     218.436      2979.7      1238.4      4218.1     2342.79     2437.47    0.886882    -60.0836     35.0963        2157     2405.02     2.57028     179.278       0.016     5.72616     4.98091     4.77663     4.51813
      12200   0.0611881         0.3     215.719     240.832     216.115     2989.67     1246.87     4236.54     2340.94     2437.43    0.898723    -59.9684     34.8029     2158.69     2405.83     2.56283     177.477       0.016     5.75401      4.9532     4.75149     4.49101
      12100    0.127486         0.3     221.904     242.148     215.247     3008.62     1257.16     4265.78     2342.69     2438.45    0.908971    -61.4384     34.5423     2160.41     2406.63     2.55585     176.686       0.016     5.77521     4.92593     4.72559     4.46525
      12000    0.192375         0.3     234.717     243.619      215.19     3036.29     1263.64     4299.93      2347.6     2440.43    0.917874    -64.1949     34.3104     2162.28     2407.46     2.54973     176.679       0.016     5.79082      4.8992     4.70079     4.44431
      11900    0.228105         0.3      253.99     245.299     215.921     3068.62     1272.89     4341.51     2355.02      2443.2    0.925647    -67.8862     34.1037     2164.39     2408.39     2.54454      177.32       0.016     5.00174     4.87325     4.67993     4.43039
      11800    0.315085         0.3     276.888     247.202     217.181     3106.69     1280.73     4387.43     2363.01      2446.2    0.932454    -71.6681     33.9194     2166.75     2409.43     2.54006     178.456       0.016     5.00862     4.84875     4.66426     4.42394
      11700    0.105873         0.3     308.187     249.366     225.726     3156.67     1287.95     4444.62      2374.1      2450.2    0.938415    -76.3535     33.7547     2169.39     2410.58     2.53632     185.324       0.016     5.01297     4.82685     4.65373     4.42611
      11600   0.0585951         0.3     318.727     238.084      199.96     3187.52     1307.23     4494.74     2376.53     2449.73    0.911996    -75.4754     34.6333      2128.7     2373.17     2.72671     145.188       0.016     6.04325     4.98791     4.79239     4.44835
      11500           0         0.3     324.528     234.391     182.115      3210.2      1338.6      4548.8      2376.3     2448.21    0.880415    -76.2712     35.4829     2121.52     2368.24     2.75319     129.535       0.016     6.53104     4.40483     4.54209     4.51454
      11400  0.00179822         0.3      324.53     234.015     158.494     3221.73     1372.54     4594.28     2373.91     2445.93    0.847792    -77.5466     36.2999     2117.54     2363.91     2.75988     109.962       0.016     6.36139     4.53946     4.21888     4.59211
      11300  0.00417247         0.3     324.712     234.794      147.28     3226.91     1403.23     4630.13     2372.97     2443.95    0.814045    -79.9727     37.0709     2114.47     2359.54     2.76454     99.5321       0.016     6.27175     4.20734     4.24008     4.24783
      11200           0         0.3     325.125     235.935     142.986     3227.26     1432.14      4659.4     2373.02     2442.16    0.780213    -82.4743     37.7829     2111.88      2355.4     2.76908     95.5458       0.016     6.22671      4.2187     4.23955      4.2872
      11100           0         0.3     325.125     237.134     135.272     3247.18     1459.91     4707.09     2373.36     2440.39    0.747373    -84.6362     38.4281     2109.59     2351.57     2.77341     89.6264       0.016      6.2081     4.20931      4.2309     4.31488
      11000           0         0.3     325.125     238.301     125.944     3275.83     1486.41     4762.24     2373.99     2438.67    0.716311    -86.7692     39.0042     2107.53     2348.05     2.77742     82.1655       0.016     6.20567     4.59658     4.22127     4.33405
      10900           0         0.3     325.125     239.422     120.576     3295.13     1514.58     4809.71     2374.73     2436.98    0.687507    -88.8762     39.5127     2105.66     2344.81     2.78117     77.4651       0.016      6.2133     4.58093      4.2159      4.3485
      10800           0         0.3     325.125     240.499      117.45     3302.76     1539.63      4842.4     2375.48     2435.31    0.661189    -90.7909     39.9577     2103.94     2341.79     2.78472     74.7596       0.016     6.22725     4.56541     4.21414     4.36122
      10700           0         0.3     325.125     241.532     113.429     3311.99     1564.33     4876.32     2376.16     2433.63    0.637404    -92.5203     40.3448     2102.34     2338.96     2.78811      71.538       0.016     6.24523     4.55266     4.21507     4.37367
      10600           0         0.3     325.125     242.525     109.014      3325.4      1588.7      4914.1     2376.73     2431.94    0.616081    -94.1758     40.6796     2100.85     2336.31     2.79135     67.9117       0.016      6.2657     4.54374     4.21829     4.38658
      10500           0         0.3     325.125      243.48     106.325     3339.03     1612.72     4951.75     2377.16     2430.25    0.597081    -95.7786     40.9683     2099.45     2333.81     2.79446     65.5074       0.016     6.28765     4.53887      4.2235     4.00026
      10400           0         0.3     325.125     244.399      104.65     3353.27     1634.52      4987.8     2377.46     2428.57    0.580227    -97.2711     41.2164     2098.14     2331.45     2.79745     63.9984       0.016     6.31039     4.53788     4.23005     4.01078
      10300           0         0.3     325.125     245.283     103.563      3360.9     1654.14     5015.04     2377.64     2426.92    0.565335    -98.6434     41.4292     2096.91     2329.21     2.80034     62.9819       0.016     6.33349     4.54033     4.23715     4.01823
      10200           0         0.3     325.125     246.133     102.398     3369.38     1673.71     5043.09     2377.71     2425.31    0.552209    -99.9015     41.6113     2095.75      2327.1     2.80311     61.9965       0.016     6.35661     4.54577     4.24582     4.02635
      10100           0         0.3     325.125     246.952     100.223     3393.97     1690.46     5084.42     2377.68     2423.74    0.540647    -101.111     41.7671     2094.66      2325.1     2.80578     60.1868       0.016     6.37956     4.55376     4.25643      4.0373
      10000   0.0747416         0.3       325.2     247.743     97.7252     3411.95     1706.71     5118.66     2377.61      2422.2     0.53046    -102.342     41.9003     2093.62     2323.19     2.80836     58.0998       0.016     6.40222     4.56395       4.269     4.05051
       9900   0.0714176         0.3     332.671     248.616     94.9221     3419.16      1722.4     5141.56     2381.31     2421.86    0.521482     -105.06      42.014     2092.84     2321.52     2.81153     55.7384       0.016     6.42467     4.57605     4.28377     4.06827
       9800   0.0638577         0.3     339.805     249.586     91.9032     3427.63     1736.55     5164.18     2383.88     2421.24     0.51362    -107.408     42.1111     2092.33     2320.09     2.81519     53.1866       0.016     6.44743     4.58998     4.30173     4.09103
       9700   0.0563601         0.3     346.183      250.58     88.7601     3429.13     1749.16     5178.29     2385.38     2420.36    0.506715    -109.421     42.1939     2091.87     2318.69     2.81873     50.5248       0.016     6.47079     4.20506     4.32275     4.11665
       9600   0.0490175         0.3     351.812     251.563     85.5369     3430.17     1760.23      5190.4     2386.08     2419.27    0.500595      -111.2     42.2647     2091.37     2317.27     2.82202     47.7887       0.016     6.49471     4.21712     4.34605     4.14382
       9500   0.0418729         0.3     356.707     252.517     82.2587     3435.72     1769.79     5205.51     2386.16     2418.02    0.495118    -112.819     42.3252     2090.83     2315.83     2.82505     44.9977       0.016     6.51895     4.22782     4.37075     4.17168
       9400   0.0525188         0.3     360.904     253.431     79.7563     3458.23     1781.56     5239.79     2385.79     2416.64    0.490175     -114.32     42.3768     2090.24     2314.38     2.82784     42.7618       0.016     6.54364     4.23849     4.39618     4.19965
       9300   0.0415281         0.3     366.145     254.329     77.6875      3480.1     1791.03     5271.13     2385.97     2415.45    0.485692    -116.032      42.421     2089.67     2312.95     2.83056     40.9086       0.016     6.56857     4.25183     4.01774     3.82051
       9200   0.0369841         0.3     370.294     255.205     75.8759     3501.06     1799.52     5300.58     2385.46      2414.1    0.481636    -117.472     42.4588     2089.12     2311.58     2.83316     39.2711       0.016     6.59345     4.26782     4.03389     3.83788
       9100   0.0249872         0.3      373.98      256.04     74.2528     3514.06     1805.48     5319.55     2384.77     2412.75    0.477943    -118.814     42.4911     2088.58     2310.26     2.83555     37.7933       0.016     5.81627     4.28551     4.05064     3.85543
       9000  0.00847429         0.3     376.462     256.828     72.7955     3525.01     1807.96     5332.96     2383.53     2411.27    0.474561    -119.923     42.5188     2088.01     2308.95      2.8377     36.4573       0.016     5.83729     4.30436       4.069     3.87306
       8900   0.0117106         0.3     377.313     257.552     71.5137     3546.66     1811.05     5357.72     2381.64     2409.62     0.47144    -120.759     42.5426     2087.38     2307.62     2.83956       35.27       0.016     5.85722     4.32397     4.08787     3.89023
       8800  0.00799051         0.3      378.48     258.227      70.354     3556.79     1813.35     5370.14     2380.25     2408.13    0.468537     -121.75     42.5629      2086.7     2306.28     2.84127     34.1885       0.016     5.87617     4.34402     4.10664     3.90712
       8700  0.00441719         0.3     379.276     258.873     69.2925     3559.38     1814.88     5374.26     2378.87     2406.66    0.465838    -122.712     42.5804     2086.03     2304.98     2.84295     33.1915       0.016     5.89423     4.36423     4.12521     3.92401
       8600  0.00229473         0.3     379.715     259.489       68.32     3562.04     1815.94     5377.98     2377.51     2405.21    0.463325    -123.643     42.5954     2085.36     2303.69     2.84458     32.2722       0.016     5.91154     4.38441     4.14354     3.94084
       8500 0.000289611         0.3     379.943     260.079     67.4238     3565.51     1816.56     5382.08     2376.22     2403.79    0.460983    -124.568     42.6083     2084.67     2302.42     2.84616     31.4204       0.016     5.92817     4.00401     4.16162     3.95759
       8400 0.000569915         0.3     379.972     260.645     67.0271     3565.57     1817.22     5382.79     2374.99     2402.39    0.458795    -125.472     42.6195     2083.99     2301.17     2.84771      30.948       0.016      5.9442     4.01771      4.1794     3.97427
       8300           0         0.3     380.028     261.187      66.955     3576.88      1820.1     5396.98     2373.92     2401.05     0.45675    -126.369      42.629     2083.31     2299.94     2.84924     30.7673       0.016      5.9596      4.0278     4.19674     3.99093
       8200           0         0.3     380.028     261.703     67.1059     3583.71     1822.93     5406.64     2372.92     2399.75    0.454839    -127.219     42.6372     2082.64     2298.76     2.85075     30.7808       0.016     5.97437     4.03724     3.81158     3.60631
       8100           0         0.3     380.028     262.196     67.4507      3593.6     1825.68     5419.28     2372.03     2398.51    0.453063    -128.021     42.6443        2082     2297.62     2.85222     30.9661       0.016     5.98851     4.04832     3.82267     3.61582
       8000           0         0.3     380.028     262.664     67.9548      3595.5     1828.62     5424.12     2371.23     2397.35    0.451426    -128.762     42.6505      2081.4     2296.55     2.85364     31.2947       0.016     6.00203     4.06035     3.83157     3.62268
       7900           0         0.3     380.028     263.111     68.6671     3606.55     1831.73     5438.28      2370.5     2396.27    0.449916    -129.435     42.6557     2080.84     2295.55       2.855     31.8016       0.016     6.01494     4.07279     3.83974     3.63017
       7800           0         0.3     380.028     263.538     69.5475     3615.29     1835.57     5450.86     2369.83     2395.24    0.448519    -130.032     42.6603     2080.31      2294.6      2.8563     32.4629       0.016     6.02728     4.08538     3.84878     3.63831
       7700           0         0.3     380.028      263.95     70.5827     3621.78     1839.12     5460.89     2369.22     2394.27    0.447223    -130.548     42.6642     2079.81     2293.69     2.85757     33.2639       0.016     6.03913     4.09801     3.85863     3.64717
       7600           0         0.3     380.028     264.351     71.7813     3630.38     1843.37     5473.74     2368.64     2393.33    0.446015    -130.979     42.6676     2079.33     2292.81      2.8588     34.2148       0.016     6.05058     4.11062     3.86899     3.65667
       7500           0         0.3     380.028     264.743     73.1146     3644.32     1848.28     5492.61     2368.09     2392.43    0.444882    -131.321     42.6706     2078.85     2291.96     2.86001     35.2922       0.016     6.06168     4.12319     3.87972     3.66673
       7400           0         0.3     380.028     265.126     73.5299      3661.5     1853.86     5515.36     2367.57     2391.56    0.443815    -131.594     42.6731     2078.39     2291.13     2.86119      35.713       0.016      6.0725     4.13568     3.89072     3.67723
       7300           0         0.3     380.028     265.503      73.421     3680.02     1858.09     5538.11     2367.07     2390.71    0.442804    -131.851     42.6753     2077.94      2290.3     2.86236     35.6661       0.016     6.08309     4.14809     3.90193     3.68809
       7200           0         0.3     380.028     265.875     73.0362     3702.19     1860.96     5563.15     2366.58     2389.87    0.441842    -132.111     42.6772     2077.49      2289.5     2.86351     35.3864       0.016     6.09349     4.16041      3.9133     3.69924
       7100           0         0.3     380.028     266.241     72.4621     3725.03     1864.91     5589.93      2366.1     2389.05    0.440923    -132.385     42.6788     2077.05      2288.7     2.86465     34.9449       0.016     6.10373     4.17264     3.92479     3.71063
       7000           0         0.3     380.028     266.604     71.7472     3740.17     1873.91     5614.08     2365.64     2388.23    0.440039    -132.677     42.6803     2076.61     2287.91     2.86578     34.3812       0.016     6.11388     4.18478     3.93637     3.72219
       6900           0         0.3     380.028     266.962     70.9341      3755.3     1882.77     5638.07     2365.18     2387.43    0.439188    -132.988     42.6815     2076.17     2287.13     2.86689     33.7297       0.016     6.12428     4.19685     3.94803      3.7339
       6800           0         0.3     380.028     267.319     70.0427      3768.6     1887.19     5655.79     2364.73     2386.64    0.438363    -133.321     42.6826     2075.74     2286.36       2.868     33.0083       0.016     6.13488     3.80742     3.95977     3.74572
       6700           0         0.3     380.028     267.672     69.0985     3781.43     1892.76      5674.2     2364.28     2385.85    0.437562    -133.675     42.6835     2075.31     2285.59     2.86909     32.2359       0.016     6.14555     3.81528     3.97153     3.75763
       6600           0         0.3     380.028      268.02     68.1307     3794.95     1901.38     5696.34     2363.84     2385.07    0.436782    -134.049     42.6843     2074.89     2284.83     2.87018     31.4385       0.016      6.1562       3.822     3.98323      3.7696
       6500           0         0.3     380.028     268.361     67.1302     3805.57     1908.64     5714.22     2363.41      2384.3    0.436022    -134.443      42.685     2074.47     2284.08     2.87124     30.6088       0.016     6.16677     3.82829     3.99484     3.78157
       6400           0         0.3     380.028     268.695     66.4066     3815.62     1916.14     5731.75     2362.98     2383.54     0.43528    -134.849     42.6856     2074.05     2283.34     2.87229     29.9782       0.016     6.17722     3.83447     3.60574      3.7935
       6300           0         0.3     380.028     269.023     65.8442     3826.45     1922.21     5748.66     2362.55     2382.78    0.434556    -135.253     42.6861     2073.64     2282.62     2.87331     29.4905       0.016     6.18752     3.84064     3.61501     3.40437
       6200           0         0.3     380.028     269.342     65.3788     3845.26     1927.75     5773.02     2362.14     2382.05    0.433857    -135.647     42.6866     2073.25     2281.92     2.87431     29.0826       0.016     6.19764     3.84686     3.62303     3.41148
       6100           0         0.3     380.028     269.652     65.0008     3864.91     1932.75     5797.66     2361.74     2381.35     0.43319    -136.028      42.687     2072.87     2281.25     2.87528     28.7481       0.016     5.40675     3.85373     3.62986     3.41647
       6000           0         0.3     380.028      269.95     64.6822     3873.64     1937.21     5810.85     2361.37     2380.69    0.432558    -136.393     42.6873     2072.51     2280.61     2.87621      28.464       0.016     5.41499     3.86126     3.63588     3.42062
       5900           0         0.3     380.028     270.237     64.4113     3884.27     1943.74     5828.02     2361.02     2380.07    0.431956    -136.743     42.6876     2072.18     2280.01      2.8771     28.2204       0.016     5.42273     3.86912     3.64162     3.42544
       5800           0         0.3     380.028     270.513      64.179     3901.13     1948.76     5849.88     2360.68     2379.48    0.431382    -137.076     42.6879     2071.86     2279.43     2.87795     28.0101       0.016     5.43008      3.8771     3.64741      3.4308
       5700           0         0.3     380.028      270.78     63.9794      3908.2     1953.64     5861.83     2360.35     2378.91    0.430832    -137.393     42.6881     2071.56     2278.88     2.87878     27.8283       0.016      5.4371      3.8851     3.65334     3.43653
       5600           0         0.3     380.028     271.038     63.8086     3913.53     1958.52     5872.05     2360.04     2378.36    0.430305    -137.695     42.6883     2071.26     2278.35     2.87958     27.6718       0.016     5.44385     3.89307      3.6594     3.44253
       5500           0         0.3     380.028     271.288     63.6631     3928.77     1963.41     5892.19     2359.73     2377.83    0.429797    -137.981     42.6885     2070.98     2277.83     2.88035     27.5379       0.016     5.45036     3.90095     3.66557     3.44872
       5400           0         0.3     380.028     271.532     62.8227     3943.33     1968.52     5911.85     2359.44     2377.31    0.429306    -138.267     42.6886      2070.7     2277.32     2.88111     26.8876       0.016     5.45667     3.90874     3.67184     3.45507
       5300           0         0.3     380.028     271.771     61.5595     3950.29     1973.84     5924.13     2359.15      2376.8    0.428832    -138.588     42.6887     2070.42     2276.83     2.88185     25.8545       0.016     5.46281     3.91642     3.67832     3.46154
       5200           0         0.3     380.028     272.005     60.0609     3969.53     1976.05     5945.57     2358.87      2376.3    0.428372    -138.961     42.6888     2070.15     2276.34     2.88257     24.6124       0.016     5.46879       3.924     3.68504     3.46816
       5100           0         0.3     380.028     272.235     58.4085      3975.7     1979.08     5954.78     2358.59     2375.81    0.427925    -139.391     42.6889     2069.89     2275.86     2.88329     23.2312       0.016     5.47465     3.93149     3.69189     3.47493
       5000           0         0.3     380.028     272.461     56.6188     3975.86     1982.94      5958.8     2358.32     2375.33    0.427489    -139.878      42.689     2069.62     2275.39     2.88399     21.7245       0.016      5.4804     3.93889     3.69881     3.48181
       4900           0         0.3     380.028     272.684     54.7427      3977.5     1985.62     5963.13     2358.05     2374.85    0.427062    -140.426     42.6891     2069.36     2274.92     2.88468     20.1324       0.016     5.48606     3.94621     3.70578     3.48879
       4800           0         0.3     380.028     272.905      52.784        3980     1987.78     5967.78     2357.78     2374.38    0.426644    -141.031     42.6891      2069.1     2274.46     2.88537     18.4619       0.016     5.49163     3.95345     3.71278     3.49583
       4700           0         0.3     380.028     273.122     50.7608     3988.36      1989.4     5977.76     2357.51     2373.91    0.426233    -141.693     42.6892     2068.84        2274     2.88604      16.725       0.016     5.49713     3.96061     3.71978     3.50292
       4600           0         0.3     380.028     273.338     48.7031     3988.89     1992.94     5981.83     2357.25     2373.44    0.425829    -142.411     42.6892     2068.59     2273.54     2.88671     14.9498       0.016     5.50257      3.9677     3.72678     3.51004
       4500           0         0.3     380.028     273.551     46.5922     3991.26     1997.39     5988.65     2356.99     2372.98    0.425431    -143.183     42.6893     2068.33     2273.09     2.88738      13.121       0.016     5.50795     3.97472     3.73377     3.51717
       4400           0         0.3     380.028     273.763     44.8001      3994.3     2000.05     5994.35     2356.73     2372.52    0.425038        -144     42.6893     2068.08     2272.64     2.88803     11.5178       0.016     5.51326     3.98168     3.74075     3.52431
       4300           0         0.3     380.028     273.972     43.1844     3994.99     2002.53     5997.51     2356.48     2372.07    0.424651    -144.842     42.6894     2067.83      2272.2     2.88868     10.0696       0.016     5.51853     3.98858      3.7477     3.53144
       4200           0         0.3     380.028      274.18     41.6617     4000.19     2004.51     6004.69     2356.22     2371.62    0.424269    -145.702     42.6894     2067.58     2271.76     2.88933     8.69554       0.016     5.52375     3.99541     3.75463     3.53855
       4100           0         0.3     380.028     274.385     40.2138     4009.45     2007.19     6016.64     2355.97     2371.17    0.423891    -146.574     42.6894     2067.33     2271.32     2.88997      7.3824       0.016     5.52893       3.602     3.76153     3.54565
       4000           0         0.3     380.028     274.589     38.8104     4019.16     2008.48     6027.64     2355.72     2370.72    0.423518    -147.457     42.6894     2067.09     2270.89      2.8906     6.10527       0.016     5.53405     3.60718     3.76838     3.55273
       3900           0         0.3     380.028     274.788     37.4372     4031.69     2008.59     6040.28     2355.47     2370.28     0.42315    -148.347     42.6894     2066.84     2270.46     2.89122     4.85202       0.016      5.5391     3.61153     3.77514     3.55976
       3800           0         0.3     380.028     274.984      36.084     4042.78     2010.12     6052.91     2355.22     2369.85    0.422786    -149.246     42.6895      2066.6     2270.04     2.89184     3.61437       0.016     5.54407      3.6155     3.78178     3.56674
       3700           0         0.3     380.028     275.174     34.1718     4058.09     2011.97     6070.06     2354.98     2369.41    0.422428    -150.155     42.6895     2066.37     2269.63     2.89244     1.99477       0.016     5.54894     3.61928     3.78832     3.57364
       3600           0         0.3     380.028      275.36     30.7372     4071.07     2014.13      6085.2     2354.74     2368.98    0.422075    -151.146     42.6895     2066.13     2269.23     2.89303   -0.908033       0.016      5.5537     3.62301     3.79474     3.58046
       3500           0         0.3     380.028     275.542     26.6372     4083.37     2014.68     6098.04      2354.5     2368.56    0.421729    -152.272     42.6895      2065.9     2268.83     2.89361    -4.39546       0.016     5.55837     3.62672       3.401     3.58718
       3400           0         0.3     380.028      275.72     22.2914      4091.8      2016.4      6108.2     2354.27     2368.15    0.421389    -153.548     42.6895     2065.68     2268.44     2.89417    -8.13745       0.016     5.56293     3.63046     3.40658     3.59375
       3300           0         0.3     380.028     275.894     17.7019      4092.6     2017.94     6110.54     2354.03     2367.74    0.421056    -154.972     42.6895     2065.46     2268.06     2.89472    -12.1006       0.016     5.56739     3.63421     3.41178     3.20008
       3200           0         0.3     380.028     276.064     13.4393     4093.15     2019.31     6112.45     2353.81     2367.34    0.420732    -156.538     42.6895     2065.24     2267.69     2.89526    -15.9006       0.016     5.57175     3.63798     3.41665     3.20488
       3100           0         0.3     380.028     276.229     10.4779     4094.12     2020.88     6115.01     2353.59     2366.96    0.420422    -158.176     42.6895     2065.04     2267.33     2.89579    -18.6276       0.016       5.576     3.64176     3.42095     3.20829
       3000           0         0.3     380.028     276.388     7.98324     4096.22     2022.67     6118.89     2353.38      2366.6    0.420127    -159.833     42.6895     2064.84     2266.99      2.8963    -20.9614       0.016     5.58013     3.64552     3.42472     3.21094
       2900           0         0.3     380.028     276.542     5.82085     4098.79     2023.71     6122.51     2353.19     2366.26    0.419848    -161.485     42.6895     2064.66     2266.66     2.89678    -23.0169       0.016     5.58412     3.64927     3.42811     3.21317
       2800           0         0.3     380.028      276.69     3.89397     4101.77      2025.1     6126.87        2353     2365.94    0.419585    -163.122     42.6895     2064.48     2266.35     2.89725    -24.8709       0.016     5.58799     3.65299     3.43121     3.21511
       2700  0.00901727         0.3     380.037     276.831     1.96778     4105.75     2027.17     6132.92     2352.83     2365.64    0.419337    -164.739     42.6895     2064.32     2266.06      2.8977     -26.694       0.016     5.59171     3.65667     3.43412     3.21686
       2600           0         0.3      380.93      276.98   -0.300657     4118.88     2030.25     6149.14     2353.14      2365.5    0.419106    -166.518     42.6895     2064.19      2265.8     2.89821    -28.8021       0.016      5.5953     3.66032     3.43691      3.2188
       2500  0.00298798         0.3     380.933     277.127    -2.66188     4119.62     2031.03     6150.65     2352.88      2365.2    0.418897    -168.104     42.6895     2064.07     2265.56     2.89869    -30.9906       0.016     5.59882     3.66395     3.43978     3.22113
       2400 0.000957347         0.3      381.23     277.265    -5.04948     4120.87     2031.36     6152.23     2352.81     2364.98    0.418696    -169.772     42.6895     2063.95     2265.32     2.89912    -33.2068       0.016     5.60224     3.66758     3.44274     3.22372
       2300           0         0.3     381.325     277.397    -7.46085     4121.59     2031.61      6153.2     2352.62     2364.72    0.418502    -171.414     42.6895     2063.82     2265.09     2.89952    -35.4441       0.016     5.60557      3.6712     3.44579     3.22652
       2200           0         0.3     381.325     277.522    -9.73514     4128.84     2032.43     6161.27     2352.41     2364.46    0.418313     -173.06     42.6895      2063.7     2264.85      2.8999    -37.5928       0.016      5.6088     3.67483     3.44889     3.22938
       2100           0         0.3     381.325     277.641    -11.6045     4128.93     2033.27      6162.2     2352.22     2364.21    0.418126     -174.71     42.6895     2063.57     2264.62     2.90026    -39.4026       0.016     5.61191     3.67844       3.452     3.23227
       2000           0         0.3     381.325     277.755    -13.3058     4129.13     2034.13     6163.26     2352.04     2363.97    0.417943    -176.347     42.6896     2063.44     2264.39     2.90061    -41.0667       0.016     5.61492     3.68204     3.45511     3.23521
       1900           0         0.3     381.325     277.867    -14.8784     4130.13     2034.46     6164.59     2351.88     2363.74    0.417764    -177.962     42.6896     2063.32     2264.17     2.90095    -42.6189       0.016     5.61784     3.68561     3.45822     3.23819
       1800           0         0.3     381.325     277.976    -16.3515     4130.15     2034.77     6164.92     2351.73     2363.51     0.41759    -179.553     42.6896      2063.2     2263.95     2.90129    -44.0825       0.016     5.62067     3.68916     3.46133     3.24122
       1700  0.00204712         0.3     381.327     278.083    -17.8391     4131.51     2035.31     6166.83     2351.59     2363.29    0.417421    -181.116     42.6896     2063.08     2263.73     2.90163    -45.5387       0.016     5.62343     3.69269     3.46444     3.24427
       1600  0.00926195         0.3     381.539     278.191    -19.5163     4132.91     2037.41     6170.32     2351.56      2363.1    0.417256      -182.7     42.6896     2062.96     2263.52     2.90198      -47.15       0.016     5.62614     3.69618     3.46756     3.24743
       1500 0.000528883         0.3     382.456     278.312    -21.2595     4134.73     2037.64     6172.37     2351.89     2363.02      0.4171    -184.394     42.6896     2062.88     2263.34     2.90241    -48.8164       0.016     5.62882     3.69965     3.47077     3.25098
       1400           0         0.3     382.509     278.433    -23.0364     4136.02     2039.13     6175.15     2351.66     2362.78    0.416956    -185.888     42.6896     2062.79     2263.16     2.90281    -50.5087       0.016     5.63153     3.70312     3.47413     3.25461
       1300           0         0.3     382.509     278.545    -24.8306     4141.07     2039.94        6181     2351.43     2362.55    0.416811    -187.378     42.6896     2062.69     2262.95     2.90314    -52.2143       0.016     5.63425      3.7066      3.4775     3.25803
       1200           0         0.3     382.509      278.65    -26.3564     4157.86     2040.07     6197.93     2351.24     2362.32    0.416662    -188.871     42.6896     2062.57     2262.74     2.90345    -53.7365       0.016     5.63693     3.71007     3.48081     3.26131
       1100  0.00166487         0.3      382.51     278.753    -27.1379     4171.57     2040.53      6212.1     2351.06     2362.09    0.416512     -190.33     42.6896     2062.45     2262.54     2.90376    -54.6302       0.016     5.63957     3.71351     3.48403     3.26451
       1000  0.00376188         0.3     382.679     278.856    -27.5964     4183.16     2041.44      6224.6     2350.99      2361.9    0.416361    -191.758     42.6896     2062.34     2262.34     2.90409    -55.2399       0.016     5.64215     3.71693     3.48721     3.26772
        900  0.00270985         0.3     383.054     278.963    -27.7093     4195.18     2042.13      6237.3     2351.02     2361.74    0.416215     -193.14     42.6896     2062.25     2262.15     2.90444    -55.5561       0.016     5.64471      3.7203     3.49038     3.27106
        800   0.0192421         0.3     383.341     279.073    -27.5601     4208.45     2046.37     6254.82     2350.97     2361.57    0.416074    -194.405     42.6896     2062.15     2261.96      2.9048    -55.6343       0.016     5.64726     3.72364     3.49359     3.27447
        700   0.0219476         0.3     385.268     279.206    -27.1237     4219.55     2051.23     6270.79     2351.78     2361.65    0.415941    -195.866     42.6896     2062.11     2261.81     2.90528    -55.4736       0.016     5.64983     3.72696     3.49692     3.27852
        600  0.00767459         0.3     387.449     279.372    -26.2451      4240.6     2053.04     6293.64     2352.51     2361.71    0.415828     -197.19     42.6896     2062.12     2261.71      2.9059    -54.9254       0.016     5.65254      3.7303     3.50066     3.28348
        500  0.00450728         0.3     388.213     279.536    -25.0725     4262.18     2054.14     6316.32     2352.32     2361.51    0.415729    -198.076     42.6896     2062.11     2261.59     2.90641    -54.1081       0.016     5.65545     3.73371     3.50477     3.28846
        400    0.013572         0.3     388.673     279.681    -23.5788     4296.21     2057.19      6353.4     2352.01     2361.27    0.415617    -198.793     42.6896     2062.06     2261.42     2.90678    -53.0056       0.016     5.65847      3.7372     3.50892     3.29289
        300           0         0.3     390.017     279.826    -21.8428     4319.59     2059.29     6378.88     2352.23     2361.19    0.415489    -199.557     42.6896        2062     2261.26     2.90718    -51.6767       0.016      5.6615     3.74075     3.51295     3.29726
        200           0         0.3     390.017      279.96    -19.6185     4349.81     2061.96     6411.77     2351.68     2360.88    0.415354    -199.922     42.6896     2061.94     2261.08     2.90751    -49.9554       0.016     5.66453     3.74433     3.51691     3.30132
        100  0.00592817         0.3     390.022     280.075    -16.4904     4365.23     2063.34     6428.56     2351.25      2360.6    0.415202    -200.158     42.6896     2061.83     2260.88     2.90776    -47.4501       0.016     5.66749     3.74791     3.52062     3.30478
          0  0.00538074         0.3     390.615     280.189    -12.8826     4367.68      2064.6     6432.29     2351.21     2360.43     0.41504    -200.332     42.6896     2061.73     2260.69     2.90805      -44.51       0.016     5.67032     3.75143     3.52408     3.30812