      20000           0         0.6           0     179.437      354.04     78.9895     14.2831     93.2726     2343.43     2426.93    0.785391      6.5598     39.9574     2049.96      2345.7     2.72671     271.433       0.016     5.73044     4.59858     4.35318     4.39114
      19900           0         0.6           0     179.437      353.13     151.419     29.7361     181.156     2343.43     2426.93    0.785563     6.43382     39.9574     2049.96      2345.7     2.72686     270.633       0.016     5.73044     4.59858     4.35318     4.39114
      19800           0         0.6           0     179.437     352.506     228.894     46.3592     275.253     2343.43     2426.93    0.785735     6.30822     39.9574     2049.96      2345.7     2.72701     270.044       0.016     5.73044     4.59858     4.35318     4.39114
      19700           0         0.6           0     179.437     352.255     299.319     60.5222     359.841     2343.43     2426.93    0.785907     6.19879     39.9574     2049.96      2345.7     2.72716     269.745       0.016     5.73044     4.59858     4.35318     4.39114
      19600           0         0.6           0     179.437      352.29     351.209     72.5053     423.714     2343.43     2426.93    0.786079     6.12087     39.9574     2049.96      2345.7     2.72731     269.689       0.016     5.73044     4.59858     4.35318     4.39114
      19500           0         0.6           0     179.437     350.597     414.692     82.0183      496.71     2343.43     2426.93    0.786251     6.05158     39.9574     2049.96      2345.7     2.72746     268.519       0.016     5.73044     4.59858     4.35318     4.39114
      19400           0         0.6           0     179.437     347.879     487.353     94.1014     581.454     2343.43     2426.93    0.786423     5.90477     39.9574     2049.96      2345.7     2.72761     266.477       0.016     5.73044     4.59858     4.35318     4.39114
      19300           0         0.6           0     179.437     345.374     558.279     106.214     664.494     2343.43     2426.93    0.786595     5.65656     39.9574     2049.96      2345.7     2.72775     264.481       0.016     5.73044     4.59858     4.35318     4.39114
      19200           0         0.6           0     179.437     342.873     620.606     118.358     738.963     2343.43     2426.93    0.786767     5.32496     39.9574     2049.96      2345.7      2.7279     262.498       0.016     5.73044     4.59858     4.35318     4.39114
      19100           0         0.6           0     179.437      342.02     681.386     130.011     811.397     2343.43     2426.93    0.786938     4.94128     39.9574     2049.96      2345.7     2.72805     261.588       0.016     5.73044     4.59858     4.35318     4.39114
      19000           0         0.6           0     179.437     342.156      741.53     142.474     884.004     2343.43     2426.93     0.78711     4.58749     39.9574     2049.96      2345.7      2.7282     261.511       0.016     5.73044     4.59858     4.35318     4.39114
      18900           0         0.6           0     179.437     340.553     800.577     155.747     956.323     2343.43     2426.93    0.787281     4.26219     39.9574     2049.96      2345.7     2.72835      260.36       0.016     5.73044     4.59858     4.35318     4.39114
      18800           0         0.6           0     179.437     337.986     870.831      166.28     1037.11     2343.43     2426.93    0.787452     3.87637     39.9574     2049.96      2345.7      2.7285     258.368       0.016     5.73044     4.59858     4.35318     4.39114
      18700           0         0.6           0     179.437      336.21     952.601     178.113     1130.71     2343.43     2426.93    0.787624     3.41716     39.9574     2049.96      2345.7     2.72864     256.824       0.016     5.73044     4.59858     4.35318     4.39114
      18600           0         0.6           0     179.437     334.818     1047.59     192.576     1240.17     2343.43     2426.93    0.787795     2.92873     39.9574     2049.96      2345.7     2.72879     255.619       0.016     5.73044     4.59858     4.35318     4.39114
      18500           0         0.6           0     179.437     333.482     1150.05     201.259     1351.31     2343.43     2426.93    0.787966     2.42444     39.9574     2049.96      2345.7     2.72894     254.469       0.016     5.73044     4.59858     4.35318     4.39114
      18400           0         0.6           0     179.437     332.205     1219.19     209.492     1428.69     2343.43     2426.93    0.788137      1.9065     39.9574     2049.96      2345.7     2.72909     253.357       0.016     5.73044     4.59858     4.35318     4.39114
      18300           0         0.6           0     179.437     329.228      1275.7     218.075     1493.77     2343.43     2426.93    0.788308     1.34924     39.9574     2049.96      2345.7     2.72924     251.114       0.016     5.73044     4.59858     4.35318     4.39114
      18200           0         0.6           0     179.437       325.2      1360.8     226.658     1587.45     2343.43     2426.93    0.788478    0.672723     39.9574     2049.96      2345.7     2.72938      247.97       0.016     5.73044     4.59858     4.35318     4.39114
      18100           0         0.6           0     179.437     321.768     1469.79     234.714      1704.5     2343.43     2426.93    0.788649   -0.137283     39.9574     2049.96      2345.7     2.72953      245.11       0.016     5.73044     4.59858     4.35318     4.39114
      18000           0         0.6           0     179.437     318.559     1574.09     243.331     1817.42     2343.43     2426.93     0.78882    -1.04056     39.9574     2049.96      2345.7     2.72968     242.443       0.016     5.73044     4.59858     4.35318     4.39114
      17900           0         0.6           0     179.437      317.64     1670.99     253.364     1924.35     2343.43     2426.93     0.78899    -1.98653     39.9574     2049.96      2345.7     2.72983     241.293       0.016     5.73044     4.59858     4.35318     4.39114
      17800           0         0.6           0     179.437     318.134        1766     264.257     2030.25     2343.43     2426.93    0.789161    -2.86227     39.9574     2049.96      2345.7     2.72997     241.331       0.016     5.73044     4.59858     4.35318     4.39114
      17700           0         0.6           0     179.437     316.312     1860.47      274.54     2135.01     2343.43     2426.93    0.789331    -3.66765     39.9574     2049.96      2345.7     2.73012     239.957       0.016     5.73044     4.59858     4.35318     4.39114
      17600           0         0.6           0     179.437     313.229     1943.92     288.828     2232.75     2343.43     2426.93    0.789502    -4.52282     39.9574     2049.96      2345.7     2.73027     237.487       0.016     5.73044     4.59858     4.35318     4.39114
      17500           0         0.6           0     179.437     313.298     2011.35     302.776     2314.12     2343.43     2426.93    0.789672    -5.41147     39.9574     2049.96      2345.7     2.73042     237.026       0.016     5.73044     4.59858     4.35318     4.39114
      17400           0         0.6           0     182.115     344.137     2042.72     312.444     2355.16     2337.81     2427.24    0.817182    -7.03503     39.0482     2090.19     2390.75     2.64272     282.715       0.016      5.7211     4.59193      4.3525     4.39344
      17300           0         0.6           0     182.934     353.815     2073.54     322.233     2395.78     2333.75     2428.42    0.848489    -7.23612     38.2531     2099.33     2400.72     2.62299     291.111       0.016     5.71793     4.58375     4.34297     4.38361
      17200           0         0.6           0      183.39     359.881     2096.59     335.928     2432.52     2330.58     2429.87    0.876868    -7.02974     37.5586     2103.93      2405.7     2.61341     296.236       0.016     5.72125     4.57463     4.32783     4.36492
      17100           0         0.6           0     183.841     363.835     2099.91     350.717     2450.63     2328.02     2431.38    0.901834    -6.64495     36.9519     2107.52     2409.45     2.60581     299.608       0.016     5.72871     4.56346     4.30774     4.33998
      17000           0         0.6           0     184.395     366.328     2106.32     368.422     2474.74     2325.94     2432.88    0.923629    -6.19849      36.422     2110.68     2412.53     2.59894     301.804       0.016     5.73799     4.54879     4.28324     4.31057
      16900           0         0.6           0     185.076     363.157     2119.69     386.971     2506.66     2324.24     2434.34    0.942573    -5.83044     35.9588     2113.56      2415.1     2.59263     299.792       0.016     5.74731     4.52873     4.25519     4.27796
      16800           0         0.6           0     185.879      356.08     2132.94     406.282     2539.22     2322.88     2435.75     0.95898    -5.80695     35.5537     2116.22     2417.24     2.58687      294.26       0.016     5.75543     4.50524     4.22418     4.24311
      16700           0         0.6           0     186.789     347.713     2143.96     427.383     2571.34      2321.8     2437.11     0.97314    -6.22983      35.199      2118.7     2419.03     2.58162     287.424       0.016     5.76158     4.47861      4.5905     4.20736
      16600           0         0.6           0     187.792     338.163     2156.83      452.74     2609.57     2320.95     2438.38    0.985304    -7.09448     34.8882     2121.04     2420.52     2.57681     279.594       0.016     5.76538     4.44944     4.55473     4.57412
      16500           0         0.6           0     188.875     339.172     2164.82     472.218     2637.03      2320.3     2439.58    0.995708    -8.20911     34.6155     2123.26     2421.76      2.5724     279.344       0.016      5.7667     4.41878      4.5183     4.53859
      16400   0.0650992         0.6   0.0650992     190.027      347.24     2171.37     496.159     2667.52     2319.86     2440.73     1.00457    -8.99678      34.376     2125.37     2422.79     2.56833     285.676       0.016     5.76561     4.78854     4.48125     4.50183
      16300    0.112084         0.6     6.62201     191.273     352.203     2187.87     517.402     2705.27     2323.06     2443.91     1.01207    -10.7643     34.1655     2127.46     2423.69     2.56468     290.397       0.016     5.76229     4.75452     4.44449      4.4659
      16200    0.076186         0.6     17.7945     192.645      355.51     2209.46     544.202     2753.66      2328.2     2448.17     1.01841    -13.0031     33.9801     2129.68     2424.57     2.56162     293.461       0.016     5.75697     4.71888      4.4088     4.43262
      16100   0.0104748         0.6     25.3474     194.103     347.072     2227.39     573.836     2801.23     2330.55     2450.69     1.02378      -13.97     33.8167     2131.99     2425.48     2.55893     287.822       0.016     5.74995     4.68246     4.77344     4.40276
      16000           0         0.6     26.3844     195.569     330.741     2235.37     601.971     2837.34     2329.15     2450.85     1.02825    -13.8957     33.6725     2134.22     2426.29     2.55616     274.871       0.016     5.74155     4.64623     4.73961     4.77508
      15900           0         0.6     26.3844     197.015     322.428     2238.49     628.809      2867.3     2327.63     2450.81     1.03189    -14.4247     33.5449     2136.27     2426.93     2.55318       267.1       0.016     5.73202     4.61173     4.70647     4.74469
      15800   0.0233873         0.6     26.4078     198.452     318.955     2244.71     652.716     2897.42     2326.55      2450.9     1.03475    -15.2839      33.432     2138.15     2427.39     2.55012     263.986       0.016     5.72159     4.97898     4.67361     4.71306
      15700   0.0339449         0.6     28.7571     199.904     316.669     2251.67     676.323        2928     2327.01     2451.81     1.03693    -16.7534     33.3317     2139.95     2427.75      2.5471      262.07       0.016     5.71042     4.94476     4.64136     4.68165
      15600   0.0384382         0.6     32.1561     201.382     315.409     2260.12     697.701     2957.82     2328.04     2452.98     1.03853    -18.3564     33.2426     2141.73     2428.07     2.54418     260.993       0.016      5.6987     4.91044     4.60992     4.65139
      15500   0.0362449         0.6     35.9977     202.884     313.389     2268.57     718.347     2986.92     2329.22     2454.18     1.03964    -19.8925     33.1631     2143.51     2428.38      2.5413     259.479       0.016      5.6868     4.87651     4.97846     4.62246
      15400   0.0747924         0.6     39.6607     204.402     310.978     2281.91      737.95     3019.86     2330.19      2455.2     1.04031    -21.2722     33.0921     2145.29     2428.69      2.5384      257.57       0.016     5.67483     4.84346      4.9477     4.99783
      15300     0.12954         0.6     47.1947     205.952     310.122     2303.35     759.314     3062.67     2333.16     2457.37     1.04059    -23.4195     33.0283     2147.11     2429.02     2.53552     256.811       0.016     5.66286     4.81255     4.91937      4.9759
      15200    0.170937         0.6     60.1901     207.571     310.252     2325.72     779.816     3105.53     2338.63        2461     1.04055    -26.4364     32.9709     2149.05     2429.44     2.53284     256.993       0.016     5.65106      5.1847     4.89326     4.95572
      15100    0.247706         0.6     77.3606     209.282     316.574     2356.94     799.308     3156.25     2345.46     2465.47     1.04026    -29.6991      32.919     2151.21     2430.02     2.53041     261.919       0.016     5.63965     5.15544     4.86987     4.93853
      15000    0.314969         0.6     102.198      211.11     327.126     2402.02       817.5     3219.52     2355.34      2471.8      1.0398    -33.5696     32.8718     2153.63     2430.81     2.52827     270.821       0.016     5.62876      5.1271      4.8494     4.92548
      14900    0.368915         0.6     133.749     213.084     335.109     2457.58     833.063     3290.65     2367.25     2479.42     1.03921    -37.5465     32.8288     2156.42     2431.88     2.52649     278.225       0.016     5.61858      5.1002     4.83232     4.91748
      14800    0.347253         0.6     170.619     215.207     341.642     2524.17     847.135      3371.3     2380.13     2487.72     1.03855    -41.3905     32.7892     2159.59     2433.27       2.525     284.236       0.016     5.60932     5.07514       4.819     4.91459
      14700           0         0.6     204.997     217.378     332.512     2583.67     858.752     3442.43      2389.7     2494.11     1.03789    -43.7269     32.7525     2163.02     2434.94     2.52409     278.367       0.016     5.60125     5.05241     4.80947      4.9152
      14600           0         0.6     204.997     210.634      263.95     2602.59     883.958     3486.55     2383.29     2487.26      1.0076    -39.4248     33.7363     2130.07     2403.33      2.6867     199.415       0.016     6.48407     4.81468      4.9482     4.94018
      14500           0         0.6     204.997     208.681     237.161      2605.2     914.625     3519.82     2378.93     2481.44    0.972631    -40.5179     34.6823     2122.62     2396.67     2.71053     174.062       0.016     6.70247     4.62654      4.6907     4.60668
      14400           0         0.6     204.997     208.958     220.625     2610.17     947.021     3557.19      2376.4     2476.57    0.936466    -43.4748     35.5885     2117.84     2390.65     2.71895     159.219       0.016     6.50394     4.75716     4.75876     4.67226
      14300           0         0.6     204.997     209.998     206.359      2618.1     976.173     3594.27     2375.21     2472.37    0.899342    -46.9293     36.4418     2113.98     2384.85     2.72601     147.413       0.016       6.501     4.41706     4.78085     4.73228
      14200           0         0.6     204.997     211.242     194.186     2632.76     1003.48     3636.25     2374.87     2468.62    0.862364    -50.3881     37.2291      2110.6     2379.39      2.7327     137.491       0.016       6.501     4.42168     4.78201     4.78088
      14100           0         0.6     204.997     212.493      187.62     2648.02     1029.32     3677.34     2375.05     2465.19    0.826608    -53.5699     37.9427     2107.56     2374.37     2.73892     131.793       0.016       6.501     4.40844     4.77619     4.41513
      14000           0         0.6     204.997     213.704     184.569     2672.55      1052.6     3725.16      2375.5     2462.04    0.792872    -56.2342     38.5803     2104.82     2369.76     2.74465     129.142       0.016       6.501     4.79471      4.7682     4.43347
      13900           0         0.6     204.997     214.868     179.535     2702.33     1078.31     3780.64     2376.06      2459.1    0.761617    -58.4092     39.1438     2102.35     2365.53     2.74996     125.407       0.016       6.501     4.77845      4.7621      4.4494
      13800           0         0.6     204.997     215.986     173.641     2723.39     1100.84     3824.23     2376.61     2456.33    0.733053     -60.324     39.6376      2100.1     2361.64     2.75493     120.836       0.016       6.501     4.76298     4.76005     4.46463
      13700           0         0.6     204.997     217.062     169.336     2760.37     1125.12      3885.5     2377.09     2453.68    0.707211    -62.0693     40.0676     2098.05     2358.03     2.75964     117.328       0.016       6.501     4.75097     4.76248     4.48035
      13600           0         0.6     204.997     218.099     165.922     2790.12     1148.23     3938.35     2377.46     2451.12    0.684007    -63.6389     40.4403     2096.15     2354.66     2.76412     114.595       0.016       6.501     4.74353     4.76925     4.49734
      13500           0         0.6     204.997     219.103     169.121     2820.24     1164.96      3985.2     2377.69     2448.65    0.663282     -64.954     40.7621     2094.37     2351.48     2.76842     116.569       0.016       6.501     4.74094     4.78001     4.51606
      13400           0         0.6     204.997     220.078     176.335        2849     1183.92     4032.92     2377.78     2446.23     0.64484    -65.7453     41.0391      2092.7     2348.47     2.77256     122.068       0.016       6.501     4.74304     4.79437     4.53671
      13300           0         0.6     204.997     221.029     173.327     2878.41     1199.75     4078.16     2377.73     2443.85    0.628465    -66.1508      41.277     2091.12      2345.6     2.77659       120.7       0.016       6.501     4.74945     4.41005     4.55922
      13200           0         0.6     204.997      224.57     194.205     2890.55      1215.1     4105.65     2370.36     2441.73    0.665639    -66.5873     40.2965     2127.93     2385.46     2.66424     153.652       0.016     6.79204     4.75226     4.43215     4.58015
      13100           0         0.6     204.997     226.811     200.841     2896.66     1224.15     4120.81     2364.37     2440.52    0.703685    -65.9745     39.3976     2136.95     2393.87     2.63468     160.096       0.016     6.44405     4.74902     4.44576     4.59119
      13000           0         0.6     204.997     228.622     206.749     2910.79     1234.01      4144.8     2359.29     2439.68    0.738064    -64.9855     38.5929     2141.39     2397.29     2.61935     165.963       0.016      5.8519     4.73176     4.44601     4.59264
      12900   0.0484861         0.6     205.046     230.077     213.062     2911.84     1242.64     4154.48     2354.95     2439.04    0.768423    -63.8273     37.8817     2144.41      2399.4     2.60822     171.898       0.016     6.01321     4.70511      4.4369     4.58525
      12800   0.0759876         0.6     209.922     231.211      219.42     2921.12     1252.32     4173.43      2353.8     2440.11    0.795152    -63.5835     37.2566     2146.69     2400.97     2.59987     177.829       0.016     6.14453     4.67474     4.42395      4.5719
      12700   0.0214245         0.6     217.466     232.289     221.635     2925.03     1262.63     4187.65      2354.1     2441.89    0.818733    -63.7122      36.708     2148.73     2402.32     2.59244     180.486       0.016     5.44824       4.644     4.40976     4.55591
      12600           0         0.6     219.587     233.483     220.945     2939.88      1274.3     4214.17     2351.32     2441.67     0.83938    -62.6662      36.226     2150.76     2403.54     2.58453     180.394       0.016     5.52705      4.6147     4.79279     4.53721
      12500           0         0.6     219.587     234.703     220.796     2952.21     1286.58     4238.79     2347.87     2440.91     0.85737    -61.5091     35.8017     2152.67      2404.6     2.57668     180.451       0.016     5.58867     4.98644     4.77169     4.51497
      12400           0         0.6     219.587     235.933     220.777     2966.66     1296.75     4263.41     2345.01     2440.35    0.872994    -60.7015     35.4274     2154.46     2405.53     2.56901     180.673       0.016     5.63642     4.95738       4.748     4.48982
      12300           0         0.6     219.587     237.174     219.439     2970.15     1306.36     4276.51     2342.63     2439.94    0.886543    -60.2051     35.0963     2156.19     2406.37     2.56156     179.824       0.016     5.67297     4.92853     4.72268     4.46283
      12200   0.0677603         0.6     219.655     238.426     217.119     2981.13     1317.24     4298.36     2340.68     2439.68    0.898276    -60.0531     34.8029     2157.86     2407.14     2.55431     178.031       0.016     5.70044     4.90022     4.69635     4.43478
      12100    0.133947         0.6     226.497      239.73     216.252     3001.08     1329.95     4331.03     2342.69     2441.71    0.908425    -61.6323     34.5423     2159.57     2407.92     2.54735     177.243       0.016     5.72073     4.87255     4.67015      4.4084
      12000    0.198822         0.6     239.956     241.145       216.2     3029.75      1338.9     4368.66     2347.83     2445.58    0.917219    -64.4696     34.3104     2161.46     2408.82     2.54086     177.236       0.016     5.73555     4.84563     4.64738     4.78926
      11900    0.234717         0.6     259.875     242.707      216.95     3063.11     1350.75     4413.86      2355.5     2450.96    0.924868    -68.2181     34.1037     2163.63     2409.91     2.53483     177.878       0.016     5.74596     4.82098     4.62812     4.77353
      11800    0.321979         0.6     283.433     244.428     218.244     3102.25     1361.36     4463.61     2363.81     2456.74    0.931545    -72.0396     33.9194     2166.11     2411.23     2.52916     179.021       0.016     5.75293      5.1993     4.61175     4.76161
      11700    0.110829         0.6      315.42     246.334     226.872     3153.37     1371.61     4524.98     2375.28     2464.48    0.937369    -76.7484     33.7547     2168.92     2412.79     2.52383     185.912       0.016     5.75733     5.17835     4.99812      4.7543
      11600   0.0636894         0.6     326.456     234.834     201.175     3185.44     1394.14     4579.57     2377.96     2463.31    0.910018    -75.8503     34.6333     2130.87     2378.85     2.71016     145.529       0.016      5.9867     4.93818     4.72981     4.77208
      11500  0.00203434         0.6     332.763     231.033      183.31     3209.31     1428.87     4638.18      2377.9     2460.57    0.878768    -76.6469     35.4829     2123.64     2374.03     2.73572     129.844       0.016     6.46936     4.75232     4.47301     4.43135
      11400   0.0068983         0.6     332.972     230.601     159.632     3221.99     1466.22     4688.21     2375.45     2456.38    0.846643    -77.8727     36.2999     2119.33     2369.36     2.74266     110.258       0.016     6.29789     4.48532     4.54244     4.49712
      11300  0.00918032         0.6     333.664     231.357     148.395     3228.28     1500.34     4728.62     2374.53        2453     0.81342    -80.3323     37.0709     2115.82     2364.47     2.74799     99.8147       0.016     6.20634     4.54708     4.56612     4.55724
      11200           0         0.6     334.573     232.497     144.078     3229.72     1532.69     4762.41     2374.51     2450.06     0.78003    -82.8645     37.7829     2112.82     2359.82     2.75322     95.8147       0.016      6.7565     4.56431     4.56849     4.20486
      11100           0         0.6     334.573     233.717     136.319     3248.59     1563.88     4812.47     2374.44      2447.1    0.747561    -84.9551     38.4281     2110.13     2355.47      2.7582     89.8889       0.016      6.7348     4.55678     4.56218     4.23086
      11000           0         0.6     334.573     234.912      126.95     3276.24     1593.76     4870.01     2374.71      2444.4    0.716808    -87.0373     39.0042     2107.69     2351.44     2.76282     82.4261       0.016     6.73117     4.53826     4.55322     4.24921
      10900           0         0.6     334.573     236.054     121.562     3294.55     1625.31     4919.86     2375.14      2441.9    0.688239    -89.1075     39.5127     2105.48     2347.75      2.7671     77.7263       0.016     6.73906     4.51699     4.54602     4.26396
      10800           0         0.6     334.573     237.144     118.425     3301.21     1653.72     4954.93      2375.6     2439.54    0.662092    -90.9949     39.9577     2103.48     2344.36     2.77108     75.0233       0.016     6.75429     4.49744     4.54218     4.27701
      10700           0         0.6     334.573     238.185     114.389     3309.47     1681.76     4991.23     2376.02     2437.29    0.638429    -92.7031     40.3448     2101.65     2341.24     2.77481     71.8053       0.016     6.77417     4.48176     4.54212     4.28978
      10600           0         0.6     334.573     239.186     109.961     3321.93     1709.47     5031.41     2376.35     2435.14     0.61719    -94.3417     40.6796     2099.97     2338.33     2.77834     68.1829       0.016     6.79698     4.47076     4.54576     4.30323
      10500           0         0.6     334.573      240.15     107.267     3334.62     1736.82     5071.44     2376.58     2433.05    0.598241    -95.9306     40.9683     2098.42     2335.61      2.7817     65.7839       0.016     6.21987     4.46454     4.55285     4.31789
      10400           0         0.6     334.573     241.083      105.59     3347.93     1761.94     5109.86      2376.7     2431.01    0.581407    -97.4115     41.2164     2096.96     2333.05     2.78492     64.2811       0.016     6.24317     4.46277     4.56301     4.33404
      10300           0         0.6     334.573     241.988     104.502     3354.62     1784.85     5139.47      2376.7     2429.02    0.566492    -98.7747     41.4292     2095.59     2330.61     2.78803     63.2718       0.016     6.26684       4.465     4.57588     4.35177
      10200           0         0.6     334.573     242.868     103.334     3362.16     1807.68     5169.84     2376.59     2427.07    0.553298    -100.026     41.6113     2094.29     2328.29     2.79104     62.2937       0.016     6.29066     4.47074     4.59112     4.37104
      10100           0         0.6     334.573     243.726     101.151     3385.82     1827.66     5213.48     2376.37     2425.15    0.541634    -101.229     41.7671     2093.04     2326.05     2.79397     60.4905       0.016      6.3145     4.47951      4.2074     4.39172
      10000           0         0.6     334.573     244.562      98.642     3402.88     1847.09     5249.98     2376.06     2423.25    0.531318    -102.439     41.9003     2091.85     2323.91     2.79683      58.409       0.016     6.33824      4.4908     4.22141     4.01036
       9900           0         0.6     334.573     245.373     95.9626     3409.06     1866.02     5275.08     2375.68     2421.43    0.522207    -103.674      42.014     2090.71     2321.86     2.79961     56.1704       0.016     6.36175     4.50406     4.23355     4.02196
       9800   0.0812852         0.6     334.654     246.157     93.1506     3416.27     1883.61     5299.88     2375.31      2419.7    0.514161    -104.964     42.1111     2089.64     2319.91     2.80229     53.8108       0.016     6.38489     4.51879     4.24571     4.03414
       9700   0.0742313         0.6     342.775     246.989     90.0914     3416.44     1899.81     5316.25     2379.12     2420.59     0.50701     -107.88     42.1939     2088.99     2318.42     2.80518     51.2207       0.016     6.40768      4.5347     4.26042     4.04995
       9600   0.0671348         0.6     350.191      247.88     86.8699     3416.73     1914.56     5331.29      2381.6     2420.81     0.50071    -110.333     42.2647     2088.76     2317.37     2.80827     48.4756       0.016     6.43043     4.55175     4.27783     4.06947
       9500   0.0600925         0.6     356.898     248.781     83.5629     3420.98     1927.85     5348.83     2383.09     2420.52    0.495181    -112.459     42.3252     2088.54     2316.34     2.81126     45.6507       0.016     6.45332        4.57     4.29759     4.09129
       9400   0.0707375         0.6     362.918     249.672     81.0184     3442.23     1943.38     5385.61     2383.84     2419.86    0.490278    -114.347     42.3768     2088.25     2315.22      2.8141     43.3698       0.016     6.47634     4.58941     4.31915     4.11458
       9300   0.0597203         0.6      369.98     250.562     78.9001     3462.88     1956.62      5419.5     2384.91     2419.42    0.485873    -116.358      42.421     2087.93      2314.1     2.81688     41.4673       0.016     6.49946      4.2083     4.34204     4.13913
       9200   0.0550703         0.6     375.948     251.442      77.036     3482.68     1968.87     5451.56     2385.11     2418.49    0.481888    -118.031     42.4588      2087.6     2312.95     2.81957     39.7802       0.016     6.52265     4.22133     4.36591      4.1646
       9100   0.0429136         0.6     381.443     252.297     75.3597     3494.58     1978.58     5473.16     2384.95     2417.37    0.478254    -119.556     42.4911     2087.17     2311.74     2.82214     38.2548       0.016     6.54615     4.23235     4.39023     4.19046
       9000   0.0261596         0.6     385.717     253.117     73.8496     3504.47     1984.76     5489.23     2384.11     2415.85    0.474913    -120.811     42.5188     2086.66     2310.44     2.82456     36.8738       0.016      6.5697     4.24597     4.01251     3.81299
       8900   0.0290976         0.6     388.336     253.892     72.5154     3525.13     1991.52     5516.64     2382.52     2413.91    0.471832    -121.762     42.5426     2086.01     2309.04     2.82679     35.6449       0.016     6.59304     4.26207     4.02836     3.82733
       8800   0.0250963         0.6     391.242     254.624     71.3056      3534.3     1997.42     5531.72     2381.36     2412.25    0.468967    -122.841     42.5629     2085.33     2307.63     2.82888     34.5246       0.016     5.81435     4.27961     4.04257     3.84146
       8700   0.0212359         0.6     393.748     255.325     70.1963     3535.99     2002.49     5538.48     2380.16      2410.6    0.466292    -123.872     42.5804     2084.66     2306.27     2.83089     33.4911       0.016     5.83374     4.29798     4.05837     3.85614
       8600   0.0188173         0.6     395.869     255.998     69.1781      3539.5     2007.05     5546.55     2378.93     2408.96    0.463793    -124.857     42.5954        2084     2304.94     2.83281     32.5375       0.016     5.85209     4.31684     4.07505     3.87149
       8500   0.0165016         0.6     397.748     256.647     68.2379     3542.16      2011.1     5553.26     2377.74     2407.36    0.461452    -125.824     42.6083     2083.33     2303.63     2.83466      31.653       0.016     5.86963     4.33595     4.09219     3.88743
       8400   0.0164257         0.6     399.398     257.276     67.8001     3542.99     2015.12     5558.12     2376.58     2405.79    0.459252    -126.761     42.6195     2082.66     2302.33     2.83647     31.1499       0.016     5.88652     4.35517     4.10961     3.90386
       8300           0         0.6     401.024     257.888     67.6868     3553.57     2015.54      5569.1     2375.55     2404.32    0.457178    -127.678      42.629        2082     2301.07     2.83825     30.9395       0.016     5.90288     4.37439     4.12723     3.92072
       8200           0         0.6     401.024     258.474      67.822     3559.69     2015.94     5575.62     2373.78      2402.4    0.455223    -128.247     42.6372     2081.29     2299.76     2.83994     30.9481       0.016      5.9188     4.39354     4.14494     3.93766
       8100           0         0.6     401.024     259.031     68.1656     3568.86     2016.36     5585.22     2372.27     2400.65    0.453362    -128.838     42.6443     2080.51      2298.4     2.84157     31.1437       0.016     5.93429     4.01025     4.16256     3.95451
       8000           0         0.6     401.024     259.568     68.6727     3570.04     2016.51     5586.55     2370.96     2399.02     0.45158     -129.42     42.6505     2079.74     2297.07     2.84317     31.4873       0.016     5.94934     4.02153     4.17996     3.97141
       7900           0         0.6     401.024     260.084     69.3902     3580.37      2016.6     5596.97      2369.8     2397.49    0.449881    -129.972     42.6557     2078.99     2295.79     2.84475     32.0108       0.016     5.96389     4.03059     4.19699     3.98835
       7800           0         0.6     401.024      260.58     70.2769     3588.39     2017.48     5605.86     2368.75     2396.04    0.448264    -130.476     42.6603     2078.27     2294.56      2.8463     32.6893       0.016     5.97794        4.04     3.81168     3.60455
       7700           0         0.6     401.024     261.056     71.3194     3594.13     2018.13     5612.26      2367.8     2394.68    0.446738    -130.919     42.6642     2077.59     2293.38     2.84781     33.5075       0.016      5.9915     4.05102     3.82297      3.6149
       7600           0         0.6     401.024     261.512      72.527     3601.98     2019.54     5621.53     2366.95     2393.41    0.445313    -131.292     42.6676     2076.95     2292.28     2.84926     34.4755       0.016     6.00454     4.06292     3.83207     3.62205
       7500           0         0.6     401.024     261.949     73.8711     3615.17     2021.67     5636.84     2366.18     2392.24    0.443985    -131.586     42.6706     2076.36     2291.24     2.85064     35.5699       0.016     6.01709     4.07522     3.84034     3.62972
       7400           0         0.6     401.024     262.368     74.2948     3631.59     2024.49     5656.07     2365.48     2391.14    0.442743    -131.818     42.6731     2075.81     2290.27     2.85198     36.0063       0.016     6.02915     4.08766     3.84939     3.63806
       7300           0         0.6     401.024     262.773      74.194     3649.33     2025.98     5675.32     2364.82     2390.11    0.441579     -132.04     42.6753     2075.29     2289.34     2.85326     35.9739       0.016     6.04077     4.10013     3.85929     3.64711
       7200           0         0.6     401.024     263.168     73.8169     3670.72     2026.15     5696.87     2364.22     2389.13    0.440484    -132.271     42.6772     2074.79     2288.45     2.85451     35.7078       0.016     6.05204     4.11261     3.86971      3.6568
       7100           0         0.6     401.024     263.554     73.2501     3692.77     2027.41     5720.18     2363.64     2388.19    0.439447    -132.518     42.6788      2074.3     2287.58     2.85573     35.2791       0.016       6.063     4.12506      3.8805     3.66702
       7000           0         0.6     401.024     263.933     72.5422     3707.12     2033.74     5740.86      2363.1     2387.29    0.438463    -132.786     42.6803     2073.83     2286.74     2.85693     34.7276       0.016      6.0737     4.13745     3.89157     3.67768
       6900           0         0.6     401.024     264.306     71.7361     3721.45     2039.94     5761.39     2362.57     2386.41    0.437522    -133.077     42.6815     2073.36     2285.91     2.85811      34.088       0.016      6.0842     4.14978     3.90284     3.68868
       6800           0         0.6     401.024     264.673      70.852     3733.94     2041.72     5775.66     2362.07     2385.55     0.43662     -133.39     42.6826     2072.91      2285.1     2.85927     33.3781       0.016     6.09453     4.16204     3.91428     3.69996
       6700           0         0.6     401.024     265.036     69.9149     3745.96     2044.65     5790.61     2361.58     2384.71    0.435752    -133.726     42.6835     2072.46     2284.29     2.86042     32.6169       0.016     6.10471     4.17422     3.92582     3.71145
       6600           0         0.6     401.024     265.395     68.9536     3758.65     2050.65      5809.3      2361.1     2383.88    0.434912    -134.083     42.6843     2072.02      2283.5     2.86155     31.8303       0.016     6.11483     4.18633     3.93746     3.72311
       6500           0         0.6     401.024     265.751     67.9586     3768.44      2055.3     5823.74     2360.63     2383.06    0.434098    -134.461      42.685     2071.58     2282.72     2.86268      31.011       0.016     6.12522     4.19838     3.94917      3.7349
       6400           0         0.6     401.024     266.105     67.2407     3777.65      2060.2     5837.86     2360.17     2382.26    0.433306    -134.853     42.6856     2071.14     2281.94     2.86379     30.3907       0.016     6.13579      3.8085     3.96096      3.7468
       6300           0         0.6     401.024     266.456     66.6835     3787.65     2063.71     5851.36     2359.72     2381.47    0.432532    -135.242     42.6861     2070.71     2281.17      2.8649     29.9134       0.016     6.14644     3.81612     3.97276     3.75878
       6200           0         0.6     401.024       266.8     66.2232     3805.62     2066.71     5872.33     2359.27     2380.68    0.431776    -135.623     42.6866     2070.28     2280.41     2.86599     29.5157       0.016     6.15707     3.82273     3.98448      3.7708
       6100           0         0.6     401.024     267.138     65.8498     3824.41      2069.2     5893.61     2358.83      2379.9    0.431036    -135.992      42.687     2069.86     2279.66     2.86706     29.1914       0.016      6.1676     3.82897      3.9961     3.78282
       6000           0         0.6     401.024      267.47     65.5351     3832.29     2071.17     5903.46     2358.39     2379.13    0.430312    -136.346     42.6873     2069.45     2278.92     2.86811     28.9173       0.016     6.17802     3.83511     3.60683     3.79477
       5900           0         0.6     401.024     267.795     65.2671     3842.07     2075.26     5917.33     2357.96     2378.37    0.429604    -136.686     42.6876     2069.04      2278.2     2.86914     28.6836       0.016     6.18829     3.84127     3.61597     3.40532
       5800           0         0.6     401.024     268.111     65.0375     3858.06     2077.87     5935.94     2357.55     2377.64    0.428919    -137.009     42.6879     2068.64     2277.51     2.87015     28.4833       0.016     6.19836     3.84752     3.62383     3.41212
       5700           0         0.6     401.024     268.417     64.8406     3864.27     2080.39     5944.66     2357.15     2376.95    0.428266    -137.316     42.6881     2068.27     2276.84     2.87112     28.3114       0.016     5.40734     3.85455     3.63054     3.41695
       5600           0         0.6     401.024     268.713     64.6732     3868.74     2082.95     5951.69     2356.78     2376.29    0.427646    -137.607     42.6883     2067.91      2276.2     2.87205      28.165       0.016     5.41553     3.86217      3.6365     3.42113
       5500           0         0.6     401.024     268.997      64.532     3883.12     2085.55     5968.67     2356.43     2375.67    0.427056    -137.882     42.6885     2067.58      2275.6     2.87294     28.0413       0.016     5.42322     3.87008     3.64223     3.42602
       5400           0         0.6     401.024     269.271     63.6943      3896.8      2088.4      5985.2     2356.09     2375.08    0.426491    -138.155     42.6886     2067.26     2275.03      2.8738     27.4005       0.016     5.43052     3.87809     3.64803     3.43143
       5300           0         0.6     401.024     269.535     62.4339     3902.89     2091.48     5994.37     2355.76     2374.51    0.425949    -138.465     42.6887     2066.96     2274.48     2.87463     26.3766       0.016     5.43751     3.88611     3.65396      3.4372
       5200           0         0.6     401.024      269.79     60.9381     3921.25     2091.49     6012.74     2355.45     2373.96    0.425429    -138.826     42.6888     2066.67     2273.95     2.87544     25.1433       0.016     5.44423     3.89408     3.66003     3.44322
       5100           0         0.6     401.024     270.039     59.2887     3926.54     2092.33     6018.87     2355.15     2373.43    0.424928    -139.243     42.6889     2066.38     2273.43     2.87622     23.7707       0.016     5.45071     3.90196     3.66621     3.44943
       5000           0         0.6     401.024     270.281     57.5022     3927.58     2094.01     6021.59     2354.85     2372.91    0.424443    -139.718      42.689      2066.1     2272.93     2.87698     22.2725       0.016       5.457     3.90975      3.6725     3.45578
       4900           0         0.6     401.024     270.518     55.6298     3930.11     2094.53     6024.64     2354.56     2372.41    0.423974    -140.254     42.6891     2065.83     2272.43     2.87772     20.6888       0.016     5.46312     3.91743     3.67908     3.46228
       4800           0         0.6     401.024      270.75     53.6748     3931.72     2094.53     6026.25     2354.28     2371.91    0.423519    -140.847     42.6891     2065.56     2271.95     2.87846     19.0265       0.016     5.46909     3.92501     3.68585     3.46894
       4700  0.00140418         0.6     401.026     270.978     51.6555     3939.19     2095.05     6034.24        2354     2371.42    0.423075    -141.498     42.6892      2065.3     2271.47     2.87917     17.2979       0.016     5.47493      3.9325     3.69274     3.47575
       4600           0         0.6     401.165     271.205     49.5997     3940.61     2096.45     6037.07      2353.8     2370.98    0.422642    -142.231     42.6892     2065.04        2271     2.87989     15.5286       0.016     5.48067      3.9399      3.6997     3.48269
       4500           0         0.6     401.165     271.428     47.4916     3943.88     2098.78     6042.66     2353.52     2370.49    0.422219    -142.985     42.6893     2064.78     2270.54     2.88059     13.7066       0.016     5.48633     3.94723     3.70671     3.48974
       4400           0         0.6     401.165     271.648     45.7046     3947.82     2099.33     6047.15     2353.24     2370.01    0.421804    -143.786     42.6893     2064.52     2270.08     2.88128     12.1114       0.016     5.49191     3.95447     3.71374     3.49682
       4300           0         0.6     401.165     271.866     44.0947     3949.42      2099.7     6049.12     2352.96     2369.54    0.421396    -144.614     42.6894     2064.27     2269.62     2.88197     10.6717       0.016     5.49741     3.96165     3.72077     3.50395
       4200           0         0.6     401.165      272.08     42.5783     3955.54     2099.82     6055.35      2352.7     2369.07    0.420994     -145.46     42.6894     2064.01     2269.16     2.88264     9.30654       0.016     5.50285     3.96875      3.7278     3.51109
       4100           0         0.6     401.165     272.293     41.1373     3965.72     2100.41     6066.13     2352.43     2368.61    0.420597     -146.32     42.6894     2063.75     2268.71     2.88331     8.00249       0.016     5.50823     3.97578     3.73481     3.51824
       4000  0.00276797         0.6     401.168     272.503      39.741     3976.36     2101.21     6077.57     2352.17     2368.15    0.420205     -147.19     42.6894      2063.5     2268.26     2.88397     6.73449       0.016     5.51356     3.98275      3.7418     3.52539
       3900  0.00926591         0.6     401.451     272.714       38.37     3989.83     2103.39     6093.22     2352.06     2367.78    0.419818    -148.123     42.6894     2063.26     2267.83     2.88464     5.48616       0.016     5.51883     3.98966     3.74878     3.53259
       3800  0.00141757         0.6      402.37     272.933     37.0053     4001.84     2103.91     6105.75     2352.26      2367.6    0.419437    -149.172     42.6895     2063.07     2267.44     2.88533     4.24091       0.016     5.52407     3.99651     3.75578     3.53998
       3700           0         0.6      402.51     273.151     35.0839     4018.06     2104.08     6122.14     2351.95     2367.13     0.41907    -150.049     42.6895     2062.88     2267.06     2.88601     2.61747       0.016     5.52931     3.60296     3.76285     3.54741
       3600           0         0.6      402.51     273.361     31.6437     4031.94     2104.24     6136.19     2351.59     2366.63    0.418709    -150.987     42.6895     2062.64     2266.64     2.88665    -0.28369       0.016     5.53452     3.60802     3.76988     3.55468
       3500  0.00581254         0.6     402.516     273.564     27.5392     4045.15     2105.68     6150.83     2351.26     2366.14    0.418347    -152.073     42.6895     2062.39      2266.2     2.88727    -3.76804       0.016     5.53965     3.61236     3.77678     3.56182
       3400 0.000181466         0.6     403.091     273.766       23.18     4054.47     2105.91     6160.39     2351.26     2365.85    0.417983    -153.426     42.6895     2062.17      2265.8     2.88791    -7.51527       0.016     5.54469     3.61635     3.78355     3.56896
       3300 0.000931222         0.6      403.11     273.963     18.5803     4054.56      2106.3     6160.86     2350.91     2365.36    0.417626    -154.801     42.6895     2061.96      2265.4     2.88853     -11.481       0.016     5.54964      3.6202     3.79022     3.57604
       3200   0.0017004         0.6     403.204     274.154     14.3116     4055.98     2106.85     6162.83     2350.63     2364.91    0.417275    -156.344     42.6895     2061.73        2265     2.88912    -15.2806       0.016     5.55448     3.62399     3.79676     3.58296
       3100 0.000611402         0.6     403.373      274.34     11.3459     4056.08     2107.16     6163.24     2350.41      2364.5    0.416926    -157.979     42.6895      2061.5      2264.6      2.8897    -18.0068       0.016     5.55921     3.62779     3.40296     3.58977
       3000           0         0.6     403.434     274.522     8.84953     4059.05     2107.24     6166.29     2350.13     2364.06    0.416582    -159.611     42.6895     2061.28     2264.21     2.89027     -20.338       0.016     5.56384      3.6316     3.40848     3.59637
       2900  0.00296703         0.6     403.437     274.697     6.68838     4062.49     2108.04     6170.53     2349.83     2363.61    0.416244    -161.233     42.6895     2061.06     2263.83     2.89082    -22.3883       0.016     5.56835     3.63542     3.41367     3.20234
       2800  0.00123548         0.6     403.732      274.87     4.75968     4066.33     2108.47      6174.8     2349.71     2363.28    0.415916      -162.9     42.6895     2060.85     2263.47     2.89137    -24.2401       0.016     5.57274     3.63925     3.41838     3.20652
       2700    0.017275         0.6     403.871     275.039     2.83184     4069.45     2112.33     6181.78      2349.5     2362.91    0.415603    -164.509     42.6895     2060.66     2263.12      2.8919    -26.0608       0.016     5.57701     3.64307     3.42251     3.20963
       2600           0         0.6     405.581     275.216    0.551593     4081.73     2113.65     6195.38     2350.13     2363.06    0.415306    -166.408     42.6895     2060.55     2262.86     2.89247     -28.176       0.016     5.58118     3.64688     3.42622      3.2124
       2500   0.0109989         0.6     405.592     275.389    -1.81503     4081.84     2116.16     6197.99     2349.69     2362.59    0.415041    -167.935     42.6895     2060.45     2262.62       2.893     -30.366       0.016     5.58527     3.65069     3.42968     3.21476
       2400  0.00881452         0.6      406.69     275.555    -4.21472     4083.92      2118.2     6202.12     2349.91     2362.53    0.414793    -169.704     42.6895     2060.33     2262.36     2.89351    -32.5893       0.016     5.58924     3.65448     3.43289     3.21684
       2300  0.00596112         0.6     407.569     275.721    -6.64371     4084.01     2119.63     6203.64     2349.95     2362.37    0.414561     -171.42     42.6895     2060.25     2262.15       2.894    -34.8394       0.016     5.59311     3.65826     3.43595     3.21885
       2200  0.00315567         0.6     408.162      275.88    -8.93365     4090.45     2120.45      6210.9     2349.81     2362.12    0.414345    -173.087     42.6895     2060.17     2261.94     2.89447    -36.9992       0.016     5.59688     3.66203     3.43897     3.22117
       2100  0.00297019         0.6     408.477     276.028    -10.8123     4091.15     2121.22     6212.37     2349.54      2361.8    0.414138    -174.703     42.6895     2060.05      2261.7      2.8949    -38.8142       0.016     5.60051     3.66579     3.44203     3.22375
       2000  0.00281459         0.6     408.774     276.168    -12.5187     4091.73     2121.95     6213.68      2349.3      2361.5    0.413933    -176.311     42.6896     2059.93     2261.46      2.8953      -40.48       0.016     5.60401     3.66954     3.44514     3.22647
       1900  0.00516892         0.6     409.058     276.301    -14.0943     4091.95     2123.19     6215.13     2349.09     2361.22    0.413729    -177.902     42.6896     2059.81     2261.22     2.89568    -42.0322       0.016     5.60737     3.67327     3.44827     3.22931
       1800  0.00518547         0.6     409.575     276.431    -15.5726     4092.75     2124.42     6217.17     2349.02     2361.03    0.413527    -179.516     42.6896     2059.69        2261     2.89607    -43.4981       0.016     5.61061     3.67697     3.45144      3.2323
       1700  0.00906059         0.6     410.097     276.561    -17.0671     4094.88     2126.49     6221.37     2348.95     2360.83     0.41333    -181.098     42.6896      2059.6     2260.79     2.89645    -44.9584       0.016     5.61374     3.68066     3.45465     3.23543
       1600   0.0161614         0.6     411.011     276.693    -18.7548     4095.52     2130.08      6225.6     2349.08     2360.77    0.413141    -182.729     42.6896     2059.52     2260.61     2.89685     -46.577       0.016      5.6168     3.68433     3.45793     3.23874
       1500  0.00735418         0.6     412.618     276.834    -20.5098     4096.58     2131.79     6228.38     2349.53      2360.9     0.41296    -184.458     42.6896      2059.5     2260.49     2.89727    -48.2525       0.016     5.61981     3.68799     3.46131     3.24236
       1400           0         0.6     413.346     276.975    -22.2989     4097.14     2131.82     6228.96      2349.4     2360.69    0.412795    -185.976     42.6896     2059.48     2260.36     2.89768    -49.9544       0.016     5.62281     3.69166     3.46482     3.24608
       1300  0.00241103         0.6     413.348     277.103    -24.0953     4101.45     2132.45      6233.9     2348.91     2360.27    0.412638    -187.362     42.6896     2059.39     2260.16     2.89803    -51.6599       0.016      5.6258     3.69534     3.46835     3.24959
       1200  0.00549539         0.6     413.593     277.222    -25.6201      4117.5     2133.74     6251.25     2348.64     2359.97    0.412473    -188.821     42.6896     2059.26     2259.93     2.89836    -53.1791       0.016     5.62871     3.69902     3.47179     3.25291
       1100  0.00818347         0.6     414.145      277.34    -26.4042     4130.48     2135.61     6266.09     2348.57     2359.79    0.412299     -190.31     42.6896     2059.15     2259.71      2.8987    -54.0736       0.016     5.63156     3.70267     3.47516     3.25624
       1000   0.0101852         0.6     414.965     277.462    -26.8686     4141.35     2137.92     6279.26     2348.64     2359.69    0.412125    -191.777     42.6896     2059.07     2259.54     2.89905    -54.6878       0.016     5.63435      3.7063      3.4785     3.25967
        900  0.00904671         0.6     415.983     277.588    -26.9883     4152.64     2139.98     6292.62     2348.78     2359.64    0.411957    -193.188     42.6896     2059.02     2259.39     2.89942    -55.0096       0.016     5.63712     3.70989     3.48188     3.26323
        800   0.0254878         0.6     416.904     277.716    -26.8458      4165.2     2145.58     6310.78     2348.82     2359.54    0.411798    -194.474     42.6896     2058.98     2259.25     2.89979    -55.0937       0.016     5.63987     3.71347     3.48531     3.26686
        700   0.0281907         0.6     419.455      277.86    -26.4149     4175.59     2151.79     6327.38      2349.7     2359.94    0.411642     -195.95     42.6896        2059     2259.18     2.90021    -54.9384       0.016     5.64264     3.71703     3.48882     3.27085
        600   0.0139546         0.6      422.26     278.025    -25.5395     4195.93     2154.94     6350.87     2350.51     2360.32    0.411504    -197.285     42.6896     2059.12     2259.19     2.90068    -54.3951       0.016     5.64549      3.7206     3.49256     3.27533
        500   0.0107654         0.6     423.652     278.189    -24.3692     4216.81     2157.39      6374.2      2350.4     2360.15    0.411389    -198.181     42.6896      2059.2     2259.17     2.90111     -53.582       0.016     5.64843     3.72422     3.49651      3.2798
        400   0.0197801         0.6     424.738     278.339    -22.8776     4250.14     2161.78     6411.92     2350.16      2359.9    0.411273    -198.906     42.6896     2059.18     2259.05     2.90148    -52.4828       0.016     5.65143     3.72787     3.50046     3.28397
        300           0         0.6     426.696      278.49     -21.143     4272.82     2162.54     6435.36     2350.44     2359.96    0.411141    -199.673     42.6896     2059.18     2258.93     2.90185    -51.1567       0.016     5.65443     3.73155     3.50434     3.28809
        200           0         0.6     426.696     278.628      -18.91     4302.33     2163.88     6466.21     2349.62     2359.35    0.411004    -199.932     42.6896     2059.12     2258.77     2.90218    -49.4289       0.016     5.65741     3.73523     3.50816      3.2919
        100   0.0120985         0.6     426.708     278.746    -15.7664     4317.02     2166.59     6483.61     2348.98     2358.85     0.41085    -200.089     42.6896     2058.97     2258.51     2.90244    -46.9103       0.016     5.66031     3.73889     3.51174     3.29522
          0   0.0115098         0.6     427.917     278.864    -12.1498     4318.75     2169.18     6487.93      2349.1     2358.79    0.410671    -200.311     42.6896     2058.86      2258.3     2.90274    -43.9636       0.016     5.66309     3.74247     3.51511      3.2985