     20000          0        1.4          0    179.437     354.04    78.9895    14.2831    93.2726    2343.43    2426.93   0.785391     6.5598    39.9574    2049.96     2345.7    2.72671    271.433      0.016    5.73044    4.59858    4.35318    4.39114
     19900          0        1.4          0    179.437     353.13    151.419    29.7361    181.156    2343.43    2426.93   0.785563    6.43382    39.9574    2049.96     2345.7    2.72686    270.633      0.016    5.73044    4.59858    4.35318    4.39114
     19800          0        1.4          0    179.437    352.506    228.894    46.3592    275.253    2343.43    2426.93   0.785735    6.30822    39.9574    2049.96     2345.7    2.72701    270.044      0.016    5.73044    4.59858    4.35318    4.39114
     19700          0        1.4          0    179.437    352.255    299.319    60.5222    359.841    2343.43    2426.93   0.785907    6.19879    39.9574    2049.96     2345.7    2.72716    269.745      0.016    5.73044    4.59858    4.35318    4.39114
     19600          0        1.4          0    179.437     352.29    351.209    72.5053    423.714    2343.43    2426.93   0.786079    6.12087    39.9574    2049.96     2345.7    2.72731    269.689      0.016    5.73044    4.59858    4.35318    4.39114
     19500          0        1.4          0    179.437    350.597    414.692    82.0183     496.71    2343.43    2426.93   0.786251    6.05158    39.9574    2049.96     2345.7    2.72746    268.519      0.016    5.73044    4.59858    4.35318    4.39114
     19400          0        1.4          0    179.437    347.879    487.353    94.1014    581.454    2343.43    2426.93   0.786423    5.90477    39.9574    2049.96     2345.7    2.72761    266.477      0.016    5.73044    4.59858    4.35318    4.39114
     19300          0        1.4          0    179.437    345.374    558.279    106.214    664.494    2343.43    2426.93   0.786595    5.65656    39.9574    2049.96     2345.7    2.72775    264.481      0.016    5.73044    4.59858    4.35318    4.39114
     19200          0        1.4          0    179.437    342.873    620.606    118.358    738.963    2343.43    2426.93   0.786767    5.32496    39.9574    2049.96     2345.7     2.7279    262.498      0.016    5.73044    4.59858    4.35318    4.39114
     19100          0        1.4          0    179.437     342.02    681.386    130.011    811.397    2343.43    2426.93   0.786938    4.94128    39.9574    2049.96     2345.7    2.72805    261.588      0.016    5.73044    4.59858    4.35318    4.39114
     19000          0        1.4          0    179.437    342.156     741.53    142.474    884.004    2343.43    2426.93    0.78711    4.58749    39.9574    2049.96     2345.7     2.7282    261.511      0.016    5.73044    4.59858    4.35318    4.39114
     18900          0        1.4          0    179.437    340.553    800.577    155.747    956.323    2343.43    2426.93   0.787281    4.26219    39.9574    2049.96     2345.7    2.72835     260.36      0.016    5.73044    4.59858    4.35318    4.39114
     18800          0        1.4          0    179.437    337.986    870.831     166.28    1037.11    2343.43    2426.93   0.787452    3.87637    39.9574    2049.96     2345.7     2.7285    258.368      0.016    5.73044    4.59858    4.35318    4.39114
     18700          0        1.4          0    179.437     336.21    952.601    178.113    1130.71    2343.43    2426.93   0.787624    3.41716    39.9574    2049.96     2345.7    2.72864    256.824      0.016    5.73044    4.59858    4.35318    4.39114
     18600          0        1.4          0    179.437    334.818    1047.59    192.576    1240.17    2343.43    2426.93   0.787795    2.92873    39.9574    2049.96     2345.7    2.72879    255.619      0.016    5.73044    4.59858    4.35318    4.39114
     18500          0        1.4          0    179.437    333.482    1150.05    201.259    1351.31    2343.43    2426.93   0.787966    2.42444    39.9574    2049.96     2345.7    2.72894    254.469      0.016    5.73044    4.59858    4.35318    4.39114
     18400          0        1.4          0    179.437    332.205    1219.19    209.492    1428.69    2343.43    2426.93   0.788137     1.9065    39.9574    2049.96     2345.7    2.72909    253.357      0.016    5.73044    4.59858    4.35318    4.39114
     18300          0        1.4          0    179.437    329.228     1275.7    218.075    1493.77    2343.43    2426.93   0.788308    1.34924    39.9574    2049.96     2345.7    2.72924    251.114      0.016    5.73044    4.59858    4.35318    4.39114
     18200          0        1.4          0    179.437      325.2     1360.8    226.658    1587.45    2343.43    2426.93   0.788478   0.672723    39.9574    2049.96     2345.7    2.72938     247.97      0.016    5.73044    4.59858    4.35318    4.39114
     18100          0        1.4          0    179.437    321.768    1469.79    234.714     1704.5    2343.43    2426.93   0.788649  -0.137283    39.9574    2049.96     2345.7    2.72953     245.11      0.016    5.73044    4.59858    4.35318    4.39114
     18000          0        1.4          0    179.437    318.559    1574.09    243.331    1817.42    2343.43    2426.93    0.78882   -1.04056    39.9574    2049.96     2345.7    2.72968    242.443      0.016    5.73044    4.59858    4.35318    4.39114
     17900          0        1.4          0    179.437     317.64    1670.99    253.364    1924.35    2343.43    2426.93    0.78899   -1.98653    39.9574    2049.96     2345.7    2.72983    241.293      0.016    5.73044    4.59858    4.35318    4.39114
     17800          0        1.4          0    179.437    318.134       1766    264.257    2030.25    2343.43    2426.93   0.789161   -2.86227    39.9574    2049.96     2345.7    2.72997    241.331      0.016    5.73044    4.59858    4.35318    4.39114
     17700          0        1.4          0    179.437    316.312    1860.47     274.54    2135.01    2343.43    2426.93   0.789331   -3.66765    39.9574    2049.96     2345.7    2.73012    239.957      0.016    5.73044    4.59858    4.35318    4.39114
     17600          0        1.4          0    179.437    313.229    1943.92    288.828    2232.75    2343.43    2426.93   0.789502   -4.52282    39.9574    2049.96     2345.7    2.73027    237.487      0.016    5.73044    4.59858    4.35318    4.39114
     17500          0        1.4          0    179.437    313.298    2011.35    302.776    2314.12    2343.43    2426.93   0.789672   -5.41147    39.9574    2049.96     2345.7    2.73042    237.026      0.016    5.73044    4.59858    4.35318    4.39114
     17400          0        1.4          0    182.115    344.137    2042.72    312.444    2355.16    2337.81    2427.24   0.817182   -7.03503    39.0482    2090.19    2390.75    2.64272    282.715      0.016     5.7211    4.59193     4.3525    4.39344
     17300          0        1.4          0    182.934    353.815    2073.54    322.233    2395.78    2333.75    2428.42   0.848489   -7.23612    38.2531    2099.33    2400.72    2.62299    291.111      0.016    5.71793    4.58375    4.34297    4.38361
     17200          0        1.4          0     183.39    359.881    2096.59    335.928    2432.52    2330.58    2429.87   0.876868   -7.02974    37.5586    2103.93     2405.7    2.61341    296.236      0.016    5.72125    4.57463    4.32783    4.36492
     17100          0        1.4          0    183.841    363.835    2099.91    350.717    2450.63    2328.02    2431.38   0.901834   -6.64495    36.9519    2107.52    2409.45    2.60581    299.608      0.016    5.72871    4.56346    4.30774    4.33998
     17000          0        1.4          0    184.395    366.328    2106.32    368.422    2474.74    2325.94    2432.88   0.923629   -6.19849     36.422    2110.68    2412.53    2.59894    301.804      0.016    5.73799    4.54879    4.28324    4.31057
     16900          0        1.4          0    185.076    363.157    2119.69    386.971    2506.66    2324.24    2434.34   0.942573   -5.83044    35.9588    2113.56     2415.1    2.59263    299.792      0.016    5.74731    4.52873    4.25519    4.27796
     16800          0        1.4          0    185.879     356.08    2132.94    406.282    2539.22    2322.88    2435.75    0.95898   -5.80695    35.5537    2116.22    2417.24    2.58687     294.26      0.016    5.75543    4.50524    4.22418    4.24311
     16700          0        1.4          0    186.789    347.713    2143.96    427.383    2571.34     2321.8    2437.11    0.97314   -6.22983     35.199     2118.7    2419.03    2.58162    287.424      0.016    5.76158    4.47861     4.5905    4.20736
     16600          0        1.4          0    187.792    338.163    2156.83     452.74    2609.57    2320.95    2438.38   0.985304   -7.09448    34.8882    2121.04    2420.52    2.57681    279.594      0.016    5.76538    4.44944    4.55473    4.57412
     16500          0        1.4          0    188.875    339.172    2164.82    472.218    2637.03     2320.3    2439.58   0.995708   -8.20911    34.6155    2123.26    2421.76     2.5724    279.344      0.016     5.7667    4.41878     4.5183    4.53859
     16400  0.0650992        1.4  0.0650992    190.027     347.24    2171.37    496.159    2667.52    2319.86    2440.76    1.00457   -8.99678     34.376    2125.37    2422.79    2.56833    285.676      0.016    5.76561    4.78854    4.48125    4.50183
     16300   0.112295        1.4    6.62222    191.224    352.217    2187.88    517.451    2705.33    2323.08    2446.77    1.01206   -10.7617    34.1655    2127.45    2423.74    2.56416    290.396      0.016    5.76228    4.75451    4.44406    4.46309
     16200  0.0768345        1.4    17.8163    192.446    355.569    2209.53     544.45    2753.98    2328.34    2455.38    1.01835   -12.9917    33.9801     2129.7    2424.86    2.55949     293.46      0.016    5.75689    4.71875    4.40595    4.42129
     16100  0.0115543        1.4    25.4344    193.692    347.196    2227.59    574.495    2802.08    2330.96    2460.04    1.02364   -13.9448    33.8167    2132.13    2426.19    2.55478    287.828      0.016    5.74953    4.68183    4.76554    4.78173
     16000          0        1.4    26.5783    194.979    330.928    2235.76    603.219    2838.97    2329.89    2459.32    1.02807     -13.86    33.6725    2134.54    2427.45    2.55073    274.894      0.016    5.74034    4.64449    4.72528    4.74323
     15900          0        1.4    26.5783    196.308    322.674    2239.12    630.764    2869.88    2328.59    2458.14    1.03171   -14.3579    33.5449    2136.73    2428.39    2.54734    267.146      0.016    5.72953    4.60825    4.68605     4.7064
     15800  0.0253716        1.4    26.6037     197.67     319.25    2245.63    655.453    2901.08    2327.65    2457.34    1.03462   -15.1975     33.432    2138.69    2429.03    2.54423    264.059      0.016    5.71739    4.97256     4.6487    4.67125
     15700  0.0361895        1.4    29.1517    199.053    317.009    2252.94    679.911    2932.85     2328.3    2458.67    1.03684   -16.6993    33.3317    2140.52     2429.5    2.54108    262.167      0.016    5.70423    4.93581    4.61307    4.63709
     15600  0.0409625        1.4    32.7754    200.444    315.796    2261.77    702.226       2964     2329.5    2460.67    1.03845   -18.3333    33.2426    2142.31    2429.94    2.53772    261.112      0.016    5.69054    4.89885    4.97766    4.60462
     15500  0.0390708        1.4    36.8698    201.842    313.823    2270.66    723.914    2994.57    2330.83    2462.75    1.03955   -19.8989    33.1631    2144.13    2430.41    2.53422    259.618      0.016    5.67662    4.86242    4.94339    4.97592
     15400  0.0779202        1.4    40.8157    203.244    311.461    2284.48    744.675    3029.15    2331.97    2464.47    1.04019   -21.3066    33.0921    2145.96    2430.91    2.53064    257.728      0.016    5.66257    4.82702    4.91048    4.94622
     15300    0.13309        1.4    48.6629    204.642    310.664    2306.46     767.35    3073.81    2335.14    2468.96    1.04045   -23.4774    33.0283    2147.83    2431.47     2.5268    256.989      0.016    5.64849    5.19461    4.87848    4.91555
     15200   0.175205        1.4     62.014    206.023    310.878    2329.45      789.4    3118.85    2340.89    2476.97    1.04036   -26.5107    32.9709    2149.86    2432.25    2.52234    257.194      0.016    5.63447    5.16199      4.847    4.88286
     15100   0.252986        1.4    79.6123    207.376    317.336    2361.44    810.798    3172.23    2348.17    2487.01    1.03998   -29.7825     32.919    2152.18    2433.43    2.51716    262.152      0.016    5.62053    5.12939    4.81518    4.84757
     15000   0.321695        1.4     104.98    208.689     328.09    2407.48    831.412    3238.89     2358.7    2501.51    1.03937   -33.6516    32.8718    2154.87    2435.12    2.51112    271.102      0.016    5.60659    5.09699    5.18145    4.80922
     14900     0.3776        1.4    137.205    209.948    336.345    2464.28     850.11    3314.39    2371.54    2519.11    1.03859   -37.6155    32.8288    2158.06    2437.47    2.50406    278.577      0.016     5.5925    5.06478    5.14568    5.16995
     14800   0.358168        1.4    174.946    211.151    343.242    2532.46    868.237     3400.7    2385.68     2538.4    1.03767   -41.4373    32.7892     2161.8    2440.56    2.49609    284.691      0.016    5.57809    5.03264    5.10798    5.12428
     14700          0        1.4    210.404    212.254    334.457    2593.91    884.978    3478.89    2396.82    2553.36    1.03671   -43.7465    32.7525    2165.96    2444.27    2.48826    278.949      0.016    5.56324    5.00248    5.06781    5.07491
     14600          0        1.4    210.404    204.547    266.286    2615.17    916.271    3531.44    2391.08    2536.64    1.00211   -39.2628    33.7363    2143.43    2426.55    2.63754    199.667      0.016    6.41222    5.15274    5.17844    5.06642
     14500          0        1.4    210.404    202.231    239.699    2620.31    953.388     3573.7    2386.99    2523.32   0.968869   -40.2784    34.6823    2134.52    2418.67    2.66129    174.383      0.016    6.60068    4.95171    4.89649    5.11772
     14400          0        1.4    210.404    202.316    223.273    2622.64    992.426    3615.06    2384.29    2512.42   0.934653   -43.2148    35.5885    2127.93    2410.65    2.67179    159.619      0.016      6.501    4.66664    4.95036    5.19167
     14300          0        1.4    210.404    203.226    209.046    2627.88    1028.35    3656.23    2382.63    2503.27   0.899347   -46.6819    36.4418     2122.4    2402.91    2.68113    147.885      0.016      6.501    4.70747     4.9647    4.85396
     14200          0        1.4    210.404    204.374    196.881    2639.85    1062.53    3702.38    2381.67    2495.45    0.86399   -50.1703    37.2291    2117.55    2395.71    2.68987    138.017      0.016      6.501    4.70467     4.9612    4.90665
     14100          0        1.4    210.404     205.56    190.336    2652.39     1095.3    3747.69    2381.14    2488.64   0.829618   -53.3905    37.9427    2113.25    2389.15    2.69786    132.357      0.016      6.501    4.67952    4.95427    4.95175
     14000          0        1.4    210.404    206.726    187.307    2674.18    1125.56    3799.74    2380.84    2482.61   0.797007   -56.0976    38.5803    2109.42    2383.19     2.7051    129.736      0.016      6.501    4.64652       4.95    4.99088
     13900          0        1.4    210.404    207.859    182.258    2701.24    1158.27    3859.51    2380.64    2477.21   0.766645   -58.3158    39.1438    2105.99    2377.77    2.71172    126.027      0.016      6.501     4.6145    4.94996    4.61973
     13800          0        1.4    210.404    208.959    176.334    2719.61    1187.83    3907.43    2380.46    2472.36   0.738793     -60.27    39.6376    2102.91    2372.82    2.71781    121.476      0.016      6.501    4.99765    4.95246    4.64115
     13700          0        1.4    210.404    210.038    172.005    2753.92    1219.14    3973.06    2380.26    2467.95     0.7135   -62.0503    40.0676    2100.15    2368.28    2.72349    117.982      0.016      6.501     4.9872    4.95929    4.66437
     13600          0        1.4    210.404    211.096     168.56    2781.03    1249.25    4030.28       2380    2463.89   0.690697   -63.6504    40.4403    2097.63    2364.08    2.72888    115.257      0.016      6.501    4.98085    4.97096    4.68944
     13500          0        1.4    210.404    212.135    171.793    2808.48    1272.95    4081.42    2379.65    2460.11   0.670247   -64.9917    40.7621    2095.32    2360.16    2.73403    117.244      0.016      6.501    4.97937    4.98711    4.71648
     13400          0        1.4    210.404    213.154    179.062    2834.51    1298.83    4133.34    2379.21    2456.55   0.651971   -65.8049    41.0391    2093.17    2356.47    2.73898    122.763      0.016      6.501    4.98288    4.60639    4.74549
     13300          0        1.4    210.404    214.155    175.999    2861.25    1321.54    4182.78    2378.67    2453.17   0.635671   -66.2279     41.277    2091.17    2352.98    2.74377    121.414      0.016      6.501    4.99102    4.62324    4.77549
     13200          0        1.4    210.404    217.666    196.979    2870.62    1343.79     4214.4    2370.95    2450.32    0.67176   -66.6407    40.2965    2127.07    2391.75    2.63471    154.945      0.016    6.60196    4.98855    4.64714    4.79761
     13100  0.0173021        1.4    210.422    219.892    203.682    2873.89    1359.76    4233.64    2364.66     2448.5    0.70878   -65.9988    39.3976     2135.9    2399.87    2.60641    161.465      0.016    6.25821    4.98294    4.66455    4.40885
     13000          0        1.4    212.134    221.696    209.619    2885.14    1376.55    4261.69    2360.22     2448.4   0.742243   -65.3403    38.5929    2140.23     2403.1    2.59172    167.374      0.016    6.46371    4.96476    4.66709     4.4097
     12900  0.0674452        1.4    212.202    223.155    215.974     2889.1     1392.1     4281.2     2355.5    2447.12     0.7718   -64.0826    37.8817    2143.19    2405.09    2.58104    173.347      0.016    5.83253      4.938    4.65964    4.40401
     12800  0.0948012        1.4    218.974    224.263    222.368    2901.33    1408.72    4310.05    2355.05    2451.13   0.797808   -64.1552    37.2566    2145.42    2406.57    2.57264    179.306      0.016    5.96267    4.90804     4.6473    4.79233
     12700  0.0406275        1.4      228.4    225.239    224.586    2908.19    1426.08    4334.27       2356    2456.47   0.820722   -64.5237     36.708     2147.5    2408.03    2.56433    181.966      0.016     6.0684    4.87778     4.6314    4.77253
     12600          0        1.4    232.422    226.306    223.889     2920.1    1444.93    4365.02    2353.85    2456.92   0.840782   -63.6662     36.226    2149.68    2409.51    2.55562    181.868      0.016    6.15325    4.84678    4.61265    4.74826
     12500          0        1.4    232.422    227.435     223.76    2929.47    1464.48    4393.95    2349.95    2454.46     0.8583   -62.2547    35.8017    2151.74     2410.8    2.54772    181.937      0.016    5.42013    4.81755    4.99179    4.72325
     12400          0        1.4    232.422    228.614    223.767    2940.93    1481.97     4422.9    2346.72    2452.54   0.873536   -61.2495    35.4274    2153.59    2411.78    2.54047    182.187      0.016    5.46969    5.18989    4.96804    4.69825
     12300          0        1.4    232.422     229.83    222.444    2941.42    1498.92    4440.34    2343.98       2451   0.886737   -60.6006    35.0963    2155.28    2412.56    2.53358    181.369      0.016    5.50791    5.16202    4.94326    4.67296
     12200   0.087356        1.4    232.509    231.074    220.132     2955.4    1517.15    4472.55    2341.69    2449.81   0.898149   -60.3352    34.8029    2156.88     2413.2    2.52693    179.606      0.016    5.53701    5.13467    4.91824    4.64753
     12100   0.153271        1.4    241.311    232.323    219.275    2978.38    1537.27    4515.65    2344.45    2455.42   0.907979    -62.238    34.5423     2158.5    2413.87    2.51994    178.832      0.016    5.55871    5.10804    4.89298    4.62015
     12000   0.218179        1.4    256.703    233.551    219.246     3010.1    1553.82    4563.91    2350.28    2465.06   0.916431   -65.3119    34.3104    2160.41    2414.92    2.51213    178.825      0.016    5.57439    5.08204    4.86786    4.99268
     11900   0.254641        1.4    278.557    234.751     220.06    3046.57    1573.62    4620.19    2358.73    2478.08   0.923714    -69.225    34.1037    2162.77    2416.53    2.50351    179.472      0.016    5.58508    5.05654    4.84322    4.96097
     11800   0.342862        1.4    304.109    235.922     221.47    3088.93    1592.74    4681.67       2368    2491.98   0.930014   -73.1585    33.9194    2165.62    2418.75    2.49425    180.636      0.016    5.59156    5.03169    4.81676    4.92398
     11700   0.125918        1.4    338.179     237.06    230.365    3143.55    1612.26    4755.81    2380.68    2510.38   0.935457   -77.9333    33.7547    2168.96     2421.6    2.48424    187.598      0.016    5.59441    5.00835    5.18689    4.88169
     11600  0.0792566        1.4    350.724    224.933    204.915    3179.35    1644.69    4824.04    2384.13    2507.46   0.905418   -76.9812    34.6333    2139.02    2398.45    2.65752    146.438      0.016    5.81658    5.16731    4.90145    4.87043
     11500   0.017783        1.4    358.588    220.798    187.005    3206.92    1689.66    4896.58    2384.69    2501.72   0.875284    -77.788    35.4829    2131.73    2394.15    2.67968     130.66      0.016    6.27886    4.97815    4.62743    4.91468
     11400  0.0224702        1.4    360.371    220.167    163.148    3223.11    1737.44    4960.56    2382.53    2492.62   0.844658   -79.0639    36.2999    2126.58    2388.71    2.68686    111.023      0.016    6.69174    4.70404    4.67981    4.98104
     11300  0.0245664        1.4     362.62      220.8    151.847    3232.85    1782.12    5014.97    2381.58    2485.48   0.813015   -81.5888    37.0709    2121.95    2382.54    2.69371    100.533      0.016    6.58311    4.75968    4.69399    4.63781
     11200          0        1.4    365.052    221.839    147.479    3237.69    1825.13    5062.82    2381.32    2479.55   0.781084    -84.185    37.7829    2117.91    2376.65    2.70047    96.4906      0.016    6.52372    4.76974    4.68971    4.68188
     11100          0        1.4    365.052    222.986     139.62    3253.27    1867.05    5120.31     2380.1     2472.6   0.749934   -86.0356    38.4281    2114.17    2371.01    2.70706    90.5546      0.016      6.501    4.75502    4.68113    4.71917
     11000          0        1.4    365.052    224.141    130.151    3277.72    1907.71    5185.42    2379.27    2466.59   0.720318   -87.9502    39.0042     2110.6    2365.57    2.71331    83.0965      0.016      6.501    4.73006    4.67471     4.7514
     10900          0        1.4    365.052    225.274     124.72    3292.87    1950.03     5242.9    2378.66    2461.29   0.692647   -89.9032    39.5127    2107.35    2360.55    2.71907     78.405      0.016      6.501    4.70358    4.67269    4.78042
     10800          0        1.4    365.052    226.377    121.552     3296.4    1989.21     5285.6    2378.14    2456.54   0.667171   -91.7074    39.9577    2104.42    2355.96    2.72438    75.7134      0.016    6.50312     4.6802    4.67554    4.40687
     10700          0        1.4    365.052    227.452    117.466    3301.59    2027.98    5329.57    2377.67    2452.25   0.643995   -93.3545    40.3448    2101.77    2351.74    2.72931    72.5082      0.016    6.52183    4.66208    4.68144    4.42355
     10600          0        1.4    365.052    228.499    112.988    3311.02    2066.38     5377.4    2377.21    2448.38   0.623099   -94.9463    40.6796    2099.37    2347.86    2.73392    68.8984      0.016    6.54438    4.64982    4.68942    4.44067
     10500          0        1.4    365.052    229.518     110.27    3320.71    2104.36    5425.07    2376.73    2444.82   0.604365   -96.4982    40.9683     2097.2    2344.28    2.73827    66.5137      0.016    6.56944    4.64328    4.70065    4.46045
     10400          0        1.4    365.052    230.512    108.574    3331.03    2140.05    5471.07     2376.2    2441.52   0.587637   -97.9488    41.2164    2095.21    2340.95    2.74239    65.0268      0.016    6.59615    4.64204    4.71525    4.48246
     10300          0        1.4    365.052    231.485    107.478    3334.74    2173.46    5508.21    2375.62    2438.43   0.572739   -99.2861    41.4292    2093.37    2337.82    2.74634    64.0365      0.016    6.62389    4.64557    4.73295    4.50645
     10200          0        1.4    365.052    232.439    106.295    3339.32    2206.72    5546.05    2374.99    2435.51   0.559487   -100.514    41.6113    2091.64    2334.87    2.75014    63.0781      0.016    6.65231     4.6533    4.75338    4.53224
     10100          0        1.4    365.052    233.379    104.086    3360.05    2237.05    5597.09     2374.3    2432.72   0.547701   -101.696    41.7671    2090.02    2332.05    2.75383    61.2928      0.016    6.68116     4.6647    4.77618    4.55964
     10000          0        1.4    365.052    234.306    101.546    3374.21    2266.74    5640.95    2373.55    2430.04   0.537211   -102.886    41.9003    2088.47    2329.34    2.75743    59.2263      0.016    6.71028    4.67927    4.40096    4.58847
      9900          0        1.4    365.052    235.222    98.8284    3377.51    2295.82    5673.33    2372.75    2427.45   0.527861   -104.104     42.014       2087    2326.73    2.76095    56.9995      0.016    6.73959    4.69655    4.42155    4.21417
      9800          0        1.4    365.052    236.119    95.9748    3381.91    2323.44    5705.35    2371.94       2425   0.519534   -105.358    42.1111     2085.6    2324.25    2.76439    54.6497      0.016    6.76888    4.71584    4.43821    4.23127
      9700          0        1.4    365.052    236.993    93.0127    3384.66    2349.64     5734.3    2371.11    2422.67    0.51211   -106.656    42.1939    2084.29    2321.88    2.76772     52.196      0.016    6.79798    4.73662    4.45712    4.25024
      9600 0.00141318        1.4    365.054    237.847     89.963    3388.04    2374.42    5762.47    2370.28    2420.44   0.505469   -108.002    42.2647    2083.04    2319.62    2.77094     49.656      0.016    6.22464    4.75866    4.47827    4.27131
      9500          0        1.4    365.194    238.686    86.8364    3389.02    2397.81    5786.83     2369.5    2418.39   0.499503   -109.425    42.3252    2081.85    2317.45    2.77407    47.0383      0.016    6.25049    4.78181    4.50108    4.29415
      9400          0        1.4    365.194    239.511    84.4777    3406.81     2423.5     5830.3    2368.63    2416.28   0.494121    -110.85    42.3768     2080.7    2315.34    2.77714    44.9565      0.016    6.27589    4.40522     4.5252    4.31848
      9300          0        1.4    365.194    240.323    82.5638     3423.8    2446.98    5870.77    2367.74    2414.22   0.489246    -112.27     42.421    2079.56    2313.26    2.78016    43.2643      0.016    6.30091    4.42106    4.55031    4.34406
      9200   0.105673        1.4    365.299    241.114    80.8998    3439.73    2469.56    5909.29     2366.9     2412.3   0.484808   -113.693    42.4588    2078.44    2311.24    2.78312    41.7785      0.016    6.32549    4.43393    4.57596    4.37062
      9100  0.0942296        1.4    375.855    241.845    79.2478    3447.74    2489.72    5937.46     2371.6    2418.14   0.480588   -117.129    42.4911    2078.24    2310.34    2.78494    40.2689      0.016    6.34954    4.44989    4.20146    4.39523
      9000  0.0781236        1.4    385.262     242.52    77.6639    3453.82     2506.5    5960.32    2374.63    2421.64   0.476694   -119.818    42.5188    2078.98    2310.61    2.78603    38.7891      0.016    6.37268    4.46827     4.2203    4.01248
      8900  0.0815483        1.4    393.078    243.166    76.2244    3470.77    2523.98    5994.75    2376.21    2423.13   0.473327   -121.863    42.5426    2079.57    2310.73    2.78728    37.4311      0.016    6.39456     4.4879     4.2334    4.02147
      8800   0.078015        1.4    401.229    243.785    74.8962    3476.35    2540.72    6017.07    2377.67    2424.49   0.470384   -123.789    42.5629    2079.93     2310.6    2.78862    36.1725      0.016    6.41516    4.50795    4.24613    4.03014
      8700  0.0745519        1.4    409.027    244.384    73.6658    3478.13    2556.74    6034.87    2378.65     2425.2   0.467755   -125.487    42.5804    2080.17    2310.36    2.78998     35.001      0.016    6.43463    4.52801    4.25957    4.03991
      8600  0.0724597        1.4     416.48    244.968    72.5283    3484.99    2572.32    6057.31    2379.23    2425.41   0.465377   -127.004    42.5954    2080.27    2309.96     2.7914    33.9148      0.016    6.45312    4.54792    4.27352    4.05088
      8500  0.0704061        1.4    423.724    245.542    71.4726    3485.57    2587.48    6073.04    2379.56    2425.29   0.463192   -128.401    42.6083    2080.24    2309.41    2.79286    32.9047      0.016    6.47084     4.5676    4.28796    4.06296
      8400  0.0705404        1.4    430.765    246.108    70.9304    3489.53    2602.67     6092.2    2379.69    2424.92   0.461157    -129.69    42.6195     2080.1    2308.76    2.79435    32.2845      0.016    6.48795    4.58702    4.30287    4.07604
      8300  0.0534586        1.4    437.802    246.668    70.7197    3497.07     2614.3    6111.37    2379.74    2424.47   0.459234   -130.901     42.629     2079.9    2308.03    2.79584    31.9646      0.016    6.50459    4.20539     4.3182    4.08996
      8200  0.0535277        1.4    443.148    247.225    70.7632    3500.24    2625.95    6126.19    2378.82    2422.71   0.457424   -131.703    42.6372    2079.52     2307.1     2.7975    31.8725      0.016     6.5209    4.21756     4.3339    4.10497
      8100  0.0536528        1.4    448.501    247.776    71.0198    3506.56    2637.63    6144.19    2378.03    2421.14   0.455691   -132.495    42.6443    2078.95    2305.96    2.79925    31.9747      0.016    6.53718    4.22657    4.34993    4.12106
      8000  0.0523905        1.4    453.865    248.315     71.443    3508.15    2649.04    6157.19    2377.32    2419.71   0.453995   -133.254    42.6505    2078.36     2304.8    2.80095     32.229      0.016    6.55341    4.23514    4.36622    4.13783
      7900  0.0511526        1.4    459.102    248.844    72.0808    3515.79    2660.19    6175.98    2376.59    2418.28   0.452333   -133.937    42.6557    2077.78    2303.67     2.8026    32.6683      0.016    6.56952    4.24576    4.38277    4.15505
      7800   0.047176        1.4    464.214    249.369    72.8903    3521.19    2670.52    6191.71    2375.84    2416.84   0.450707   -134.537    42.6603     2077.2    2302.54    2.80422    33.2674      0.016    6.58551    4.25801    4.39961    4.17265
      7700  0.0479989        1.4    468.932    249.893    73.8619    3524.39    2681.03    6205.42    2374.95    2415.21   0.449119   -134.998    42.6642    2076.59    2301.38    2.80585    34.0153      0.016    5.80131    4.27142    4.01404     4.1904
      7600  0.0440801        1.4    473.728    250.413    74.9998    3529.77    2690.72    6220.49    2374.18    2413.77   0.447562   -135.418    42.6676    2075.98    2300.23    2.80746     34.917      0.016    5.81548    4.28557    4.02651    3.80633
      7500  0.0403304        1.4    478.132    250.925    76.2793    3540.56    2699.62    6240.17    2373.27    2412.15   0.446051   -135.692    42.6706    2075.38    2299.09    2.80905    35.9521      0.016    5.82907    4.30009    4.03737    3.81599
      7400  0.0366333        1.4    482.162    251.428    76.6314    3554.63    2707.74    6262.37    2372.27    2410.44   0.444603   -135.853    42.6731    2074.76    2297.94    2.81064    36.3359      0.016    5.84223    4.31472    4.04727    3.82337
      7300  0.0425416        1.4    485.831     251.92    76.4633    3570.11    2717.09     6287.2     2371.2    2408.65   0.443208   -135.967    42.6753    2074.11    2296.77    2.81223    36.2591      0.016    5.85503    4.32929    4.05794    3.83242
      7200  0.0484988        1.4    490.091    252.401     76.009    3589.31    2727.69       6317    2370.59    2407.51   0.441843   -136.242    42.6772    2073.52    2295.67    2.81372     35.941      0.016    5.86756     4.3438    4.06939    3.84279
      7100  0.0429541        1.4    494.935    252.868    75.3485    3609.26    2737.12    6346.38    2370.32    2406.87   0.440496   -136.646    42.6788    2073.07    2294.76    2.81505    35.4439      0.016    5.87983    4.35826    4.08144    3.85391
      7000  0.0182975        1.4    499.206    253.327    74.5466    3621.61     2741.4       6363    2369.73    2405.77   0.439194   -136.937    42.6803    2072.67    2293.91    2.81635    34.8234      0.016    5.89185    4.37266    4.09388    3.86566
      6900  0.0184402        1.4    501.036    253.788    73.6844    3633.98    2745.71    6379.69    2367.89    2402.94   0.437973   -136.792    42.6815    2072.03    2292.79    2.81789    34.1551      0.016    5.90365    4.38701    4.10677    3.87864
      6800  0.0391147        1.4    502.901    254.256    72.7635    3644.56    2754.35    6398.92    2366.35    2400.53   0.436784   -136.792    42.6826    2071.17    2291.39     2.8196    33.4403      0.016    5.91537    4.00124    4.12031    3.89291
      6700  0.0331672        1.4    506.806    254.715    71.7635    3654.73    2761.74    6416.47    2366.09    2399.93    0.43555   -137.286    42.6835    2070.48    2290.21    2.82106    32.6473      0.016    5.92711    4.01173    4.13439    3.90749
      6600  0.0181959        1.4    510.108     255.16    70.7338    3665.65    2765.98    6431.62    2365.45     2398.8   0.434313   -137.654    42.6843    2069.99    2289.27    2.82238    31.8193      0.016    5.93875    4.01948    4.14855    3.92205
      6500  0.0242288        1.4    511.934    255.599    69.6951     3673.7    2771.48    6445.18    2364.07    2396.63   0.433133   -137.765     42.685    2069.37    2288.19    2.82384    30.9824      0.016     5.9502    4.02623    4.16268    3.93711
      6400  0.0226826        1.4    514.355     256.03     68.942    3681.21    2776.65    6457.86    2363.19    2395.16   0.431977   -138.073    42.6856    2068.68    2287.03     2.8253    30.3498      0.016    5.96146    4.03267    4.17689    3.95254
      6300  0.0290307        1.4     516.63    256.451    68.3525    3689.54    2783.15    6472.69     2362.3    2393.69   0.430825   -138.375    42.6861    2068.05    2285.95     2.8267    29.8606      0.016    5.97255     4.0398    4.19112    3.96805
      6200  0.0311411        1.4    519.535    256.863    67.8531    3705.87    2790.09    6495.96    2361.82    2392.79   0.429681   -138.813    42.6866    2067.49    2284.97    2.82798    29.4424      0.016    5.98349    4.04847    3.80486     3.9834
      6100  0.0333004        1.4    522.651    257.265    67.4334    3723.08    2797.47    6520.56    2361.45    2392.06   0.428553   -139.269     42.687    2067.05    2284.13    2.82916    29.0882      0.016    5.99425    4.05819    3.81606    3.99804
      6000  0.0355145        1.4    525.983    257.655    67.0669    3729.43    2805.32    6534.75     2361.2    2391.47   0.427459   -139.735    42.6873    2066.69    2283.39    2.83026    28.7771      0.016     6.0048    4.06853    3.82587    3.60895
      5900  0.0252162        1.4    529.524    258.034    66.7421    3737.74    2810.98    6548.72    2361.05    2391.04   0.426417   -140.203    42.6876     2066.4    2282.75    2.83127    28.4997      0.016    6.01507    4.07919    3.83409    3.61541
      5800  0.0320334        1.4    532.053    258.403    66.4695     3752.3    2818.08    6570.38    2360.34    2389.84   0.425449   -140.436    42.6879    2066.07    2282.06    2.83234    28.2686      0.016    6.02503    4.08992     3.8411    3.62025
      5700  0.0322771        1.4    535.256    258.761    66.2281    3757.12    2825.22    6582.34    2360.09    2389.29    0.42453   -140.809    42.6881    2065.72    2281.37    2.83337     28.065      0.016    6.03469    4.10057    3.84774    3.62573
      5600  0.0318571        1.4    538.484    259.106     66.013    3760.25    2832.26    6592.51    2359.85    2388.77   0.423641    -141.16    42.6883    2065.45    2280.78    2.83431    27.8827      0.016    6.04405    4.11108      3.855    3.63192
      5500  0.0314737        1.4    541.669    259.441     65.824    3773.33    2839.22    6612.55    2359.59    2388.22   0.422789   -141.478    42.6885     2065.2    2280.23    2.83521    27.7229      0.016    6.05311    4.12146    3.86277    3.63874
      5400  0.0300536        1.4    544.815    259.769    64.9296    3785.78    2845.88    6631.66    2359.32    2387.66   0.421971   -141.783    42.6886    2064.96    2279.68    2.83609    27.0444      0.016    6.06191     4.1317    3.87091    3.64611
      5300  0.0286529        1.4    547.819    260.091    63.6114    3790.69    2852.24    6642.93    2358.98    2387.01   0.421181   -142.096    42.6887     2064.7    2279.13    2.83696    25.9839      0.016    6.07048    4.14182    3.87932    3.65397
      5200  0.0429819        1.4    550.699     260.41    62.0579    3807.93    2861.63    6669.55     2358.6     2386.3   0.420414   -142.442    42.6888    2064.43    2278.56    2.83785     24.716      0.016    6.07887    4.15182    3.88797    3.66227
      5100  0.0387194        1.4    554.993    260.719    60.3287    3812.18    2870.11    6682.28       2359    2386.68   0.419644   -143.123    42.6889    2064.26    2278.12    2.83858    23.2871      0.016    6.08711    4.16172    3.89677    3.67055
      5000  0.0344695        1.4     558.86    261.021    58.4558    3814.17    2877.69    6691.86    2359.05    2386.57   0.418891   -143.725     42.689     2064.2    2277.81    2.83923     21.725      0.016    6.09517    4.17151    3.90551    3.67872
      4900  0.0396605        1.4    562.312    261.319    56.5033    3817.58    2886.37    6703.95    2358.85    2386.09   0.418179   -144.285    42.6891    2064.08    2277.43    2.83995    20.0841      0.016    6.10304    4.18118    3.91422    3.68707
      4800  0.0418104        1.4    566.281    261.614    54.4634     3818.4     2895.5     6713.9    2358.92    2386.01   0.417483   -145.005    42.6891    2063.94    2277.04    2.84065    18.3607      0.016    6.11075    4.19072    3.92293    3.69548
      4700  0.0439805        1.4    570.464    261.904    52.3532    3825.17     2905.1    6730.27    2359.06    2386.02   0.416793   -145.802    42.6892    2063.86    2276.72    2.84128     16.564      0.016    6.11855    3.80013    3.93158     3.7038
      4600  0.0346382        1.4    574.852    262.188    50.2038     3827.2    2912.71    6739.91    2359.25     2386.1   0.416116   -146.667    42.6892    2063.82    2276.45    2.84187    14.7233      0.016    6.12645    3.80757    3.94015      3.712
      4500  0.0299946        1.4    578.312    262.472    48.0138    3830.99    2919.34    6750.33    2358.89    2385.39   0.415467   -147.382    42.6893    2063.71     2276.1    2.84254    12.8413      0.016    6.13434    3.81328     3.9486    3.72032
      4400  0.0380776        1.4    581.319    262.755    46.1636    3835.39    2927.68    6763.07    2358.33    2384.42    0.41484   -148.078    42.6893    2063.46    2275.59    2.84332    11.2025      0.016    6.14216    3.81826    3.95703    3.72902
      4300  0.0386631        1.4    585.128    263.034     44.487    3837.38    2936.15    6773.53    2358.26    2384.15   0.414199   -148.986    42.6894    2063.22    2275.09    2.84405    9.71508      0.016    6.14992    3.82297    3.96549    3.73778
      4200  0.0406847        1.4    588.996    263.306    42.9013    3843.82    2945.04    6788.86     2358.2    2383.89   0.413546   -149.912    42.6894    2063.06    2274.69    2.84469    8.29703      0.016    6.15761    3.82761    3.97389     3.7464
      4100  0.0370901        1.4    593.061    263.573    41.3886    3854.26    2953.17    6807.43    2358.22    2383.74   0.412897   -150.878    42.6894    2062.94    2274.35    2.84528    6.93634      0.016    6.16519    3.83228    3.98218    3.75484
      4000  0.0433722        1.4    596.776    263.836    39.9254    3865.08    2962.63    6827.72    2358.03    2383.29   0.412263   -151.771    42.6894    2062.81       2274    2.84589    5.61554      0.016    6.17264    3.83702    3.99035    3.76322
      3900  0.0496797        1.4     601.12    264.094    38.4865    3878.67    2973.44    6852.11    2358.17    2383.32   0.411634   -152.795    42.6894     2062.7    2273.67    2.84644    4.31256      0.016    6.17996    3.84186    3.99842    3.77144
      3800  0.0417237        1.4     606.08    264.344    37.0547    3890.73    2982.55    6873.27    2358.59    2383.73   0.411002   -153.917    42.6895    2062.71    2273.48    2.84688    3.01094      0.016    6.18714    3.84679    3.60566    3.77921
      3700  0.0399797        1.4     610.25     264.59    35.0598    3906.92    2991.28     6898.2    2358.49    2383.41   0.410396   -154.856    42.6895    2062.71     2273.3    2.84734    1.33009      0.016    6.19414    3.85179    3.61193    3.78658
      3600  0.0382467        1.4    614.246    264.834    31.5355     3920.7    2999.65    6920.35     2358.3    2382.97   0.409817   -155.845    42.6895    2062.62       2273    2.84787   -1.63059      0.016    5.40088    3.85683    3.61782    3.79373
      3500  0.0455579        1.4    618.078    265.076    27.3433     3933.7    3009.57    6943.28    2358.05    2382.44   0.409249   -156.947    42.6895    2062.48    2272.66    2.84843   -5.17406      0.016    5.40675    3.86193    3.62355    3.40068
      3400  0.0397866        1.4    622.628    265.312    22.8949    3942.74    3018.26       6961     2358.2    2382.49   0.408676   -158.348    42.6895    2062.39    2272.37    2.84891   -8.98261      0.016    5.41227    3.86736    3.62898     3.4056
      3300  0.0403578        1.4    626.608    265.542    18.2037    3943.04    3027.07     6970.1    2358.01    2382.06   0.408119   -159.766    42.6895    2062.32    2272.11    2.84939   -13.0115      0.016    5.41751      3.873    3.63375    3.40899
      3200   0.040959        1.4    630.644    265.767    13.8508       3944       3036       6980    2357.88    2381.72   0.407585   -161.347    42.6895    2062.22    2271.82    2.84987   -16.8726      0.016    5.42254    3.87872      3.638    3.41169
      3100  0.0397178        1.4    634.739    265.986    10.8122    3944.64    3044.67     6989.3     2357.8    2381.46   0.407064   -163.015    42.6895    2062.13    2271.55    2.85033   -19.6568      0.016    5.42738    3.88441    3.64188    3.41397
      3000  0.0385027        1.4    638.709    266.199    8.24976       3947    3053.07    7000.07    2357.66    2381.13   0.406558   -164.677    42.6895    2062.05     2271.3    2.85077   -22.0425      0.016    5.43205    3.89003    3.64551    3.41601
      2900  0.0417621        1.4    642.563    266.406    6.02874    3949.78    3062.16    7011.94    2357.48    2380.76    0.40607   -166.319    42.6895    2061.96    2271.03    2.85121   -24.1433      0.016    5.43656    3.89553    3.64897    3.41795
      2800  0.0399081        1.4    646.737    266.607    4.04452    3952.91    3070.85    7023.76    2357.51    2380.66    0.40559   -168.013    42.6895    2061.89     2270.8    2.85161   -26.0433      0.016    5.44092     3.9009    3.65233    3.41996
      2700  0.0558422        1.4    650.744    266.801    2.06202     3956.8    3082.95    7039.75    2357.43    2380.44   0.405122   -169.649    42.6895    2061.85    2270.61    2.85198   -27.9108      0.016    5.44512    3.90613    3.65573    3.42251
      2600    0.03164        1.4    656.304    266.984  -0.271607     3969.9    3089.87    7059.77     2358.2    2381.38   0.404649   -171.568    42.6895    2061.94    2270.57    2.85218   -30.0725      0.016    5.44918    3.91123    3.65921    3.42508
      2500  0.0494865        1.4    659.486    267.165   -2.68155    3970.66     3100.6    7071.26    2357.55    2380.35   0.404217   -172.996    42.6895    2061.98    2270.48    2.85249   -32.2984      0.016    5.45304    3.91619    3.66268    3.42803
      2400  0.0472824        1.4    664.432    267.343   -5.12867    3971.82    3110.86    7082.68    2357.98    2380.82   0.403795   -174.819    42.6895    2061.95    2270.31    2.85279   -34.5608      0.016    5.45677    3.92101     3.6663    3.43127
      2300  0.0443927        1.4    669.158    267.513    -7.6082     3972.7     3120.5     7093.2     2358.2       2381   0.403366   -176.582    42.6895    2062.05    2270.29    2.85299   -36.8544      0.016    5.46037    3.92572    3.66995    3.43443
      2200  0.0415054        1.4    673.594    267.681   -9.94766    3980.15    3129.52    7109.67    2358.23    2380.92   0.402959   -178.292    42.6895    2062.11    2270.24    2.85321   -39.0579      0.016    5.46384     3.9303    3.67358     3.4377
      2100  0.0411868        1.4    677.744    267.848    -11.874    3980.51    3138.47    7118.98    2358.11    2380.63   0.402567   -179.946    42.6895    2062.12    2270.12    2.85349   -40.9159      0.016     5.4672    3.93476    3.67726    3.44119
      2000  0.0408728        1.4    681.863    268.014   -13.6273    3981.04    3147.35    7128.39       2358    2380.35    0.40218   -181.587    42.6896    2062.08    2269.96    2.85379   -42.6237      0.016    5.47048    3.93911    3.68101     3.4449
      1900  0.0430559        1.4    685.952    268.179   -15.2489    3982.41    3156.71    7139.12    2357.89    2380.08    0.40179   -183.209    42.6896    2062.04    2269.78    2.85409   -44.2168      0.016    5.47371    3.94338    3.68484    3.44875
      1800  0.0429175        1.4    690.257    268.343   -16.7719    3982.81    3166.03    7148.84    2357.92    2379.99   0.401395   -184.849    42.6896    2062.01    2269.62    2.85436   -45.7228      0.016     5.4769    3.94757    3.68874    3.45266
      1700  0.0466463        1.4    694.553    268.504   -18.3111     3983.7    3176.15    7159.85    2357.93    2379.89   0.400998   -186.455    42.6896       2062     2269.5    2.85461   -47.2225      0.016    5.48006     3.9517    3.69265    3.45657
      1600  0.0536602        1.4    699.225    268.662   -20.0437    3985.63    3187.78    7173.41    2358.14    2380.07   0.400601   -188.108    42.6896    2062.03    2269.41    2.85481   -48.8803      0.016    5.48318    3.95577    3.69656    3.46039
      1500  0.0448449        1.4    704.582    268.814   -21.8418    3988.02    3197.51    7185.53    2358.67    2380.69   0.400199   -189.856    42.6896    2062.16    2269.45    2.85492   -50.5947      0.016    5.48623    3.95979    3.70036    3.46392
      1400  0.0366844        1.4    709.058    268.963   -23.6736    3989.95     3205.5    7195.45    2358.64    2380.52   0.399819   -191.396    42.6896    2062.29    2269.48    2.85505    -52.335      0.016    5.48919    3.96377    3.70403    3.46736
      1300  0.0396104        1.4    712.729    269.117   -25.5132    3995.68    3214.12     7209.8     2358.2    2379.78   0.399468   -192.794    42.6896    2062.26    2269.33    2.85534   -54.0773      0.016    5.49207    3.96782    3.70769    3.47114
      1200  0.0424972        1.4    716.693    269.274    -27.079     4013.2    3223.36    7236.55    2358.01    2379.39   0.399112   -194.276    42.6896    2062.15    2269.09    2.85566   -55.6324      0.016    5.49494     3.9719    3.71146    3.47518
      1100  0.0450175        1.4    720.946     269.43   -27.8993    4027.67    3233.14     7260.8       2358    2379.26   0.398737   -195.785    42.6896    2062.09     2268.9    2.85593   -56.5617      0.016    5.49783    3.97601    3.71532    3.47925
      1000  0.0468904        1.4    725.449    269.584   -28.3966    4040.06    3243.32    7283.38    2358.12    2379.32    0.39835   -197.271    42.6896    2062.09    2268.78    2.85615   -57.2092      0.016    5.50073    3.98013     3.7192    3.48321
       900  0.0456542        1.4    730.137    269.734   -28.5448    4052.91    3253.23    7306.14    2358.31    2379.47   0.397962   -198.699    42.6896    2062.14    2268.73    2.85631   -57.5628      0.016    5.50362    3.98424    3.72303    3.48701
       800  0.0620308        1.4    734.719    269.883   -28.4281    4067.06    3266.67    7333.72    2358.42     2379.5   0.397583   -200.002    42.6896     2062.2    2268.69    2.85648    -57.677      0.016    5.50647    3.98832    3.72679    3.49071
       700  0.0648723        1.4    740.925    270.025    -28.017    4079.05    3280.71    7359.76    2359.37    2380.72   0.397193   -201.491    42.6896    2062.39    2268.81    2.85648   -57.5506      0.016    5.50928    3.99236    3.73041    3.49394
       600  0.0508412        1.4    747.398    270.157   -27.1544    4101.01    3291.73    7392.73    2360.29    2381.87    0.39681   -202.843    42.6896    2062.76    2269.14    2.85634   -57.0348      0.016    5.51197    3.99632    3.73371    3.49651
       500  0.0477292        1.4    752.479    270.288   -25.9941    4123.51    3302.08    7425.59    2360.33    2381.78   0.396477   -203.761    42.6896    2063.04    2269.37    2.85632   -56.2474      0.016     5.5145    3.60017     3.7367    3.49899
       400  0.0567837        1.4    757.261    270.424   -24.5115    4158.47    3314.39    7472.86    2360.23    2381.51   0.396177   -204.512    42.6896    2063.14    2269.38    2.85645   -55.1721      0.016    5.51689    3.60281     3.7396    3.50177
       300  0.0328931        1.4    762.915    270.557   -22.7838    4182.79    3321.56    7504.35    2360.63    2381.93   0.395862   -205.303    42.6896    2063.24    2269.39    2.85653    -53.869      0.016    5.51922    3.60451    3.74247    3.50453
       200   0.030189        1.4    766.202    270.693   -20.5491    4213.94    3328.16     7542.1     2359.7    2380.51   0.395564   -205.517    42.6896    2063.21    2269.26    2.85679   -52.1567      0.016    5.52147    3.60584     3.7453     3.5077
       100  0.0488935        1.4     769.24    270.838   -17.3949    4230.26    3338.77    7569.04    2358.84    2379.19   0.395269     -205.6    42.6896    2062.93    2268.83    2.85724   -49.6444      0.016    5.52371    3.60701    3.74835    3.51163
         0  0.0482721        1.4    774.128    270.978   -13.7713    4233.61    3349.25    7582.86    2359.11    2379.48   0.394915   -205.885    42.6896    2062.77    2268.54    2.85751   -46.7093      0.016    5.52603    3.60812    3.75162    3.51553