     20000          0        1.2          0    179.437     354.04    78.9895    14.2831    93.2726    2343.43    2426.93   0.785391     6.5598    39.9574    2049.96     2345.7    2.72671    271.433      0.016    5.73044    4.59858    4.35318    4.39114
     19900          0        1.2          0    179.437     353.13    151.419    29.7361    181.156    2343.43    2426.93   0.785563    6.43382    39.9574    2049.96     2345.7    2.72686    270.633      0.016    5.73044    4.59858    4.35318    4.39114
     19800          0        1.2          0    179.437    352.506    228.894    46.3592    275.253    2343.43    2426.93   0.785735    6.30822    39.9574    2049.96     2345.7    2.72701    270.044      0.016    5.73044    4.59858    4.35318    4.39114
     19700          0        1.2          0    179.437    352.255    299.319    60.5222    359.841    2343.43    2426.93   0.785907    6.19879    39.9574    2049.96     2345.7    2.72716    269.745      0.016    5.73044    4.59858    4.35318    4.39114
     19600          0        1.2          0    179.437     352.29    351.209    72.5053    423.714    2343.43    2426.93   0.786079    6.12087    39.9574    2049.96     2345.7    2.72731    269.689      0.016    5.73044    4.59858    4.35318    4.39114
     19500          0        1.2          0    179.437    350.597    414.692    82.0183     496.71    2343.43    2426.93   0.786251    6.05158    39.9574    2049.96     2345.7    2.72746    268.519      0.016    5.73044    4.59858    4.35318    4.39114
     19400          0        1.2          0    179.437    347.879    487.353    94.1014    581.454    2343.43    2426.93   0.786423    5.90477    39.9574    2049.96     2345.7    2.72761    266.477      0.016    5.73044    4.59858    4.35318    4.39114
     19300          0        1.2          0    179.437    345.374    558.279    106.214    664.494    2343.43    2426.93   0.786595    5.65656    39.9574    2049.96     2345.7    2.72775    264.481      0.016    5.73044    4.59858    4.35318    4.39114
     19200          0        1.2          0    179.437    342.873    620.606    118.358    738.963    2343.43    2426.93   0.786767    5.32496    39.9574    2049.96     2345.7     2.7279    262.498      0.016    5.73044    4.59858    4.35318    4.39114
     19100          0        1.2          0    179.437     342.02    681.386    130.011    811.397    2343.43    2426.93   0.786938    4.94128    39.9574    2049.96     2345.7    2.72805    261.588      0.016    5.73044    4.59858    4.35318    4.39114
     19000          0        1.2          0    179.437    342.156     741.53    142.474    884.004    2343.43    2426.93    0.78711    4.58749    39.9574    2049.96     2345.7     2.7282    261.511      0.016    5.73044    4.59858    4.35318    4.39114
     18900          0        1.2          0    179.437    340.553    800.577    155.747    956.323    2343.43    2426.93   0.787281    4.26219    39.9574    2049.96     2345.7    2.72835     260.36      0.016    5.73044    4.59858    4.35318    4.39114
     18800          0        1.2          0    179.437    337.986    870.831     166.28    1037.11    2343.43    2426.93   0.787452    3.87637    39.9574    2049.96     2345.7     2.7285    258.368      0.016    5.73044    4.59858    4.35318    4.39114
     18700          0        1.2          0    179.437     336.21    952.601    178.113    1130.71    2343.43    2426.93   0.787624    3.41716    39.9574    2049.96     2345.7    2.72864    256.824      0.016    5.73044    4.59858    4.35318    4.39114
     18600          0        1.2          0    179.437    334.818    1047.59    192.576    1240.17    2343.43    2426.93   0.787795    2.92873    39.9574    2049.96     2345.7    2.72879    255.619      0.016    5.73044    4.59858    4.35318    4.39114
     18500          0        1.2          0    179.437    333.482    1150.05    201.259    1351.31    2343.43    2426.93   0.787966    2.42444    39.9574    2049.96     2345.7    2.72894    254.469      0.016    5.73044    4.59858    4.35318    4.39114
     18400          0        1.2          0    179.437    332.205    1219.19    209.492    1428.69    2343.43    2426.93   0.788137     1.9065    39.9574    2049.96     2345.7    2.72909    253.357      0.016    5.73044    4.59858    4.35318    4.39114
     18300          0        1.2          0    179.437    329.228     1275.7    218.075    1493.77    2343.43    2426.93   0.788308    1.34924    39.9574    2049.96     2345.7    2.72924    251.114      0.016    5.73044    4.59858    4.35318    4.39114
     18200          0        1.2          0    179.437      325.2     1360.8    226.658    1587.45    2343.43    2426.93   0.788478   0.672723    39.9574    2049.96     2345.7    2.72938     247.97      0.016    5.73044    4.59858    4.35318    4.39114
     18100          0        1.2          0    179.437    321.768    1469.79    234.714     1704.5    2343.43    2426.93   0.788649  -0.137283    39.9574    2049.96     2345.7    2.72953     245.11      0.016    5.73044    4.59858    4.35318    4.39114
     18000          0        1.2          0    179.437    318.559    1574.09    243.331    1817.42    2343.43    2426.93    0.78882   -1.04056    39.9574    2049.96     2345.7    2.72968    242.443      0.016    5.73044    4.59858    4.35318    4.39114
     17900          0        1.2          0    179.437     317.64    1670.99    253.364    1924.35    2343.43    2426.93    0.78899   -1.98653    39.9574    2049.96     2345.7    2.72983    241.293      0.016    5.73044    4.59858    4.35318    4.39114
     17800          0        1.2          0    179.437    318.134       1766    264.257    2030.25    2343.43    2426.93   0.789161   -2.86227    39.9574    2049.96     2345.7    2.72997    241.331      0.016    5.73044    4.59858    4.35318    4.39114
     17700          0        1.2          0    179.437    316.312    1860.47     274.54    2135.01    2343.43    2426.93   0.789331   -3.66765    39.9574    2049.96     2345.7    2.73012    239.957      0.016    5.73044    4.59858    4.35318    4.39114
     17600          0        1.2          0    179.437    313.229    1943.92    288.828    2232.75    2343.43    2426.93   0.789502   -4.52282    39.9574    2049.96     2345.7    2.73027    237.487      0.016    5.73044    4.59858    4.35318    4.39114
     17500          0        1.2          0    179.437    313.298    2011.35    302.776    2314.12    2343.43    2426.93   0.789672   -5.41147    39.9574    2049.96     2345.7    2.73042    237.026      0.016    5.73044    4.59858    4.35318    4.39114
     17400          0        1.2          0    182.115    344.137    2042.72    312.444    2355.16    2337.81    2427.24   0.817182   -7.03503    39.0482    2090.19    2390.75    2.64272    282.715      0.016     5.7211    4.59193     4.3525    4.39344
     17300          0        1.2          0    182.934    353.815    2073.54    322.233    2395.78    2333.75    2428.42   0.848489   -7.23612    38.2531    2099.33    2400.72    2.62299    291.111      0.016    5.71793    4.58375    4.34297    4.38361
     17200          0        1.2          0     183.39    359.881    2096.59    335.928    2432.52    2330.58    2429.87   0.876868   -7.02974    37.5586    2103.93     2405.7    2.61341    296.236      0.016    5.72125    4.57463    4.32783    4.36492
     17100          0        1.2          0    183.841    363.835    2099.91    350.717    2450.63    2328.02    2431.38   0.901834   -6.64495    36.9519    2107.52    2409.45    2.60581    299.608      0.016    5.72871    4.56346    4.30774    4.33998
     17000          0        1.2          0    184.395    366.328    2106.32    368.422    2474.74    2325.94    2432.88   0.923629   -6.19849     36.422    2110.68    2412.53    2.59894    301.804      0.016    5.73799    4.54879    4.28324    4.31057
     16900          0        1.2          0    185.076    363.157    2119.69    386.971    2506.66    2324.24    2434.34   0.942573   -5.83044    35.9588    2113.56     2415.1    2.59263    299.792      0.016    5.74731    4.52873    4.25519    4.27796
     16800          0        1.2          0    185.879     356.08    2132.94    406.282    2539.22    2322.88    2435.75    0.95898   -5.80695    35.5537    2116.22    2417.24    2.58687     294.26      0.016    5.75543    4.50524    4.22418    4.24311
     16700          0        1.2          0    186.789    347.713    2143.96    427.383    2571.34     2321.8    2437.11    0.97314   -6.22983     35.199     2118.7    2419.03    2.58162    287.424      0.016    5.76158    4.47861     4.5905    4.20736
     16600          0        1.2          0    187.792    338.163    2156.83     452.74    2609.57    2320.95    2438.38   0.985304   -7.09448    34.8882    2121.04    2420.52    2.57681    279.594      0.016    5.76538    4.44944    4.55473    4.57412
     16500          0        1.2          0    188.875    339.172    2164.82    472.218    2637.03     2320.3    2439.58   0.995708   -8.20911    34.6155    2123.26    2421.76     2.5724    279.344      0.016     5.7667    4.41878     4.5183    4.53859
     16400  0.0650992        1.2  0.0650992    190.027     347.24    2171.37    496.159    2667.52    2319.86    2440.75    1.00457   -8.99678     34.376    2125.37    2422.79    2.56833    285.676      0.016    5.76561    4.78854    4.48125    4.50183
     16300   0.112242        1.2    6.62217    191.236    352.213    2187.88    517.439    2705.32    2323.07    2446.06    1.01206   -10.7624    34.1655    2127.46    2423.73    2.56429    290.396      0.016    5.76229    4.75451    4.44417    4.46379
     16200  0.0766722        1.2    17.8108    192.496    355.554    2209.51    544.388     2753.9    2328.31    2453.58    1.01837   -12.9945    33.9801    2129.69    2424.79    2.56003    293.461      0.016    5.75691    4.71878    4.40667    4.42412
     16100  0.0112837        1.2    25.4127    193.795    347.165    2227.54     574.33    2801.87    2330.86     2457.7    1.02367   -13.9511    33.8167     2132.1    2426.01    2.55582    287.826      0.016    5.74963    4.68199    4.76752     4.7872
     16000          0        1.2    26.5297    195.127    330.881    2235.66    602.907    2838.57     2329.7    2457.19    1.02811    -13.869    33.6725    2134.46    2427.16    2.55209    274.888      0.016    5.74064    4.64493    4.72891    4.75133
     15900          0        1.2    26.5297    196.486    322.612    2238.96    630.274    2869.23    2328.35    2456.29    1.03176   -14.3747    33.5449    2136.61    2428.02    2.54881    267.135      0.016    5.73016    4.60922     4.6912    4.71609
     15800  0.0248728        1.2    26.5546    197.867    319.176     2245.4    654.767    2900.16    2327.37    2455.72    1.03465   -15.2193     33.432    2138.56    2428.62    2.54572    264.041      0.016    5.71845    4.97414    4.65498    4.68179
     15700  0.0356241        1.2    29.0526    199.266    316.924    2252.62    679.011    2931.63    2327.98    2456.93    1.03686    -16.713    33.3317    2140.37    2429.06     2.5426    262.143      0.016    5.70578    4.93803     4.6202    4.64832
     15600  0.0403253        1.2    32.6198    200.681    315.698    2261.36     701.09    2962.45    2329.13     2458.7    1.03847   -18.3392    33.2426    2142.17    2429.47    2.53936    261.082      0.016    5.69258    4.90174    4.98589    4.61557
     15500  0.0383559        1.2    36.6503    202.105    313.713    2270.13    722.515    2992.65    2330.42    2460.56    1.03957   -19.8971    33.1631    2143.97     2429.9    2.53602    259.583      0.016    5.67917    4.86595    4.95197    4.98776
     15400  0.0771264        1.2    40.5247    203.537    311.338    2283.83    742.983    3026.81    2331.52    2462.08    1.04022    -21.298    33.0921    2145.79    2430.35    2.53262    257.689      0.016    5.66564    4.83108     4.9199    4.95987
     15300   0.132186        1.2    48.2924    204.975    310.527    2305.68    765.324       3071    2334.64    2465.97    1.04049   -23.4632    33.0283    2147.65    2430.84    2.52903    256.944      0.016    5.65209    5.19945     4.8889    4.93127
     15200   0.174116        1.2    61.5529    206.417    310.719    2328.51    786.981    3115.49    2340.31    2472.87     1.0404   -26.4924    32.9709    2149.66    2431.53    2.52503    257.144      0.016    5.63865    5.16763    4.85885    4.90164
     15100   0.251637        1.2     79.042    207.861    317.141     2360.3    807.893    3168.19    2347.47    2481.49    1.04005   -29.7619     32.919    2151.93    2432.56    2.52055    262.093      0.016    5.62536    5.13591    4.82919    4.87084
     15000   0.319976        1.2    104.274    209.305    327.844    2406.09    827.891    3233.98    2357.84    2493.92    1.03948   -33.6313    32.8718    2154.55    2434.01     2.5155    271.031      0.016     5.6122    5.10458    5.19941    4.83843
     14900   0.375383        1.2    136.327    210.745    336.029    2462.58    845.793    3308.37    2370.45       2509    1.03875   -37.5975    32.8288    2157.64    2436.04    2.50978    278.488      0.016    5.59911    5.07374    5.16755    4.80491
     14800   0.355382        1.2    173.845    212.179    342.834    2530.35    862.893    3393.25    2384.28    2525.51    1.03791   -41.4241    32.7892    2161.24     2438.7    2.50346    284.576      0.016    5.58601    5.04338    5.13557     5.1722
     14700          0        1.2    209.028    213.549     333.96    2591.31    878.339    3469.65    2395.01    2538.27    1.03703   -43.7401    32.7525    2165.22     2441.9    2.49739    278.803      0.016    5.57285     5.0144    5.10328    5.13659
     14600          0        1.2    209.028    206.081    265.689    2611.96    908.098    3520.06     2389.1    2524.05    1.00352   -39.3031    33.7363    2140.05    2420.64    2.65013    199.605      0.016    6.43037    5.16753    4.82207    5.13871
     14500          0        1.2    209.028    203.852     239.05    2616.46    943.593    3560.05    2384.93    2512.62   0.969834   -40.3392    34.6823    2131.51    2413.07    2.67392    174.305      0.016    6.62635    4.97039    4.94679    5.19591
     14400          0        1.2    209.028    203.986    222.594    2619.46    980.961    3600.42    2382.27    2503.25   0.935123   -43.2814    35.5885    2125.37    2405.54    2.68391    159.519      0.016      6.501    4.68858    4.60697    4.86241
     14300          0        1.2    209.028     204.93    208.357    2625.39    1015.18    3640.57    2380.73    2495.36   0.899355   -46.7451    36.4418    2120.25    2398.29    2.69268    147.767      0.016      6.501    4.73554    4.61718    4.92563
     14200          0        1.2    209.028    206.098     196.19    2638.05    1047.64    3685.69    2379.93    2488.58   0.863573   -50.2262    37.2291    2115.79    2391.55    2.70089    137.886      0.016      6.501    4.73789    4.61281    4.97917
     14100          0        1.2    209.028    207.299     189.64    2651.29    1078.67    3729.96    2379.58    2482.63   0.828838   -53.4368    37.9427    2111.82    2385.39    2.70841    132.215      0.016      6.501    4.71697    4.60769    4.61907
     14000          0        1.2    209.028    208.477    186.605    2673.78    1107.18    3780.96    2379.48    2477.36   0.795952    -56.132    38.5803    2108.27    2379.78    2.71527    129.587      0.016      6.501    4.68747    4.60363    4.64536
     13900          0        1.2    209.028    209.618     181.56    2701.54    1138.13    3839.67    2379.49    2472.64   0.765384   -58.3376    39.1438    2105.09    2374.67    2.72154    125.871      0.016      6.501    4.65782    4.60255    4.67062
     13800          0        1.2    209.028     210.72    175.645    2720.59    1165.92    3886.52    2379.52    2468.33   0.737354   -60.2813    39.6376    2102.23       2370    2.72734    121.315      0.016      6.501    4.63232    4.60482    4.69548
     13700          0        1.2    209.028    211.786    171.326    2755.59    1195.49    3951.08    2379.49    2464.36   0.711916   -62.0531    40.0676    2099.64    2365.71    2.73276    117.818      0.016      6.501    4.61394     4.6101    4.72039
     13600          0        1.2    209.028    212.822    167.895    2783.36    1223.87    4007.23    2379.38    2460.67   0.689002   -63.6461    40.4403    2097.28    2361.75    2.73786    115.092      0.016      6.501    4.60787    4.61806    4.74557
     13500          0        1.2    209.028    213.835    171.125    2811.48    1245.87    4057.34    2379.17    2457.21   0.668476   -64.9814    40.7621    2095.12    2358.05    2.74271    117.077      0.016      6.501    4.60784    4.62845    4.77115
     13400          0        1.2    209.028    214.825    178.388    2838.19    1270.08    4108.27    2378.86    2453.94   0.650158   -65.7892    41.0391    2093.12    2354.58    2.74738    122.592      0.016      6.501     4.6107    4.64257    4.79735
     13300          0        1.2    209.028    215.793    175.345    2865.58    1291.15    4156.72    2378.46    2450.84   0.633859   -66.2072     41.277    2091.25     2351.3    2.75189    121.239      0.016      6.501    4.61541    4.66072    4.41798
     13200          0        1.2    209.028    219.305    196.303    2875.62    1311.76    4187.38    2370.85    2448.23   0.670236   -66.6241    40.2965    2127.44    2390.42    2.64198     154.63      0.016    6.64657    4.61471     4.6863    4.43284
     13100  0.0127543        1.2    209.041    221.525    202.995    2879.58     1326.1    4205.68    2364.67    2446.63   0.707556   -65.9869    39.3976    2136.33    2398.64    2.61334    161.133      0.016    6.30134    4.61043    4.70279     4.4414
     13000          0        1.2    210.304    223.323    208.928    2891.52    1341.26    4232.79    2360.09    2446.27    0.74129    -65.239    38.5929    2140.69    2401.93    2.59849    167.034      0.016    6.50771    4.99559    4.70438    4.44219
     12900  0.0629318        1.2    210.366    224.776    215.276    2894.79    1355.19    4249.98    2355.49    2445.23   0.771086   -64.0057    37.8817    2143.67    2403.96    2.58771    172.999      0.016    5.87367     4.9715    4.69619     4.4352
     12800  0.0903204        1.2    216.687    225.889    221.662    2906.31    1370.18    4276.49    2354.92    2448.46    0.79731   -64.0032    37.2566    2145.93    2405.48    2.57932    178.952      0.016    6.00366    4.94321    4.68276    4.42116
     12700  0.0360454        1.2    225.665    226.892    223.879    2912.46     1385.9    4298.36    2355.74    2452.87   0.820426   -64.3148     36.708    2148.01    2406.92    2.57127    181.612      0.016    6.10916    4.91394    4.66582    4.40362
     12600          0        1.2    229.233    227.994    223.183    2925.07    1403.05    4328.13    2353.46    2453.11   0.840653   -63.4137     36.226    2150.17    2408.36     2.5628    181.514      0.016    6.19454    4.88317    4.64564    4.78475
     12500          0        1.2    229.233    229.146    223.048    2935.16    1420.89    4356.05    2349.67    2451.16   0.858295   -62.0649    35.8017    2152.21    2409.61    2.55493     181.58      0.016    5.45782    4.85206    4.62472    4.76253
     12400          0        1.2    229.233    230.333    223.049    2947.34    1436.66       4384    2346.53    2449.65    0.87363   -61.1089    35.4274    2154.06    2410.61    2.54757    181.823      0.016    5.50662    4.82335    4.60417    4.73899
     12300          0        1.2    229.233    231.551    221.723    2948.54     1451.9    4400.44    2343.88    2448.43   0.886919   -60.4982    35.0963    2155.77     2411.4    2.54052    180.997      0.016     5.5442    5.19701    4.98227    4.71492
     12200   0.082656        1.2    229.316    232.796    219.407    2961.81     1468.4    4430.21    2341.67     2447.5   0.898409   -60.2617    34.8029    2157.38    2412.07     2.5337    179.225      0.016    5.57281    5.17075    4.95878    4.69045
     12100   0.148606        1.2    237.647    234.064    218.546    2984.05    1486.78    4470.83    2344.24    2452.09   0.908313   -62.0888    34.5423    2159.01    2412.75    2.52673    178.446      0.016    5.59419    5.14496    4.93455    4.66465
     12000    0.21347        1.2    252.573     235.35    218.506    3015.03    1501.53    4516.56    2349.91    2460.18   0.916851   -65.1071    34.3104    2160.91    2413.74    2.51931    178.437      0.016    5.60965    5.11965     4.9093    4.63653
     11900   0.249758        1.2    273.956    236.651    219.299    3050.74    1519.43    4570.17    2358.16    2471.22   0.924236   -68.9806    34.1037    2163.22     2415.2     2.5114    179.081      0.016    5.62022    5.09467    4.88361    4.60679
     11800   0.337708        1.2     299.02    237.969    220.675    3092.31     1536.5    4628.81    2367.19    2483.02   0.930636   -72.8872    33.9194    2165.98    2417.19    2.50311    180.237      0.016    5.62672    5.06989    4.85866    4.97884
     11700   0.122165        1.2    332.575    239.305    229.499    3146.06    1553.78    4699.84    2379.56    2498.67   0.936174   -77.6466    33.7547     2169.2     2419.7    2.49434    187.179      0.016    5.62978    5.04524    4.83333    4.94695
     11600  0.0753526        1.2    344.745    227.341    203.979    3180.92     1583.8    4764.73     2382.8    2496.18   0.906861    -76.709    34.6333    2137.12    2393.71    2.67102     146.21      0.016     5.8547    4.80623    4.95382    4.94536
     11500  0.0137997        1.2    352.219    223.298    186.073    3207.56    1626.27    4833.83    2383.19    2491.16   0.876448   -77.5142    35.4829    2129.84    2389.26    2.69409    130.451      0.016    6.32245    4.61815    4.68414    4.99746
     11400   0.018493        1.2    353.603    222.727    162.252    3222.86     1671.5    4894.36    2380.93    2483.25   0.845445   -78.7779    36.2999    2124.88    2383.98    2.70128    110.823      0.016    6.74152     4.7465    4.74542    4.65788
     11300  0.0206002        1.2    355.455    223.409    150.959    3231.71    1713.57    4945.28    2379.99    2477.04   0.813411   -81.2854    37.0709    2120.52     2378.1     2.7078    100.342      0.016    6.63591     4.4069    4.76326    4.71627
     11200          0        1.2    357.494    224.492    146.595    3235.67    1753.92    4989.59    2379.77    2471.83   0.781097    -83.865    37.7829    2116.73    2372.48    2.71426    96.3075      0.016    6.57905    4.41237    4.76261    4.76626
     11100          0        1.2    357.494    225.667    138.756    3252.11    1793.16    5045.26    2378.81    2465.94   0.749579   -85.7784    38.4281    2113.24    2367.13    2.72048    90.3712      0.016     6.5524    4.40023    4.75696    4.40662
     11000          0        1.2    357.494    226.844    129.307     3277.4    1831.11    5108.51    2378.25    2460.81   0.719637    -87.737    39.0042    2109.94    2362.03    2.72632    82.9086      0.016    6.54519    4.78196    4.75104    4.42984
     10900          0        1.2    357.494    227.995     123.88    3293.39    1870.72    5164.11     2377.9    2456.28   0.691716   -89.7198    39.5127    2106.96    2357.34    2.73171     78.212      0.016    6.55075    4.76048    4.74691    4.44985
     10800          0        1.2    357.494     229.11    120.713    3297.76    1907.16    5204.92    2377.64     2452.2   0.666055   -91.5446    39.9577    2104.28    2353.05    2.73669    75.5147      0.016    6.56471    4.74081    4.74679    4.46943
     10700          0        1.2    357.494     230.19    116.635    3303.78    1943.19    5246.97    2377.41    2448.49   0.642735    -93.207    40.3448    2101.85    2349.12    2.74133    72.3035      0.016    6.58419    4.72537    4.75115    4.48942
     10600          0        1.2    357.494     231.24    112.164    3314.04    1978.85    5292.89    2377.15    2445.06   0.621716   -94.8114    40.6796    2099.65    2345.48    2.74569     68.688      0.016     6.6073    4.71509    4.75977    4.51041
     10500          0        1.2    357.494    232.264    109.446    3324.55    2014.09    5338.64    2376.83    2441.86   0.602883   -96.3741    40.9683    2097.62     2342.1    2.74983    66.2971      0.016    6.63281    4.71012    4.77225    4.53277
     10400          0        1.2    357.494    233.264    107.749    3335.69    2047.02    5382.72    2376.44    2438.84   0.586076    -97.834    41.2164    2095.75    2338.92    2.75378    64.8037      0.016    6.65988    4.71018    4.78814    4.55666
     10300          0        1.2    357.494    234.245    106.646    3340.24    2077.68    5417.92    2375.98    2435.98   0.571115   -99.1798    41.4292    2093.99    2335.91    2.75759    63.8061      0.016    6.68798    4.71482    4.40622    4.58211
     10200          0        1.2    357.494    235.207     105.46    3345.66    2108.17    5453.83    2375.45    2433.24   0.557815   -100.415    41.6113    2092.35    2333.06    2.76127    62.8403      0.016    6.71673    4.72345    4.42187    4.20713
     10100          0        1.2    357.494    236.146    103.252    3367.22    2135.73    5502.94    2374.86    2430.65   0.546015   -101.604    41.7671    2090.81    2330.36    2.76484    61.0486      0.016    6.74577    4.73533    4.43593    4.22288
     10000          0        1.2    357.494    237.058    100.718     3382.2    2162.67    5544.87    2374.24     2428.2    0.53556   -102.797    41.9003    2089.36    2327.81    2.76827     58.977      0.016    6.77484    4.74981    4.45166    4.23886
      9900          0        1.2    357.494    237.947      98.01    3386.33    2189.02    5575.35    2373.58    2425.88   0.526284   -104.017     42.014    2088.01    2325.39    2.77159    56.7463      0.016     6.2035     4.7665    4.46986    4.25752
      9800          0        1.2    357.494    238.816    95.1665    3391.53    2213.95    5605.48    2372.89    2423.65   0.518035   -105.275    42.1111    2086.72    2323.07     2.7748    54.3929      0.016    6.22981    4.78512    4.49013    4.27839
      9700          0        1.2    357.494     239.67    92.2136    3393.48    2237.47    5630.95    2372.17    2421.49   0.510679   -106.577    42.1939    2085.49    2320.84    2.77794    51.9361      0.016    6.25557    4.40472    4.51212    4.30108
      9600          0        1.2    357.494    240.506    89.1734    3396.08    2259.59    5655.67    2371.41     2419.4   0.504096   -107.928    42.2647    2084.29    2318.67    2.78101    49.3938      0.016     6.2809     4.4184    4.53544     4.3253
      9500          0        1.2    357.494    241.319    86.0604    3397.83    2280.35    5678.17    2370.62    2417.35   0.498186   -109.329    42.3252    2083.13    2316.56      2.784    46.7768      0.016    6.30578    4.42917    4.55962    4.35071
      9400   0.107979        1.2    357.602    242.109    83.7135    3416.38    2303.44    5719.82    2369.87    2415.41   0.492859    -110.79    42.3768       2082    2314.52    2.78692     44.695      0.016    6.33014    4.44248     4.5844    4.37702
      9300  0.0976168        1.2     368.39    242.876    81.6398    3434.29    2324.36    5758.66    2374.74    2420.29   0.487904   -114.335     42.421    2081.69    2313.48    2.78904    42.8301      0.016    6.35403    4.45882    4.20841    4.00231
      9200  0.0935825        1.2    378.147    243.622    79.7334     3451.4    2344.44    5795.84    2377.95    2423.23   0.483407   -117.156    42.4588    2082.26    2313.49    2.79068    41.0794      0.016    6.37727    4.47723    4.22558     4.0179
      9100   0.082012        1.2    387.494    244.344    77.9874    3460.67     2362.1    5822.76    2380.29    2425.18   0.479498   -119.554    42.4911    2082.82     2313.5    2.79232    39.4619      0.016    6.39959    4.49676    4.23918    4.02879
      9000  0.0657159        1.2    395.679    245.043    76.3956    3468.01    2376.35    5844.37    2381.54    2425.89   0.476087   -121.483    42.5188    2083.18    2313.31    2.79402     37.979      0.016    6.42094    4.51679    4.25387    4.04076
      8900  0.0689096        1.2    402.254    245.726    74.9733    3486.21    2391.28    5877.49    2381.69    2425.32   0.473072   -122.965    42.5426    2083.23    2312.76    2.79585    36.6474      0.016    6.44141    4.53707    4.26952    4.05419
      8800  0.0650798        1.2    409.141    246.396    73.6725    3493.02    2405.41    5898.42    2381.95    2424.93   0.470332   -124.468    42.5629    2083.06    2311.98    2.79773    35.4275      0.016    6.46118    4.55747    4.28599    4.06895
      8700  0.0612926        1.2    415.645    247.056    72.4725     3493.6    2418.75    5912.36    2381.91    2424.21   0.467794   -125.839    42.5804    2082.82    2311.12    2.79959    34.2987      0.016    6.48041    4.57791    4.30313     4.0848
      8600  0.0588615        1.2    421.772    247.708    71.3644     3499.3    2431.59     5930.9    2381.62    2423.23   0.465425   -127.102    42.5954    2082.48    2310.16    2.80147    33.2548      0.016    6.49922    4.59836    4.32086    4.10163
      8500  0.0564912        1.2    427.656    248.353    70.3359    3499.87    2443.94    5943.81     2381.2    2422.11    0.46319   -128.296    42.6083    2082.07    2309.12    2.80336    32.2848      0.016    6.51771     4.2142    4.33909     4.1193
      8400  0.0563529        1.2    433.305    248.986    69.8178    3502.72    2456.25    5958.97    2380.67    2420.87   0.461067   -129.421    42.6195    2081.59    2308.02    2.80524    31.7018      0.016    6.53618    4.22494    4.35759    4.13768
      8300  0.0390316        1.2    438.923    249.604    69.6298    3511.35    2464.95     5976.3    2380.15    2419.66   0.459035   -130.498     42.629     2081.1    2306.91    2.80709    31.4164      0.016    6.55458    4.23464    4.37619    4.15656
      8200  0.0388815        1.2    442.826    250.209    69.6945    3515.59    2473.62    5989.21    2378.74    2417.41   0.457102   -131.188    42.6372    2080.48    2305.66      2.809    31.3558      0.016    6.57281    4.24659    4.39492    4.17602
      8100  0.0387638        1.2    446.714    250.808    69.9691    3522.96    2482.26    6005.22    2377.52    2415.39    0.45524   -131.885    42.6443    2079.72    2304.27    2.81093    31.4866      0.016    6.59087    4.26035    4.01193     4.1959
      8000  0.0372651        1.2    450.589      251.4    70.4075    3523.51    2490.58     6014.1    2376.43    2413.54    0.45342   -132.561    42.6505    2078.97    2302.89    2.81283    31.7674      0.016      5.808    4.27532    4.02571    3.81172
      7900  0.0358456        1.2    454.314     251.98    71.0591    3532.18     2498.6    6030.78    2375.39    2411.79   0.451665    -133.17    42.6557    2078.26    2301.57    2.81467    32.2319      0.016    5.82364    4.29096    4.03711    3.82128
      7800  0.0317506        1.2    457.894    252.545    71.8837    3538.58    2505.76    6044.34     2374.4    2410.13   0.449985   -133.702    42.6603    2077.59    2300.31    2.81644    32.8555      0.016    5.83862    4.30687    4.04855    3.83112
      7700  0.0324998        1.2     461.07    253.095    72.8718    3542.78    2513.06    6055.84    2373.32    2408.37   0.448375   -134.102    42.6642    2076.92    2299.08    2.81818    33.6274      0.016    5.85309    4.32286    4.06108    3.84243
      7600  0.0285179        1.2    464.316    253.632    74.0271    3549.13    2519.53    6068.66     2372.4    2406.84   0.446824   -134.468    42.6676    2076.28    2297.88    2.81987    34.5523      0.016    5.86716    4.33889    4.07444    3.85493
      7500  0.0246958        1.2    467.164     254.16    75.3237    3560.86     2525.2    6086.06    2371.37    2405.17   0.445326   -134.693    42.6706    2075.64    2296.69    2.82152      35.61      0.016    5.88091    4.35493    4.08845    3.86841
      7400   0.020907        1.2     469.63     254.68    75.6964    3575.88    2530.07    6105.95    2370.24    2403.42    0.44388    -134.81    42.6731    2074.97    2295.49    2.82317    36.0167      0.016    5.89441    4.37097    4.10298    3.88272
      7300  0.0267037        1.2    471.726    255.193    75.5495    3592.27    2536.15    6128.42    2369.05    2401.59   0.442475   -134.883    42.6753    2074.27    2294.25    2.82483    35.9632      0.016    5.90772      4.387    4.11797    3.89776
      7200  0.0325171        1.2    474.402    255.701    75.1168    3612.36    2543.45     6155.8    2368.31    2400.29   0.441094    -135.12    42.6772    2073.61    2293.05    2.82643     35.669      0.016     5.9209    4.00277    4.13335    3.91329
      7100  0.0268284        1.2    477.648    256.201    74.4782    3633.18    2549.55    6182.73    2367.91    2399.42   0.439733   -135.488    42.6788    2073.07    2292.01    2.82794    35.1966      0.016    5.93394    4.01408    4.14894    3.92906
      7000 0.00208864        1.2    480.306    256.691    73.6998    3646.37    2550.46    6196.83    2367.18    2398.15   0.438416   -135.743    42.6803    2072.56    2291.02    2.82942    34.6017      0.016    5.94677    4.02256     4.1645    3.94501
      6900 0.00224825        1.2    480.515    257.169    72.8647    3659.57    2551.39    6210.96    2365.21     2395.4   0.437171   -135.563    42.6815    2071.85    2289.81    2.83105    33.9598      0.016    5.95934       4.03    4.17999    3.96145
      6800  0.0229711        1.2    480.761    257.635    71.9745    3670.94    2556.65    6227.59    2363.55    2393.04   0.435958   -135.529    42.6826    2070.94    2288.37    2.83275    33.2717      0.016    5.97168    4.03758    4.19553     3.9784
      6700  0.0170349        1.2    483.052     258.09    71.0066    3681.86    2560.66    6242.53    2363.18    2392.22   0.434716   -135.995    42.6835     2070.2    2287.13    2.83426    32.5063      0.016    5.98383    4.04686    3.80969     3.9952
      6600 0.00208702        1.2    484.741    258.534     70.009     3693.5    2561.53    6255.03    2362.45    2390.98   0.433488   -136.334    42.6843    2069.64    2286.12    2.83566    31.7062      0.016    5.99578    4.05735    3.82124    3.60889
      6500 0.00818575        1.2    484.956    258.967    69.0031    3702.25    2563.66    6265.91       2361    2388.89   0.432338   -136.416     42.685    2068.99    2285.02    2.83712    30.8972      0.016    6.00748    4.06854    3.83084    3.61729
      6400 0.00672061        1.2    485.773    259.388    68.2822    3710.42    2565.47    6275.89    2360.08    2387.46   0.431243   -136.697    42.6856     2068.3    2283.88    2.83856    30.2921      0.016    6.01891    4.08008    3.83909    3.62427
      6300   0.013169        1.2    486.451    259.794    67.7253    3719.37    2568.63       6288    2359.18    2386.08   0.430182   -136.972    42.6861    2067.68    2282.84    2.83992    29.8301      0.016    6.03007    4.09174    3.84735    3.63219
      6200  0.0153777        1.2     487.77    260.188    67.2585     3736.3    2572.24    6308.55    2358.71    2385.23   0.429156   -137.385    42.6866    2067.16    2281.91    2.84118    29.4389      0.016    6.04094    4.10342    3.85658    3.64082
      6100  0.0176221        1.2     489.31    260.571    66.8707    3754.08    2576.32     6330.4    2358.38    2384.55   0.428166   -137.817     42.687    2066.74    2281.12    2.84235    29.1112      0.016    6.05154    4.11512     3.8664       3.65
      6000  0.0198956        1.2    491.075    260.946    66.5349    3760.96    2580.88    6341.83    2358.15    2384.01   0.427221   -138.261    42.6873    2066.39    2280.42    2.84346    28.8259      0.016    6.06189    4.12681     3.8766    3.65962
      5900 0.00962783        1.2    493.054    261.314     66.239    3769.77    2583.26    6353.03    2358.02    2383.58   0.426318   -138.708    42.6876    2066.09    2279.78    2.84451    28.5737      0.016    6.07201    4.13848    3.88703    3.66955
      5800   0.016456        1.2    494.024    261.678    65.9935     3784.8    2587.08    6371.88    2357.31    2382.46   0.425467   -138.921    42.6879    2065.75    2279.09    2.84561     28.367      0.016    6.08191    4.15011    3.89763    3.67987
      5700  0.0166633        1.2    495.669    262.036    65.7773    3790.07    2590.95    6381.02    2357.04    2381.87   0.424643   -139.275    42.6881    2065.37    2278.37     2.8467    28.1871      0.016    6.09164    4.16168     3.9084    3.69049
      5600  0.0161777        1.2    497.335    262.391    65.5853    3793.63    2594.71    6388.34    2356.76    2381.28   0.423834   -139.606    42.6883    2065.04    2277.71    2.84773    28.0279      0.016    6.10124    4.17318    3.91928    3.70127
      5500  0.0157066        1.2    498.953    262.741    65.4178    3807.12    2598.36    6405.49    2356.45    2380.65   0.423047   -139.904    42.6885    2064.72    2277.07    2.84876    27.8909      0.016    6.11071    4.18461    3.93022    3.71218
      5400  0.0141811        1.2    500.522    263.089     64.547    3819.95     2601.7    6421.65     2356.1    2379.98   0.422281   -140.187    42.6886     2064.4    2276.42    2.84978    27.2356      0.016    6.12033    4.19597    3.94121     3.7232
      5300  0.0126685        1.2    501.938    263.435    63.2527    3825.22    2604.72    6429.94    2355.69    2379.22   0.421532   -140.477    42.6887    2064.06    2275.76    2.85081    26.1985      0.016    6.13018    3.80618    3.95226    3.73435
      5200  0.0268807        1.2    503.219    263.779    61.7238    3842.79    2610.74    6453.53    2355.21     2378.4   0.420796   -140.799    42.6888     2063.7    2275.07    2.85184    24.9547      0.016    6.14013    3.81367    3.96335    3.74562
      5100  0.0224815        1.2    505.903    264.116    60.0198    3847.35    2615.82    6463.17    2355.51     2378.5   0.420054   -141.456    42.6889    2063.43     2274.5    2.85278    23.5507      0.016    6.15009       3.82    3.97436    3.75677
      5000  0.0181087        1.2    508.147    264.447    58.1728    3849.07    2619.97    6469.04    2355.45    2378.18   0.419327   -142.033     42.689    2063.26    2274.04    2.85366    22.0141      0.016    6.15996    3.82588    3.98518    3.76773
      4900  0.0231915        1.2    509.963    264.772    56.2471    3852.22     2625.2    6477.42    2355.13    2377.54   0.418633   -142.566    42.6891    2063.03    2273.52    2.85456    20.3992      0.016    6.16967    3.83162    3.99584    3.77867
      4800  0.0252343        1.2    512.284    265.092    54.2348    3853.26    2630.86    6484.12    2355.09    2377.24   0.417953   -143.259    42.6891    2062.79       2273    2.85545    18.7021      0.016    6.17923    3.83737    3.60574    3.78949
      4700  0.0273099        1.2     514.81    265.406    52.1529    3860.23    2636.95    6497.19    2355.11    2377.02   0.417279   -144.028    42.6892     2062.6    2272.54    2.85628    16.9323      0.016    6.18862    3.84316    3.61416    3.79984
      4600  0.0178913        1.2    517.531    265.712    50.0326    3862.09    2641.04    6503.13    2355.18    2376.87   0.416623   -144.866    42.6892    2062.46    2272.14    2.85707    15.1189      0.016    6.19781    3.84909    3.62172    3.40738
      4500  0.0132128        1.2    519.316    266.012    47.8728    3865.74    2644.13    6509.87    2354.71    2376.08   0.416007   -145.552    42.6893    2062.26    2271.69    2.85788    13.2643      0.016    5.40605    3.85573    3.62822     3.4124
      4400  0.0212923        1.2    520.645    266.303    46.0523    3870.03    2648.93    6518.96    2354.07    2375.09   0.415426    -146.22    42.6893    2061.97    2271.12    2.85875    11.6528      0.016    5.41351    3.86287    3.63392    3.41632
      4300  0.0218867        1.2    522.775    266.585    44.4059    3871.94    2653.84    6525.78    2353.94    2374.74   0.414852     -147.1    42.6894    2061.69    2270.58    2.85956    10.1925      0.016    5.42055    3.87025     3.6391    3.41965
      4200  0.0239357        1.2    524.965    266.857    42.8505    3878.33    2659.18    6537.51    2353.84    2374.42   0.414287   -147.999    42.6894     2061.5    2270.16    2.86028    8.80146      0.016    5.42724    3.87768    3.64408     3.4235
      4100  0.0203867        1.2    527.355    267.119    41.3683    3888.74    2663.77    6552.51    2353.83    2374.24   0.413741   -148.939    42.6894    2061.36     2269.8    2.86096    7.46764      0.016    5.43364    3.88508    3.64911    3.42786
      4000  0.0267325        1.2      529.4    267.373     39.936    3899.58    2669.69    6569.27    2353.62     2373.8   0.413222   -149.807    42.6894    2061.23    2269.45    2.86162    6.17346      0.016    5.43976    3.89239    3.65426     3.4326
      3900  0.0330993        1.2     532.08    267.619    38.5279    3913.21    2676.97    6590.18    2353.76     2373.8   0.412717   -150.808    42.6894    2061.11    2269.13    2.86224    4.89679      0.016    5.44565    3.89958    3.65954    3.43757
      3800  0.0251995        1.2    535.382    267.859    37.1266    3925.34    2682.56     6607.9    2354.18    2374.14   0.412221   -151.909    42.6895     2061.1    2268.94    2.86276    3.62126      0.016    5.45133    3.90666    3.66488    3.44256
      3700  0.0235295        1.2      537.9    268.093     35.165    3941.63     2687.8    6629.43    2354.08    2373.85   0.411757   -152.827    42.6895     2061.1    2268.75    2.86329    1.96664      0.016     5.4568     3.9136    3.67023    3.44766
      3600  0.0218777        1.2    540.252    268.322    31.6783    3955.56    2692.67    6648.23    2353.91    2373.47   0.411319   -153.796    42.6895    2061.01    2268.48    2.86386  -0.967262      0.016    5.46208    3.92039    3.67564    3.45295
      3500  0.0292647        1.2    542.447    268.548    27.5258    3968.75    2699.13    6667.87    2353.66    2373.02   0.410892   -154.879    42.6895    2060.88    2268.15    2.86445   -4.48335      0.016    5.46722    3.92705    3.68113    3.45843
      3400  0.0235514        1.2    545.368     268.77    23.1171    3978.01    2704.36    6682.36    2353.83    2373.06    0.41046   -156.262    42.6895    2060.78    2267.88    2.86498   -8.26423      0.016    5.47223    3.93357    3.68669    3.46394
      3300  0.0241744        1.2    547.723    268.988    18.4657    3978.04    2709.72    6687.76    2353.65    2372.68   0.410036   -157.664    42.6895    2060.71    2267.63     2.8655   -12.2653      0.016    5.47714    3.93998    3.69227     3.4695
      3200  0.0248098        1.2    550.141    269.204    14.1489     3979.3    2715.22    6694.52    2353.51    2372.37   0.409623   -159.228    42.6895    2060.59    2267.33    2.86604   -16.0996      0.016    5.48195    3.94627    3.69788    3.47516
      3100  0.0235838        1.2    552.621    269.416    11.1414    3979.61    2720.45    6700.06    2353.42     2372.1   0.409212   -160.881    42.6895    2060.49    2267.05    2.86656   -18.8582      0.016    5.48668    3.95245    3.70354    3.48087
      3000  0.0223675        1.2    554.978    269.627    8.60666    3982.33    2725.42    6707.75    2353.26    2371.75   0.408804   -162.528    42.6895    2060.37    2266.76    2.86708   -21.2198      0.016    5.49133    3.95855    3.70927    3.48663
      2900   0.025606        1.2    557.218    269.835    6.41055    3985.49    2731.09    6716.58    2353.05    2371.35   0.408401   -164.155    42.6895    2060.25    2266.46    2.86761   -23.2979      0.016    5.49592    3.96456    3.71503    3.49247
      2800  0.0237079        1.2    559.777    270.042    4.44884    3989.02    2736.35    6725.37    2353.03    2371.17   0.407996   -165.834    42.6895    2060.13    2266.17    2.86812   -25.1763      0.016    5.50045     3.9705    3.72081    3.49834
      2700   0.039567        1.2    562.164    270.246    2.48788    3992.48       2745    6737.48     2352.9    2370.87   0.407594   -167.453    42.6895    2060.03    2265.91    2.86861    -27.023      0.016    5.50494    3.97637    3.72659     3.5042
      2600  0.0152626        1.2    566.096    270.448   0.175091    4005.14    2748.45    6753.59    2353.59    2371.55   0.407183   -169.357    42.6895    2060.04    2265.77      2.869    -29.164      0.016    5.50937    3.98217    3.73233    3.50986
      2500  0.0330218        1.2     567.64    270.648   -2.21421    4005.43     2755.7    6761.14    2352.87    2370.53   0.406803   -170.766    42.6895       2060    2265.57    2.86947   -31.3695      0.016    5.51373    3.98792    3.73796    3.51557
      2400  0.0306953        1.2     570.94    270.847   -4.64108    4007.09    2762.46    6769.54    2353.21     2370.8   0.406426   -172.572    42.6895     2059.9    2265.31    2.86994   -33.6115      0.016    5.51803    3.99359     3.7436    3.52131
      2300  0.0276758        1.2    574.006    271.044   -7.10091    4007.45    2768.56    6776.02    2353.34     2370.8   0.406041   -174.315    42.6895     2059.9    2265.16    2.87033   -35.8847      0.016    5.52228    3.99921    3.74917    3.52689
      2200  0.0246656        1.2    576.771     271.24   -9.42173    4014.38    2774.02     6788.4    2353.28    2370.58    0.40567   -176.004    42.6895    2059.88    2264.99    2.87075   -38.0679      0.016    5.52647    3.60401    3.75468    3.53245
      2100  0.0242384        1.2    579.237    271.433   -11.3304    4014.57    2779.39    6793.96    2353.06    2370.17   0.405311   -177.636    42.6895     2059.8    2264.76    2.87121   -39.9058      0.016     5.5306    3.60776    3.76015    3.53805
      2000  0.0238285        1.2    581.661    271.623   -13.0662     4014.6    2784.67    6799.27    2352.84    2369.77   0.404953   -179.255    42.6896    2059.69    2264.49    2.87168   -41.5936      0.016    5.53465    3.61098    3.76557     3.5437
      1900  0.0259256        1.2    584.046     271.81   -14.6703    4015.39    2790.39    6805.78    2352.63    2369.38   0.404591   -180.854    42.6896    2059.56    2264.21    2.87214   -43.1668      0.016    5.53863    3.61392    3.77095    3.54937
      1800  0.0257073        1.2    586.638    271.993   -16.1758    4015.59    2796.06    6811.65    2352.56    2369.15   0.404224   -182.473    42.6896    2059.46    2263.95    2.87257   -44.6528      0.016    5.54253    3.61665    3.77626    3.55499
      1700  0.0293609        1.2    589.212    272.171   -17.6968    4017.09    2802.52    6819.61    2352.47     2368.9   0.403857   -184.057    42.6896    2059.37    2263.72    2.87299   -46.1324      0.016    5.54636    3.61922    3.78148    3.56053
      1600  0.0362926        1.2    592.155    272.346   -19.4102    4018.39    2810.46    6828.84    2352.59     2368.9   0.403492   -185.688    42.6896    2059.32    2263.53    2.87337   -47.7699      0.016     5.5501    3.62165    3.78661    3.56593
      1500  0.0273958        1.2    595.776    272.517    -21.189    4020.13    2816.49    6836.62    2353.02    2369.29   0.403127   -187.416    42.6896    2059.36    2263.45    2.87367   -49.4637      0.016    5.55374    3.62393    3.79159    3.57108
      1400  0.0191862        1.2    598.507    272.684   -23.0008    4021.39    2820.75    6842.14    2352.89    2368.99   0.402786   -188.934    42.6896     2059.4    2263.37    2.87399   -51.1831      0.016    5.55726    3.62607     3.7964     3.5761
      1300  0.0220943        1.2    600.429    272.848   -24.8194    4026.42    2825.64    6852.06    2352.36    2368.22    0.40247   -190.309    42.6896     2059.3    2263.13     2.8744   -52.9045      0.016    5.56067    3.62805    3.40104     3.5812
      1200  0.0249772        1.2    602.641     273.01   -26.3649    4043.22    2831.14    6874.37    2352.08    2367.75   0.402152   -191.771    42.6896    2059.13    2262.83    2.87483   -54.4387      0.016      5.564    3.62989    3.40527    3.58634
      1100  0.0275024        1.2    605.141    273.168   -27.1666    4056.96    2837.19    6894.15    2351.99    2367.52    0.40182    -193.26    42.6896    2059.02    2262.58    2.87521   -55.3475      0.016    5.56726    3.63159     3.4093     3.5913
      1000  0.0293872        1.2    607.893    273.321   -27.6459    4068.61    2843.63    6912.24    2352.03    2367.45   0.401484   -194.727    42.6896    2058.96     2262.4    2.87554   -55.9748      0.016    5.57044    3.63317    3.41318    3.59601
       900  0.0281736        1.2    610.831     273.47   -27.7773    4080.69    2849.81     6930.5    2352.16    2367.48   0.401155   -196.137    42.6896    2058.95    2262.28    2.87583   -56.3086      0.016    5.57353    3.63463     3.4169    3.20043
       800  0.0445696        1.2    613.665    273.615   -27.6441    4094.05    2859.52    6953.56     2352.2    2367.41   0.400842   -197.423    42.6896    2058.96    2262.18    2.87611   -56.4034      0.016    5.57651      3.636    3.42036    3.20367
       700  0.0474052        1.2    618.124    273.754    -27.218    4105.24    2869.83    6975.07     2353.1    2368.37   0.400532   -198.898    42.6896    2059.09    2262.23    2.87627   -56.2579      0.016    5.57937     3.6377    3.42336    3.20577
       600  0.0333766        1.2    622.851    273.888   -26.3422    4126.39    2877.11     7003.5    2353.96     2369.3   0.400243   -200.234    42.6896    2059.38    2262.47    2.87632   -55.7235      0.016    5.58208    3.63984    3.42586    3.20714
       500  0.0303021        1.2    626.185    274.018   -25.1693    4148.06    2883.74     7031.8    2353.95    2369.17   0.400008   -201.136    42.6896     2059.6    2262.63    2.87644    -54.918      0.016    5.58461    3.64226    3.42801     3.2083
       400  0.0393998        1.2    629.225    274.146   -23.6744    4182.19    2892.32    7074.51    2353.81    2368.91   0.399808    -201.87    42.6896    2059.67    2262.62    2.87665   -53.8254      0.016    5.58699    3.64482    3.42998    3.20948
       300  0.0155642        1.2    633.141    274.271   -21.9352    4205.66    2895.78    7101.44    2354.18    2369.25   0.399602   -202.646    42.6896    2059.75    2262.62    2.87682   -52.5054      0.016    5.58927    3.64741    3.43186    3.21052
       200  0.0129637        1.2    634.695    274.394   -19.6905    4235.95    2898.67    7134.63    2353.23    2368.03   0.399415   -202.843    42.6896    2059.72     2262.5     2.8771    -50.777      0.016    5.59146    3.64999    3.43366     3.2117
       100   0.031773        1.2     636.01    274.517   -16.5276    4251.41    2905.61    7157.02    2352.37    2366.91   0.399233    -202.91    42.6896    2059.48    2262.13     2.8775   -48.2494      0.016     5.5936    3.65254    3.43552    3.21312
         0  0.0312268        1.2    639.187    274.638   -12.8967    4253.88    2912.43    7166.31    2352.66    2367.18   0.399004   -203.181    42.6896    2059.34    2261.88    2.87777   -45.2997      0.016    5.59575    3.65505    3.43742    3.21437