      20000           0         1.7           0     179.437      354.04     78.9895     14.2831     93.2726     2343.43     2426.93    0.785391      6.5598     39.9574     2049.96      2345.7     2.72671     271.433       0.016     5.73044     4.59858     4.35318     4.39114
      19900           0         1.7           0     179.437      353.13     151.419     29.7361     181.156     2343.43     2426.93    0.785563     6.43382     39.9574     2049.96      2345.7     2.72686     270.633       0.016     5.73044     4.59858     4.35318     4.39114
      19800           0         1.7           0     179.437     352.506     228.894     46.3592     275.253     2343.43     2426.93    0.785735     6.30822     39.9574     2049.96      2345.7     2.72701     270.044       0.016     5.73044     4.59858     4.35318     4.39114
      19700           0         1.7           0     179.437     352.255     299.319     60.5222     359.841     2343.43     2426.93    0.785907     6.19879     39.9574     2049.96      2345.7     2.72716     269.745       0.016     5.73044     4.59858     4.35318     4.39114
      19600           0         1.7           0     179.437      352.29     351.209     72.5053     423.714     2343.43     2426.93    0.786079     6.12087     39.9574     2049.96      2345.7     2.72731     269.689       0.016     5.73044     4.59858     4.35318     4.39114
      19500           0         1.7           0     179.437     350.597     414.692     82.0183      496.71     2343.43     2426.93    0.786251     6.05158     39.9574     2049.96      2345.7     2.72746     268.519       0.016     5.73044     4.59858     4.35318     4.39114
      19400           0         1.7           0     179.437     347.879     487.353     94.1014     581.454     2343.43     2426.93    0.786423     5.90477     39.9574     2049.96      2345.7     2.72761     266.477       0.016     5.73044     4.59858     4.35318     4.39114
      19300           0         1.7           0     179.437     345.374     558.279     106.214     664.494     2343.43     2426.93    0.786595     5.65656     39.9574     2049.96      2345.7     2.72775     264.481       0.016     5.73044     4.59858     4.35318     4.39114
      19200           0         1.7           0     179.437     342.873     620.606     118.358     738.963     2343.43     2426.93    0.786767     5.32496     39.9574     2049.96      2345.7      2.7279     262.498       0.016     5.73044     4.59858     4.35318     4.39114
      19100           0         1.7           0     179.437      342.02     681.386     130.011     811.397     2343.43     2426.93    0.786938     4.94128     39.9574     2049.96      2345.7     2.72805     261.588       0.016     5.73044     4.59858     4.35318     4.39114
      19000           0         1.7           0     179.437     342.156      741.53     142.474     884.004     2343.43     2426.93     0.78711     4.58749     39.9574     2049.96      2345.7      2.7282     261.511       0.016     5.73044     4.59858     4.35318     4.39114
      18900           0         1.7           0     179.437     340.553     800.577     155.747     956.323     2343.43     2426.93    0.787281     4.26219     39.9574     2049.96      2345.7     2.72835      260.36       0.016     5.73044     4.59858     4.35318     4.39114
      18800           0         1.7           0     179.437     337.986     870.831      166.28     1037.11     2343.43     2426.93    0.787452     3.87637     39.9574     2049.96      2345.7      2.7285     258.368       0.016     5.73044     4.59858     4.35318     4.39114
      18700           0         1.7           0     179.437      336.21     952.601     178.113     1130.71     2343.43     2426.93    0.787624     3.41716     39.9574     2049.96      2345.7     2.72864     256.824       0.016     5.73044     4.59858     4.35318     4.39114
      18600           0         1.7           0     179.437     334.818     1047.59     192.576     1240.17     2343.43     2426.93    0.787795     2.92873     39.9574     2049.96      2345.7     2.72879     255.619       0.016     5.73044     4.59858     4.35318     4.39114
      18500           0         1.7           0     179.437     333.482     1150.05     201.259     1351.31     2343.43     2426.93    0.787966     2.42444     39.9574     2049.96      2345.7     2.72894     254.469       0.016     5.73044     4.59858     4.35318     4.39114
      18400           0         1.7           0     179.437     332.205     1219.19     209.492     1428.69     2343.43     2426.93    0.788137      1.9065     39.9574     2049.96      2345.7     2.72909     253.357       0.016     5.73044     4.59858     4.35318     4.39114
      18300           0         1.7           0     179.437     329.228      1275.7     218.075     1493.77     2343.43     2426.93    0.788308     1.34924     39.9574     2049.96      2345.7     2.72924     251.114       0.016     5.73044     4.59858     4.35318     4.39114
      18200           0         1.7           0     179.437       325.2      1360.8     226.658     1587.45     2343.43     2426.93    0.788478    0.672723     39.9574     2049.96      2345.7     2.72938      247.97       0.016     5.73044     4.59858     4.35318     4.39114
      18100           0         1.7           0     179.437     321.768     1469.79     234.714      1704.5     2343.43     2426.93    0.788649   -0.137283     39.9574     2049.96      2345.7     2.72953      245.11       0.016     5.73044     4.59858     4.35318     4.39114
      18000           0         1.7           0     179.437     318.559     1574.09     243.331     1817.42     2343.43     2426.93     0.78882    -1.04056     39.9574     2049.96      2345.7     2.72968     242.443       0.016     5.73044     4.59858     4.35318     4.39114
      17900           0         1.7           0     179.437      317.64     1670.99     253.364     1924.35     2343.43     2426.93     0.78899    -1.98653     39.9574     2049.96      2345.7     2.72983     241.293       0.016     5.73044     4.59858     4.35318     4.39114
      17800           0         1.7           0     179.437     318.134        1766     264.257     2030.25     2343.43     2426.93    0.789161    -2.86227     39.9574     2049.96      2345.7     2.72997     241.331       0.016     5.73044     4.59858     4.35318     4.39114
      17700           0         1.7           0     179.437     316.312     1860.47      274.54     2135.01     2343.43     2426.93    0.789331    -3.66765     39.9574     2049.96      2345.7     2.73012     239.957       0.016     5.73044     4.59858     4.35318     4.39114
      17600           0         1.7           0     179.437     313.229     1943.92     288.828     2232.75     2343.43     2426.93    0.789502    -4.52282     39.9574     2049.96      2345.7     2.73027     237.487       0.016     5.73044     4.59858     4.35318     4.39114
      17500           0         1.7           0     179.437     313.298     2011.35     302.776     2314.12     2343.43     2426.93    0.789672    -5.41147     39.9574     2049.96      2345.7     2.73042     237.026       0.016     5.73044     4.59858     4.35318     4.39114
      17400           0         1.7           0     182.115     344.137     2042.72     312.444     2355.16     2337.81     2427.24    0.817182    -7.03503     39.0482     2090.19     2390.75     2.64272     282.715       0.016      5.7211     4.59193      4.3525     4.39344
      17300           0         1.7           0     182.934     353.815     2073.54     322.233     2395.78     2333.75     2428.42    0.848489    -7.23612     38.2531     2099.33     2400.72     2.62299     291.111       0.016     5.71793     4.58375     4.34297     4.38361
      17200           0         1.7           0      183.39     359.881     2096.59     335.928     2432.52     2330.58     2429.87    0.876868    -7.02974     37.5586     2103.93      2405.7     2.61341     296.236       0.016     5.72125     4.57463     4.32783     4.36492
      17100           0         1.7           0     183.841     363.835     2099.91     350.717     2450.63     2328.02     2431.38    0.901834    -6.64495     36.9519     2107.52     2409.45     2.60581     299.608       0.016     5.72871     4.56346     4.30774     4.33998
      17000           0         1.7           0     184.395     366.328     2106.32     368.422     2474.74     2325.94     2432.88    0.923629    -6.19849      36.422     2110.68     2412.53     2.59894     301.804       0.016     5.73799     4.54879     4.28324     4.31057
      16900           0         1.7           0     185.076     363.157     2119.69     386.971     2506.66     2324.24     2434.34    0.942573    -5.83044     35.9588     2113.56      2415.1     2.59263     299.792       0.016     5.74731     4.52873     4.25519     4.27796
      16800           0         1.7           0     185.879      356.08     2132.94     406.282     2539.22     2322.88     2435.75     0.95898    -5.80695     35.5537     2116.22     2417.24     2.58687      294.26       0.016     5.75543     4.50524     4.22418     4.24311
      16700           0         1.7           0     186.789     347.713     2143.96     427.383     2571.34      2321.8     2437.11     0.97314    -6.22983      35.199      2118.7     2419.03     2.58162     287.424       0.016     5.76158     4.47861      4.5905     4.20736
      16600           0         1.7           0     187.792     338.163     2156.83      452.74     2609.57     2320.95     2438.38    0.985304    -7.09448     34.8882     2121.04     2420.52     2.57681     279.594       0.016     5.76538     4.44944     4.55473     4.57412
      16500           0         1.7           0     188.875     339.172     2164.82     472.218     2637.03      2320.3     2439.58    0.995708    -8.20911     34.6155     2123.26     2421.76      2.5724     279.344       0.016      5.7667     4.41878      4.5183     4.53859
      16400   0.0650992         1.7   0.0650992     190.027      347.24     2171.37     496.159     2667.52     2319.86     2440.77     1.00457    -8.99678      34.376     2125.37     2422.79     2.56833     285.676       0.016     5.76561     4.78854     4.48125     4.50183
      16300    0.112374         1.7      6.6223     191.206     352.222     2187.89     517.469     2705.36     2323.09     2447.84     1.01205    -10.7608     34.1655     2127.45     2423.76     2.56397     290.396       0.016     5.76228      4.7545     4.44389     4.46204
      16200   0.0770784         1.7     17.8244     192.371     355.591     2209.56     544.543      2754.1      2328.4      2458.1     1.01833    -12.9874     33.9801     2129.71     2424.97      2.5587      293.46       0.016     5.75685      4.7187     4.40489     4.41706
      16100   0.0119612         1.7     25.4672     193.538     347.243     2227.66     574.743      2802.4     2331.12     2463.57     1.02358    -13.9354     33.8167     2132.19     2426.46     2.55322      287.83       0.016     5.74937     4.68159     4.76257     4.77339
      16000 0.000331205         1.7     26.6516     194.757     330.998      2235.9     603.689     2839.59     2330.17     2462.54       1.028    -13.8466     33.6725     2134.67     2427.88     2.54868     274.902       0.016     5.73989     4.64384     4.71979     4.73098
      15900 0.000417202         1.7     26.6849     196.042     322.766     2239.36       631.5     2870.85     2328.98     2460.95     1.03165    -14.3401     33.5449      2136.9     2428.94     2.54513     267.163       0.016      5.7286      4.6068     4.67828     4.69179
      15800   0.0261141         1.7     26.7523     197.375     319.361     2245.98     656.485     2902.46      2328.1     2459.85     1.03457    -15.1801      33.432      2138.9     2429.66     2.54199     264.085       0.016      5.7158     4.97023     4.63921     4.65533
      15700   0.0370329         1.7     29.3746     198.729     317.137     2253.41     681.266     2934.68     2328.83     2461.37      1.0368    -16.6905     33.3317     2140.73     2430.17     2.53877     262.202       0.016     5.70189     4.93248     4.60229      4.6201
      15600    0.041915         1.7     33.0828     200.087     315.941     2262.39     703.939     2966.33     2330.07      2463.7     1.03842     -18.334     33.2426     2142.54     2430.67     2.53523     261.155       0.016     5.68746     4.89451     4.96555     4.98885
      15500   0.0401435         1.7     37.2725     201.442     313.986     2271.44     726.026     2997.47     2331.47     2466.15      1.0395    -19.9088     33.1631     2144.38      2431.2     2.53147     259.668       0.016     5.67278     4.85714     4.93042     4.95733
      15400   0.0791167         1.7     41.3258     202.797     311.644     2285.44     747.234     3032.68     2332.67     2468.17     1.04014     -21.325     33.0921     2146.23     2431.77     2.52761     257.786       0.016     5.65794     4.82099     4.89608     4.92504
      15300    0.134458         1.7     49.2928     204.135     310.872     2307.64     770.416     3078.05     2335.93     2473.58     1.04039    -23.5032     33.0283     2148.12     2432.43     2.52337     257.055       0.016     5.64304     5.18735     4.86253     4.89131
      15200    0.176858         1.7      62.781     205.421     311.119     2330.87     793.068     3123.93     2341.79     2483.28     1.04028    -26.5416     32.9709     2150.18     2433.36     2.51821     257.269       0.016     5.62815     5.15348     4.82884     4.85402
      15100    0.255039         1.7      80.545     206.635     317.631     2363.15     815.206     3178.35     2349.24     2495.47     1.03986    -29.8162      32.919     2152.57     2434.78     2.51196     262.239       0.016     5.61321     5.11951     5.19345     4.81221
      15000    0.324311         1.7     106.118      207.75     328.465     2409.56     836.759     3246.32     2360.02      2513.1      1.0392    -33.6854     32.8718     2155.36     2436.81     2.50441     271.208       0.016     5.59806     5.08546      5.1547     5.16771
      14900    0.380979         1.7     138.606     208.738     336.826     2466.85     856.668     3323.51     2373.21     2534.52     1.03832    -37.6452     32.8288      2158.7     2439.66     2.49531      278.71       0.016     5.58245     5.05119     5.11255     5.11338
      14800    0.362419         1.7     176.685     209.592     343.866     2535.65     876.354     3412.01     2387.84     2558.08     1.03729    -41.4586     32.7892     2162.65      2443.4     2.48484     284.862       0.016     5.56607     5.01684      5.0654     5.04985
      14700           0         1.7     212.565     210.291     335.216     2597.86     895.058     3492.92     2399.59     2576.42     1.03621    -43.7575     32.7525     2167.09     2447.91      2.4743     279.168       0.016     5.54863     5.78344     5.01324     5.78223
      14600           0         1.7     212.565     202.225     267.202     2620.03     928.673      3548.7      2394.1     2555.84    0.999942    -39.2049     33.7363     2148.58      2435.6     2.61824     199.755       0.016      6.3846     5.13015     5.10774     5.76542
      14500           0         1.7     212.565     199.775     240.695     2626.18     968.245     3594.42     2390.09     2539.58     0.96733    -40.1922     34.6823      2139.1     2427.24     2.64188     174.499       0.016     6.56163     4.92319     4.82354     5.01485
      14400           0         1.7     212.565     199.794     224.313     2627.46      1009.8     3637.26     2387.32     2526.33    0.933869    -43.1208     35.5885     2131.81     2418.44     2.65316     159.765       0.016       6.501     4.63435     4.86717      5.0795
      14300           0         1.7     212.565     200.656     210.103     2631.64      1048.3     3679.94     2385.49     2515.29    0.899284    -46.5914     36.4418     2125.64     2409.96     2.66338     148.061       0.016       6.501     4.66563     4.87521     5.14666
      14200           0         1.7     212.565     201.761     197.944     2642.55     1085.09     3727.64     2384.29     2505.88    0.864559    -50.0912     37.2291     2120.25     2402.11     2.67289     138.216       0.016       6.501     4.65435     4.86999     4.80663
      14100           0         1.7     212.565     202.913     191.412     2654.02     1120.51     3774.53     2383.49     2497.77    0.830747    -53.3256     37.9427     2115.47     2394.97     2.68152     132.571       0.016       6.501     4.62206     4.86175     4.84696
      14000           0         1.7     212.565     204.049     188.397     2674.72     1153.45     3828.16     2382.93     2490.69     0.79863    -56.0469     38.5803     2111.24     2388.53     2.68929     129.962       0.016       6.501     4.99242     4.85533     4.88276
      13900           0         1.7     212.565     205.165     183.343     2700.69     1188.85     3889.54     2382.48     2484.42    0.768682    -58.2785     39.1438     2107.49     2382.71     2.69634     126.264       0.016       6.501     4.96536     4.85425     4.91629
      13800           0         1.7     212.565      206.26     177.408     2717.98     1221.11     3939.09     2382.05     2478.81    0.741143    -60.2468     39.6376     2104.13      2377.4     2.70284     121.722       0.016       6.501     4.94098     4.85914     4.94893
      13700           0         1.7     212.565     207.334     173.071     2751.23     1255.12     4006.35     2381.59     2473.71    0.716081    -62.0409     40.0676      2101.1     2372.52      2.7089     118.234       0.016       6.501     4.92208     4.86959     4.98176
      13600           0         1.7     212.565     208.389     169.618     2777.28     1287.94     4065.22     2381.07     2469.04    0.693445     -63.654     40.4403     2098.34        2368     2.71463     115.513       0.016       6.501     4.90968     4.88486     4.61263
      13500           0         1.7     212.565     209.425     172.868     2803.66     1314.34        4118      2380.5     2464.75    0.673131    -65.0057     40.7621     2095.81      2363.8     2.72007     117.506       0.016       6.501     4.90386     4.90204     4.63467
      13400           0         1.7     212.565     210.441     180.167     2828.58     1342.94     4171.53     2379.87      2460.8    0.654972    -65.8263     41.0391     2093.49     2359.87     2.72528     123.033       0.016       6.501      4.9041     4.92118     4.66011
      13300           0         1.7     212.565     211.438     177.089     2854.23     1368.36     4222.59     2379.18      2457.1    0.638767    -66.2543      41.277     2091.35      2356.2     2.73028     121.692       0.016       6.501     4.90977     4.94327     4.68851
      13200           0         1.7     212.565     214.929     198.108     2862.47     1393.35     4255.82     2371.35     2454.03    0.674449    -66.6561     40.2965     2126.93     2394.57     2.62253      155.46       0.016     6.52647     4.90623     4.97034     4.71096
      13100   0.0249982         1.7      212.59      217.14     204.842     2864.58     1412.08     4276.65     2364.97     2452.01    0.711088    -66.0019     39.3976     2135.68     2402.59     2.59473      162.01       0.016     6.78223     4.90045     4.99024     4.72552
      13000           0         1.7     215.065     218.924     210.793     2874.66     1431.64      4306.3     2360.85      2452.7    0.744195    -65.4918     38.5929     2139.96     2405.76      2.5802     167.936       0.016     6.38601     4.88279     4.99521     4.73061
      12900   0.0751764         1.7      215.14     220.367     217.169     2879.82     1449.98     4329.79     2355.97     2451.07    0.773429    -64.1914     37.8817      2142.9      2407.7      2.5696     173.925       0.016      6.5549     4.85703     4.98972     4.72698
      12800     0.10251         1.7     222.685     221.446     223.582     2893.26     1469.41     4362.67     2355.83      2456.6    0.799149    -64.3908     37.2566     2145.11     2409.18     2.56107     179.895       0.016     5.88784     4.82926     4.97826     4.71401
      12700   0.0485254         1.7     232.882      222.36     225.807     2901.34     1489.66        4391     2357.05     2463.61    0.821797     -64.855      36.708      2147.2      2410.7     2.55225     182.557       0.016     5.99331     4.80348      4.9615     4.69125
      12600           0         1.7     237.686     223.354     225.112     2912.02     1511.45     4423.47      2355.2     2464.62     0.84162    -64.0725      36.226     2149.45     2412.32     2.54303     182.457       0.016     6.07786     5.17602     4.93857     4.66331
      12500           0         1.7     237.686      224.43     224.996     2920.16     1534.01     4454.17     2351.15     2461.31    0.858946    -62.5542     35.8017      2151.6     2413.75     2.53499     182.532       0.016     6.14503     5.14671     4.91216     4.63522
      12400           0         1.7     237.686     225.574     225.019     2930.37     1554.54      4484.9      2347.8     2458.73    0.874027    -61.4658     35.4274      2153.5     2414.82      2.5279     182.796       0.016     6.19894      5.1169       4.885     4.60895
      12300           0         1.7     237.686     226.763     223.708     2931.15     1574.56      4505.7     2344.93     2456.64    0.887088    -60.7534     35.0963     2155.22     2415.63     2.52123     181.994       0.016     5.43793     5.08752      4.8593     4.98757
      12200   0.0956012         1.7     237.781     227.989     221.405     2946.41     1595.87     4542.28     2342.51     2454.98    0.898361    -60.4422     34.8029     2156.81     2416.26     2.51483     180.247       0.016      5.4675     5.06001     4.83666     4.96552
      12100    0.161444         1.7     247.407     229.198      220.56     2970.67     1619.12     4589.78     2345.58     2462.33     0.90805     -62.483     34.5423      2158.4     2416.91     2.50777     179.481       0.016     5.48965     5.03468     4.81539     4.93978
      12000    0.226394         1.7     263.617     230.335     220.545     3003.69     1638.88     4642.56     2351.71     2474.46    0.916349    -65.6586     34.3104     2160.32     2418.04     2.49932     179.476       0.016     5.50585     5.01102     5.19219     4.90695
      11900    0.263115         1.7     286.293     231.378      221.39     3041.49     1662.05     4703.54     2360.49     2490.63    0.923478    -69.6423     34.1037     2162.75     2419.86     2.48956     180.126       0.016     5.51706      5.7874     5.16334     4.86582
      11800    0.351757         1.7     312.693     232.323     222.851     3085.23     1684.77        4770     2370.19     2507.85    0.929621    -73.6238     33.9194     2165.75     2422.47     2.47876     181.299       0.016     5.52384     5.76242     5.12886     4.81672
      11700    0.132342         1.7     347.649     233.152     231.862     3141.34      1708.2     4849.55     2383.38     2530.52    0.934894    -78.4278     33.7547     2169.31     2425.87     2.46682     188.288       0.016     5.52653     5.73608     5.09018     5.16266
      11600   0.0858876         1.7     360.837     220.792     206.525     3178.75     1744.77     4923.53     2387.12     2526.94    0.903723    -77.4584     34.6333     2142.82     2407.35     2.63432     146.786       0.016     6.53994     5.09563     4.80029     5.14396
      11500   0.0244987         1.7     369.364     216.532     188.599     3207.92     1794.01     5001.93     2387.92     2520.06    0.874045    -78.2753     35.4829      2135.5     2403.28     2.65489     130.969       0.016      6.7981     4.90233     4.91769     5.18437
      11400   0.0291171         1.7     371.819     215.816     164.667     3225.63     1846.14     5071.77     2385.87     2509.12    0.844045    -79.5759     36.2999     2130.01     2397.54       2.662     111.312       0.016     6.60062       4.629     4.97191     4.84248
      11300   0.0311505         1.7     374.733      216.39     153.341     3236.87     1895.23      5132.1     2384.92     2500.59    0.813085    -82.1299     37.0709     2124.94     2390.86     2.66933     100.802       0.016       6.501     4.67451     4.98439     4.89974
      11200           0         1.7     377.816     217.371     148.955     3243.18     1942.71     5185.89     2384.56     2493.52    0.781768    -84.7559     37.7829     2120.49     2384.49     2.67661     96.7416       0.016       6.501     4.67666     4.98034     4.95123
      11100           0         1.7     377.816     218.477     141.056     3257.32     1989.13     5246.45     2382.82     2484.61    0.751187    -86.5079     38.4281     2116.27     2378.28     2.68387     90.8027       0.016       6.501     4.65585     4.97336     4.99635
      11000           0         1.7     377.816     219.616     131.545     3280.38     2034.32     5314.69      2381.5     2476.98    0.722089    -88.3543     39.0042     2112.15     2372.15      2.6909      83.349       0.016       6.501     4.62628     4.96858     4.62746
      10900           0         1.7     377.816     220.743     126.096     3294.15     2081.17     5375.32     2380.43     2470.36     0.69486    -90.2588     39.5127     2108.39     2366.49     2.69738     78.6625       0.016       6.501     4.60215     4.96641     4.65353
      10800           0         1.7     377.816     221.857     122.912     3296.32     2124.87     5421.19     2379.51     2464.52    0.669738     -92.028     39.9577     2105.04     2361.34     2.70331     75.9761       0.016       6.501      4.9882     4.96934     4.68008
      10700           0         1.7     377.816     222.959     118.801     3300.18     2168.13     5468.31     2378.65      2459.3    0.646812    -93.6504     40.3448     2102.03     2356.61     2.70883     72.7762       0.016       6.501     4.97683     4.97786     4.70756
      10600           0         1.7     377.816     224.049     114.292      3308.3     2210.98     5519.29     2377.81     2454.58     0.62606    -95.2251     40.6796      2099.3     2352.25     2.71403     69.1709       0.016       6.501     4.96986     4.99147     4.73637
      10500           0         1.7     377.816     225.125     111.553     3316.71     2253.36     5570.07     2376.97     2450.25    0.607385    -96.7654     40.9683     2096.81      2348.2     2.71895     66.7904       0.016       6.501     4.96793     4.60812     4.76669
      10400           0         1.7     377.816     226.185     109.837     3325.76     2293.37     5619.14     2376.09     2446.24    0.590643    -98.2076     41.2164     2094.52     2344.41     2.72366     65.3081       0.016       6.501     4.97097     4.62333     4.79758
      10300           0         1.7     377.816     227.225     108.724     3328.24     2331.05     5659.28      2375.2     2442.52    0.575683    -99.5377     41.4292     2092.41     2340.87     2.72817     64.3235       0.016     6.52152     4.97845     4.63918     4.42022
      10200           0         1.7     377.816     228.242     107.525     3331.59     2368.51     5700.09      2374.3     2439.09    0.562362    -100.757     41.6113     2090.46     2337.56     2.73248     63.3715       0.016     6.55191     4.98981     4.65742     4.43971
      10100           0         1.7     377.816     229.238     105.297      3351.1     2402.97     5754.07     2373.38     2435.89    0.550502    -101.931     41.7671     2088.65     2334.44     2.73662     61.5922       0.016      6.5827     4.60396     4.67823      4.4626
      10000           0         1.7     377.816     230.214     102.738     3364.07     2436.76     5800.82     2372.45     2432.88    0.539931    -103.111     41.9003     2086.96     2331.48     2.74063     59.5312       0.016     6.61366     4.61473     4.70146     4.48813
       9900           0         1.7     377.816     231.167     100.005      3366.2     2469.89     5836.08      2371.5     2430.01    0.530493    -104.319      42.014     2085.36     2328.66      2.7445     57.3097       0.016     6.64457     4.62401     4.72663     4.51576
       9800           0         1.7     377.816     232.094     97.1362     3369.43     2501.54     5870.97     2370.52     2427.26    0.522051    -105.565     42.1111     2083.83     2325.96     2.74825     54.9647       0.016     6.67527      4.6355     4.75333     4.54506
       9700  0.00416303         1.7     377.821     233.002     94.1581     3373.33     2531.72     5905.05     2369.52     2424.62    0.514476    -106.857     42.1939     2082.36     2323.37     2.75189     52.5155       0.016     6.70569     4.65136     4.78135     4.57569
       9600  0.00674845         1.7      378.24     233.894     91.0855     3377.83     2560.46     5938.29     2368.73     2422.43    0.507648     -108.28     42.2647     2080.99      2320.9     2.75537      49.973       0.016     6.73587     4.67053     4.40927     4.20638
       9500           0         1.7     378.908     234.767     87.9311     3377.95     2587.77     5965.72     2368.02      2420.5    0.501485    -109.781     42.3252     2079.75     2318.62     2.75869     47.3468       0.016     6.76578     4.69217     4.42927     4.22631
       9400           0         1.7     378.908     235.619     85.5584     3394.66     2617.35     6012.01     2366.92     2417.99    0.495946    -111.159     42.3768     2078.55      2316.4     2.76198     45.2644       0.016     6.79525     4.71534     4.44843     4.24557
       9300           0         1.7     378.908     236.455     83.6374     3410.58     2644.69     6055.27     2365.87     2415.63     0.49095    -112.542      42.421     2077.33     2314.18     2.76524     43.5774       0.016     6.22232     4.73959     4.47014     4.26684
       9200           0         1.7     378.908     237.278      81.968     3425.45     2671.12     6096.56     2364.83     2413.38    0.486403    -113.911     42.4588     2076.14     2312.02     2.76843     42.0986       0.016     6.24825     4.76471     4.49359      4.2899
       9100           0         1.7     378.908     238.088      80.472     3432.23     2695.03     6127.26     2363.81     2411.21     0.48224    -115.257     42.4911     2074.98     2309.91     2.77154      40.765       0.016     6.27367     4.79055     4.51833     4.31446
       9000           0         1.7     378.908     238.889     79.1144     3436.86     2715.44      6152.3      2362.8     2409.11    0.478407    -116.574     42.5188     2073.85     2307.85      2.7746     39.5488       0.016     6.29869      4.4134     4.54408     4.34026
       8900   0.0981057         1.7     379.006     239.675     77.8895     3452.14     2736.41     6188.55     2361.86     2407.15     0.47486    -117.882     42.5426     2072.74     2305.83     2.77761     38.4432       0.016     6.32335     4.42806     4.57045     4.36705
       8800   0.0946914         1.7     388.813     240.358     76.6286     3455.99     2756.58     6212.57     2366.08     2413.97    0.471374    -121.045     42.5629     2072.62     2305.07     2.77904     37.2725       0.016     6.34745      4.4437     4.59644     4.39046
       8700   0.0915512         1.7     398.279     240.932      75.389      3459.5     2776.05     6235.54     2369.21      2418.8    0.468065    -123.649     42.5804      2073.6     2305.71      2.7793     36.0855       0.016     6.37032     4.46203     4.21635     4.00709
       8600   0.0899133         1.7     407.432     241.449     74.2213     3468.05     2795.15      6263.2     2371.59     2422.26    0.465176    -125.842     42.5954     2074.59     2306.41     2.77957     34.9542       0.016     6.39142     4.48164     4.22904     4.01443
       8500   0.0884119         1.7     416.422     241.929     73.1293     3470.28     2813.92      6284.2     2373.46     2424.82    0.462673    -127.751     42.6083      2075.4     2306.93     2.77995     33.8884       0.016     6.41065     4.50147     4.23906      4.0179
       8400   0.0891662         1.7     425.264     242.381     72.5545     3475.87     2832.84      6308.7     2374.92      2426.7    0.460479    -129.436     42.6195     2076.02     2307.26     2.78044     33.2116       0.016     6.42818     4.52093     4.24871     4.02071
       8300   0.0727397         1.7     434.164     242.811     72.3169     3481.81     2848.33     6330.14     2376.14     2428.21    0.458519     -130.96      42.629      2076.5     2307.43     2.78098      32.838       0.016     6.44425     4.53975     4.25809     4.02452
       8200   0.0733961         1.7     441.439     243.238     72.3386     3483.41     2863.97     6347.38     2376.28     2427.89    0.456767    -132.015     42.6372      2076.7      2307.3     2.78181     32.6968       0.016     6.45913     4.55781     4.26752     4.02991
       8100   0.0740772         1.7     448.779     243.665     72.5768     3488.17     2879.75     6367.92      2376.4     2427.64     0.45516    -133.014     42.6443     2076.63     2306.84     2.78285     32.7544       0.016     6.47314     4.57512     4.27741     4.03699
       8000   0.0733538         1.7     456.186     244.088     72.9845      3491.3     2895.39     6386.69      2376.5     2427.39    0.453625    -133.947     42.6505     2076.49     2306.29     2.78389     32.9678       0.016     6.48657     4.59176     4.28784     4.04525
       7900   0.0726672         1.7     463.521     244.504       73.61     3497.41     2910.88      6408.3      2376.5     2427.01    0.452144    -134.779     42.6557      2076.3      2305.7     2.78492     33.3694       0.016     6.49956     4.20656     4.29876     4.05444
       7800   0.0692819         1.7     470.784     244.913     74.4111     3501.29     2925.67     6426.96     2376.42     2426.52    0.450709    -135.508     42.6603     2076.07     2305.07     2.78596     33.9339       0.016     6.51219     4.21602     4.31002     4.06442
       7700   0.0707233         1.7     477.714     245.313     75.3788     3502.98     2940.76     6443.73     2376.12     2425.71    0.449319    -136.086     42.6642     2075.78     2304.38     2.78702     34.6499       0.016     6.52458     4.22315     4.32144     4.07514
       7600   0.0674356         1.7     484.783     245.702     76.5162     3506.84     2955.16        6462     2375.89     2425.06    0.447959    -136.614     42.6676     2075.45     2303.66     2.78807     35.5212       0.016     6.53685     4.22944       4.333     4.08641
       7500   0.0642801         1.7     491.523     246.082     77.7968      3516.1      2968.9        6485     2375.48      2424.1    0.446628     -136.99     42.6706      2075.1     2302.91      2.7891      36.527       0.016     6.54893     4.23577     4.34469     4.09812
       7400   0.0611161         1.7     497.948      246.46     78.1419     3528.67     2981.99     6510.66     2374.91     2422.92    0.445326     -137.25     42.6731     2074.68      2302.1     2.79018     36.8803       0.016     6.56082     4.24355     4.35656     4.11036
       7300   0.0675033         1.7     504.066      246.84     77.9618     3542.65     2996.42     6539.07     2374.22     2421.56    0.444048    -137.459     42.6753      2074.2     2301.21     2.79131     36.7716       0.016     6.57259     4.25255     4.36873     4.12316
       7200   0.0739274         1.7     510.823     247.217     77.4904     3560.37     3012.21     6572.57     2373.93      2420.9    0.442766    -137.824     42.6772     2073.76     2300.36     2.79234     36.4197       0.016     6.58431     4.26244     4.38123     4.13615
       7100    0.068837         1.7     518.211     247.584     76.8091     3578.86     3026.92     6605.78     2373.96     2420.78    0.441472    -138.316     42.6788     2073.46      2299.7     2.79318     35.8866       0.016       6.596     4.27297     4.39385     4.14882
       7000    0.044569         1.7      525.07     247.947     75.9827     3589.77     3036.57     6626.34     2373.64     2420.07    0.440202    -138.692     42.6803     2073.21     2299.09       2.794     35.2284       0.016     5.80687     4.28399     4.00574     4.16132
       6900   0.0450114         1.7     529.527     248.329     75.0918     3600.74     3046.35     6647.08     2372.05     2417.22    0.439007    -138.631     42.6815     2072.67     2298.13     2.79523     34.5217       0.016     5.81694     4.29529     4.01572     4.17454
       6800   0.0659974         1.7     534.049      248.73     74.1384     3609.94     3060.52     6670.46     2370.72     2414.85    0.437841     -138.71     42.6826     2071.86     2296.83     2.79672     33.7678       0.016     5.82684     4.30669     4.02541     4.18849
       6700   0.0604037         1.7     540.644     249.117     73.1053     3618.77      3073.5     6692.27     2370.65     2414.65    0.436608     -139.28     42.6835     2071.26      2295.8     2.79787     32.9344       0.016     5.83673     4.31815     4.03515     3.80155
       6600   0.0457459         1.7     546.669     249.487     72.0415     3628.38     3083.41     6711.79     2370.21     2413.81    0.435359    -139.722     42.6843     2070.89     2295.06     2.79879     32.0644       0.016     5.84653     4.32961     4.04421     3.80986
       6500   0.0520446         1.7      551.25     249.859     70.9662     3635.16     3094.65     6729.81     2369.04     2411.73    0.434186    -139.905      42.685     2070.39     2294.15     2.79993      31.185       0.016     5.85616     4.34102      4.0521     3.81562
       6400   0.0507698         1.7     556.453      250.23      70.177     3641.43     3105.62     6747.06     2368.37     2410.52    0.433053    -140.282     42.6856     2069.81     2293.16      2.8011     30.5098       0.016     5.86567      4.3523     4.05962     3.82046
       6300   0.0573991         1.7     561.537     250.592     69.5515     3648.56     3117.98     6766.54      2367.7     2409.33    0.431932     -140.65     42.6861     2069.31     2292.26     2.80218     29.9774       0.016     5.87507     4.36343     4.06743     3.82647
       6200   0.0598256         1.7     567.279      250.94     69.0169     3663.74     3130.84     6794.58     2367.45     2408.85    0.430818    -141.152     42.6866     2068.91      2291.5      2.8031     29.5159       0.016     5.88432     4.37445     4.07569     3.83345
       6100   0.0623151         1.7     573.264     251.272      68.563     3679.82     3144.22     6824.04     2367.33     2408.58    0.429716    -141.672      42.687     2068.64     2290.91     2.80385     29.1179       0.016     5.89339     4.38536     4.08428     3.84085
       6000    0.064864         1.7     579.498     251.591     68.1626     3685.07     3158.13      6843.2     2367.32     2408.47     0.42864    -142.202     42.6873     2068.46     2290.43      2.8045     28.7627       0.016     5.90221     4.39616     4.09301     3.84846
       5900   0.0548817         1.7     585.975     251.897     67.8038     3692.31     3169.93     6862.24      2367.4      2408.5    0.427593    -142.734     42.6876     2068.34     2290.04     2.80507     28.4408       0.016     5.91076     4.00556     4.10177     3.85612
       5800   0.0619901         1.7      591.47     252.199     67.4963     3705.84     3183.23     6889.08      2366.9     2407.56    0.426598    -143.035     42.6879     2068.15     2289.57     2.80574     28.1652       0.016       5.919     4.01176     4.11047     3.86421
       5700   0.0625367         1.7      597.67     252.492     67.2196     3709.67     3196.64     6906.31     2366.84     2407.34     0.42563    -143.475     42.6881     2067.92     2289.05      2.8064     27.9169       0.016     5.92695     4.01667     4.11916     3.87261
       5600   0.0624302         1.7     603.923     252.771     66.9693     3711.85     3210.02     6921.86     2366.78     2407.12     0.42467    -143.893     42.6883     2067.75     2288.63     2.80695     27.6897       0.016     5.93462      4.0211     4.12771     3.88092
       5500   0.0623684         1.7     610.166     253.038     66.7454     3724.01     3223.38     6947.39     2366.69     2406.84    0.423732     -144.28     42.6885     2067.61     2288.23     2.80747     27.4849       0.016     5.94197     4.02536     4.13608     3.88917
       5400   0.0612768         1.7     616.402     253.296     65.8101     3735.58     3236.51     6972.09     2366.57     2406.53    0.422818    -144.654     42.6886     2067.46     2287.85     2.80796     26.7602       0.016     5.94902     4.02958     4.14427     3.89735
       5300   0.0602082         1.7     622.529     253.547     64.4489     3739.65     3249.41     6989.06     2366.39     2406.09    0.421927    -145.037     42.6887      2067.3     2287.45     2.80846     25.6523       0.016     5.95579     4.03382     4.15231     3.90552
       5200   0.0749011         1.7     628.564     253.794     62.8502      3756.1     3265.42     7021.51     2366.16     2405.59    0.421057    -145.455     42.6888     2067.11     2287.03     2.80896     24.3359       0.016     5.96233     4.03811     4.16023     3.91373
       5100   0.0710454         1.7      636.05     254.024     61.0752      3759.6     3280.59      7040.2     2366.71      2406.4    0.420176    -146.206     42.6889     2067.06     2286.78     2.80924     22.8572       0.016     5.96865     4.04286     4.16798     3.92133
       5000   0.0672004         1.7     643.151     254.238      59.156      3762.3     3294.96     7057.25     2366.92     2406.63    0.419309     -146.88      42.689     2067.13     2286.69     2.80939      21.244       0.016      5.9747     4.04827     4.17532     3.92824
       4900   0.0728005         1.7     649.877      254.45     57.1562     3766.36     3310.51     7076.86     2366.89     2406.43    0.418489    -147.515     42.6891     2067.14     2286.52     2.80963     19.5515       0.016     5.98047     4.05408     4.18233     3.93501
       4800   0.0753789         1.7     657.159     254.656     55.0682     3766.57      3326.6     7093.17     2367.14     2406.71     0.41769    -148.309     42.6891     2067.13     2286.34     2.80984     17.7756       0.016     5.98601     4.06011     4.18913     3.94156
       4700   0.0779986         1.7       664.7     254.854     52.9097     3772.78     3343.25     7116.03     2367.47     2407.11    0.416897    -149.181     42.6892     2067.19     2286.25     2.80995     15.9259       0.016     5.99135     4.06624     4.19567     3.94766
       4600   0.0690962         1.7     672.491     255.043     50.7121     3775.32        3358     7133.33     2367.86     2407.62     0.41612    -150.122     42.6892      2067.3     2286.23     2.80999     14.0315       0.016     5.99648     4.07239     3.80176     3.95329
       4500   0.0648557         1.7     679.396     255.232     48.4728     3779.57     3371.87     7151.44     2367.69     2407.18     0.41538    -150.915     42.6893     2067.34     2286.12     2.81014     12.0952       0.016      6.0014     4.07847     3.80674     3.95882
       4400   0.0733358         1.7      685.89     255.429     46.5752     3784.38     3387.54     7171.92     2367.34     2406.43    0.414674    -151.691     42.6893     2067.22     2285.82     2.81047     10.4026       0.016     6.00616     4.08443     3.81132     3.96456
       4300   0.0743318         1.7     693.225     255.622     44.8515     3786.74     3403.42     7190.16     2367.48     2406.53    0.413955    -152.677     42.6894     2067.12     2285.54     2.81072     8.86102       0.016     6.01085     4.09024     3.81582     3.97007
       4200   0.0767774         1.7      700.66     255.806     43.2196      3793.5     3419.82     7213.31     2367.63     2406.65    0.413223    -153.681     42.6894     2067.11     2285.38     2.81086     7.38875       0.016     6.01546     4.09592     3.82018     3.97509
       4100   0.0736095         1.7     708.335     255.981     41.6617      3804.2     3435.53     7239.74     2367.87     2406.93    0.412498    -154.725     42.6894     2067.16     2285.29     2.81092     5.97377       0.016     6.01993     4.10146     3.82436     3.97963
       4000   0.0803314         1.7     715.703     256.153     40.1535     3815.26     3452.68     7267.94      2367.9     2406.84    0.411791    -155.697     42.6894      2067.2      2285.2       2.811     4.59859       0.016     6.02425     4.10686     3.82837     3.98395
       3900   0.0871144         1.7     723.743     256.316     38.6701     3829.03     3471.27     7300.29     2368.28     2407.35    0.411092    -156.799     42.6894     2067.27     2285.15     2.81101     3.24104       0.016     6.02841      4.1121     3.83226     3.98792
       3800   0.0796398         1.7     732.447     256.465     37.1947     3841.23     3488.25     7329.48     2368.94     2408.32    0.410389        -158     42.6895     2067.47     2285.26     2.81083     1.88443       0.016     6.03239     4.11718     3.83592     3.99118
       3700    0.078363         1.7     740.409     256.608     35.1484     3857.51     3504.97     7362.47     2369.09     2408.42    0.409716     -159.02     42.6895     2067.67     2285.38      2.8107    0.147026       0.016     6.03614     4.12208     3.83928     3.99413
       3600   0.0770795         1.7     748.244     256.752     31.5613     3871.31     3521.42     7392.73     2369.16     2408.38    0.409078    -160.091     42.6895     2067.75     2285.36     2.81067    -2.87266       0.016     6.03966     4.12678     3.84253     3.99722
       3500   0.0848436         1.7      755.96     256.898     27.2991     3884.27     3539.52     7423.79     2369.16     2408.23    0.408452    -161.277     42.6895     2067.79     2285.28     2.81069    -6.47813       0.016     6.04305     4.13128     3.84577     3.60044
       3400   0.0795168         1.7     764.439     257.037     22.7776      3893.2     3556.48     7449.68     2369.57     2408.78    0.407817     -162.76     42.6895     2067.86     2285.26     2.81061    -10.3513       0.016     6.04633     4.13562     3.84891     3.60258
       3300   0.0805163         1.7     772.392     257.171     18.0094     3893.68     3573.66     7467.34     2369.63     2408.74    0.407191    -164.263     42.6895     2067.97     2285.28     2.81052    -14.4468       0.016     6.04949     4.13978     3.85167     3.60401
       3200   0.0815333         1.7     780.444     257.305     13.5843     3894.38     3591.06     7485.44     2369.75     2408.79    0.406581    -165.927     42.6895     2068.03     2285.24     2.81047    -18.3749       0.016     6.05253     4.14378     3.85418     3.60523
       3100   0.0806937         1.7     788.597     257.435     10.4821     3895.35     3608.27     7503.62     2369.91     2408.92    0.405976     -167.68     42.6895      2068.1     2285.22     2.81039    -21.2249       0.016     6.05547     4.14761      3.8565     3.60626
       3000   0.0798627         1.7     796.665     257.561     7.86031     3897.32     3625.31     7522.63        2370     2408.95    0.405378    -169.426     42.6895     2068.18      2285.2     2.81031    -23.6748       0.016      6.0583     4.15127     3.85868      3.6072
       2900   0.0835004         1.7     804.655     257.686     5.58359     3899.66     3643.12     7542.78     2370.05      2408.9    0.404789    -171.151     42.6895     2068.23     2285.16     2.81024    -25.8381       0.016     6.06103     4.15478     3.86077     3.60814
       2800   0.0820148         1.7     813.004     257.806     3.54629     3902.29     3660.62      7562.9     2370.29     2409.19      0.4042    -172.928     42.6895     2068.31     2285.16     2.81012    -27.7993       0.016     6.06367     4.15814     3.86279     3.60895
       2700   0.0983552         1.7     821.222     257.921     1.51002     3906.73      3681.6     7588.32     2370.43      2409.3    0.403615    -174.644     42.6895     2068.41     2285.19     2.80997    -29.7274       0.016      6.0662     4.16137     3.86469     3.60968
       2600   0.0745189         1.7     831.033     258.019   -0.878617     3920.44     3697.48     7617.91     2371.41     2410.83    0.403013    -176.642     42.6895     2068.66      2285.4     2.80958    -31.9499       0.016      6.0686     4.16446     3.86642     3.60984
       2500   0.0927477         1.7     838.503     258.119    -3.34502     3921.86     3717.26     7639.12     2370.99     2409.95    0.402453    -178.152     42.6895     2068.86     2285.55     2.80937    -34.2368       0.016      6.0708     4.16739     3.86792     3.61033
       2400   0.0909367         1.7     847.776     258.217    -5.84906      3922.3     3736.64     7658.95     2371.63     2410.91    0.401905    -180.054     42.6895     2068.97      2285.6     2.80914    -36.5603       0.016     6.07285     4.17017     3.86944     3.61081
       2300   0.0884396         1.7     856.868     258.303     -8.3856     3923.96     3755.49     7679.44     2372.07     2411.51    0.401342    -181.896     42.6895     2069.22     2285.83     2.80876    -38.9156       0.016     6.07477     4.17279      3.8708     3.61096
       2200   0.0859346         1.7     865.709     258.387      -10.78     3932.24      3773.8     7706.04     2372.32     2411.78    0.400801    -183.685     42.6895     2069.45     2286.02     2.80842    -41.1806       0.016     6.07652     4.17525     3.87202     3.61116
       2100   0.0859913         1.7     874.303     258.471    -12.7586     3933.49     3792.13     7725.62     2372.42     2411.81    0.400278    -185.419     42.6895      2069.6     2286.13     2.80816    -43.0995       0.016     6.07813     4.17755     3.87318     3.61154
       2000   0.0860489         1.7     882.902     258.557    -14.5626     3934.95     3810.47     7745.42     2372.53     2411.85     0.39976     -187.14     42.6896     2069.71     2286.19     2.80794    -44.8676       0.016     6.07964      4.1797     3.87435     3.61203
       1900   0.0886103         1.7     891.509     258.643    -16.2337     3937.31     3829.36     7766.67     2372.64     2411.91     0.39924    -188.841     42.6896     2069.81     2286.24     2.80771    -46.5206       0.016     6.08109     4.18173     3.87553     3.61255
       1800   0.0888547         1.7      900.37     258.726    -17.8053     3938.74      3848.3     7787.04     2372.89     2412.19    0.398712    -190.561     42.6896     2069.93     2286.31     2.80745     -48.086       0.016      6.0825     4.18384     3.87669     3.61299
       1700   0.0929816         1.7      909.26     258.805    -19.3938     3938.94     3868.13     7807.06     2373.13     2412.46    0.398182    -192.245     42.6896     2070.08     2286.43     2.80715    -49.6452       0.016     6.08386     4.18607     3.87778     3.61333
       1600    0.100426         1.7     918.566     258.879    -21.1769        3942     3889.53     7831.53     2373.56     2413.07    0.397648    -193.976     42.6896     2070.28      2286.6     2.80677    -51.3628       0.016     6.08516     4.18834     3.87879      3.6135
       1500   0.0920313         1.7       928.6      258.94    -23.0258     3945.58     3909.14     7854.72     2374.33     2414.24    0.397105    -195.801     42.6896     2070.59     2286.91     2.80624    -53.1376       0.016     6.08636     4.19059     3.87962     3.61328
       1400   0.0842611         1.7     937.795     258.999    -24.9092     3948.74     3927.09     7875.83     2374.54     2414.44    0.396586    -197.421     42.6896      2070.9     2287.23     2.80576    -54.9388       0.016      6.0874     4.19276     3.88025     3.61311
       1300   0.0875691         1.7     946.225     259.068    -26.8017     3955.76     3945.76     7901.52     2374.35     2413.95    0.396103    -198.901     42.6896     2071.03     2287.32      2.8055     -56.742       0.016     6.08832     4.19482      3.8809     3.61344
       1200   0.0908434         1.7     954.985     259.144    -28.4167     3974.62     3965.13     7939.74     2374.39     2413.89    0.395617    -200.464     42.6896     2071.07      2287.3      2.8053    -58.3576       0.016     6.08922     4.19679     3.88169     3.61399
       1100   0.0937662         1.7     964.072     259.217    -29.2805     3990.47     3985.12     7975.59     2374.61     2414.14    0.395108    -202.053     42.6896     2071.16     2287.35     2.80502    -59.3469       0.016     6.09016     4.19867     3.88255      3.6144
       1000   0.0960602         1.7     973.451     259.285    -29.8178     4004.28      4005.6     8009.88     2374.97     2414.62    0.394584    -203.618     42.6896     2071.33      2287.5     2.80465    -60.0535       0.016      6.0911     3.80043     3.88336     3.61459
        900   0.0952575         1.7     983.056     259.347    -30.0016     4018.59      4025.9     8044.49      2375.4     2415.23    0.394056    -205.125     42.6896     2071.56     2287.72      2.8042    -60.4649       0.016     6.09201     3.80144     3.88404     3.61458
        800    0.112144         1.7     992.599     259.403    -29.9177     4034.22     4049.82     8084.04     2375.76     2415.69    0.393536    -206.508     42.6896     2071.81     2287.97     2.80374    -60.6362       0.016     6.09282     3.80167     3.88458      3.6145
        700    0.115549         1.7     1003.82     259.441    -29.5342     4047.73     4074.45     8122.18     2376.97      2417.6    0.393001    -208.075     42.6896     2072.22     2288.41     2.80304    -60.5661       0.016     6.09349     3.80113     3.88488     3.61384
        600    0.102066         1.7     1015.36     259.455    -28.6935     4071.23     4096.17     8167.39     2378.17     2419.46    0.392465    -209.507     42.6896     2072.83     2289.11     2.80209     -60.106       0.016     6.09389     3.80084     3.88473     3.61255
        500   0.0994895         1.7     1025.56     259.467    -27.5523     4095.29     4117.34     8212.63      2378.5     2419.81    0.391987    -210.513     42.6896     2073.35      2289.7     2.80132    -59.3735       0.016     6.09392     3.80076     3.88426     3.61157
        400    0.109095         1.7     1035.52     259.488    -26.0864     4131.83     4140.58     8272.41     2378.69     2419.93    0.391552    -211.353     42.6896     2073.64     2290.03     2.80077    -58.3522       0.016      6.0937      3.8007     3.88381     3.61113
        300   0.0856557         1.7     1046.41     259.507    -24.3741     4157.74      4158.8     8316.54     2379.37     2420.92    0.391101    -212.232     42.6896     2073.94     2290.37     2.80014     -57.103       0.016     6.09336     3.80061     3.88343     3.61061
        200   0.0833568         1.7     1054.97     259.541    -22.1507     4190.49     4176.55     8367.04     2378.73     2419.66    0.390673    -212.541     42.6896      2074.1     2290.52     2.79978     -55.444       0.016     6.09295     3.80051     3.88312     3.61072
        100    0.102499         1.7     1063.32     259.598    -19.0031     4208.42     4198.41     8406.83     2378.14     2418.51    0.390257    -212.719     42.6896     2073.95     2290.31     2.79972     -52.984       0.016     6.09261     3.80041     3.88319     3.61162
          0    0.102309         1.7     1073.57     259.651    -15.3828     4213.38     4220.21     8433.59     2378.67      2419.3    0.389772    -213.093     42.6896     2073.95     2290.26     2.79941    -50.1007       0.016     6.09249     3.80035     3.88352     3.61209