      20000           0         0.9           0     179.437      354.04     78.9895     14.2831     93.2726     2343.43     2426.93    0.785391      6.5598     39.9574     2049.96      2345.7     2.72671     271.433       0.016     5.73044     4.59858     4.35318     4.39114
      19900           0         0.9           0     179.437      353.13     151.419     29.7361     181.156     2343.43     2426.93    0.785563     6.43382     39.9574     2049.96      2345.7     2.72686     270.633       0.016     5.73044     4.59858     4.35318     4.39114
      19800           0         0.9           0     179.437     352.506     228.894     46.3592     275.253     2343.43     2426.93    0.785735     6.30822     39.9574     2049.96      2345.7     2.72701     270.044       0.016     5.73044     4.59858     4.35318     4.39114
      19700           0         0.9           0     179.437     352.255     299.319     60.5222     359.841     2343.43     2426.93    0.785907     6.19879     39.9574     2049.96      2345.7     2.72716     269.745       0.016     5.73044     4.59858     4.35318     4.39114
      19600           0         0.9           0     179.437      352.29     351.209     72.5053     423.714     2343.43     2426.93    0.786079     6.12087     39.9574     2049.96      2345.7     2.72731     269.689       0.016     5.73044     4.59858     4.35318     4.39114
      19500           0         0.9           0     179.437     350.597     414.692     82.0183      496.71     2343.43     2426.93    0.786251     6.05158     39.9574     2049.96      2345.7     2.72746     268.519       0.016     5.73044     4.59858     4.35318     4.39114
      19400           0         0.9           0     179.437     347.879     487.353     94.1014     581.454     2343.43     2426.93    0.786423     5.90477     39.9574     2049.96      2345.7     2.72761     266.477       0.016     5.73044     4.59858     4.35318     4.39114
      19300           0         0.9           0     179.437     345.374     558.279     106.214     664.494     2343.43     2426.93    0.786595     5.65656     39.9574     2049.96      2345.7     2.72775     264.481       0.016     5.73044     4.59858     4.35318     4.39114
      19200           0         0.9           0     179.437     342.873     620.606     118.358     738.963     2343.43     2426.93    0.786767     5.32496     39.9574     2049.96      2345.7      2.7279     262.498       0.016     5.73044     4.59858     4.35318     4.39114
      19100           0         0.9           0     179.437      342.02     681.386     130.011     811.397     2343.43     2426.93    0.786938     4.94128     39.9574     2049.96      2345.7     2.72805     261.588       0.016     5.73044     4.59858     4.35318     4.39114
      19000           0         0.9           0     179.437     342.156      741.53     142.474     884.004     2343.43     2426.93     0.78711     4.58749     39.9574     2049.96      2345.7      2.7282     261.511       0.016     5.73044     4.59858     4.35318     4.39114
      18900           0         0.9           0     179.437     340.553     800.577     155.747     956.323     2343.43     2426.93    0.787281     4.26219     39.9574     2049.96      2345.7     2.72835      260.36       0.016     5.73044     4.59858     4.35318     4.39114
      18800           0         0.9           0     179.437     337.986     870.831      166.28     1037.11     2343.43     2426.93    0.787452     3.87637     39.9574     2049.96      2345.7      2.7285     258.368       0.016     5.73044     4.59858     4.35318     4.39114
      18700           0         0.9           0     179.437      336.21     952.601     178.113     1130.71     2343.43     2426.93    0.787624     3.41716     39.9574     2049.96      2345.7     2.72864     256.824       0.016     5.73044     4.59858     4.35318     4.39114
      18600           0         0.9           0     179.437     334.818     1047.59     192.576     1240.17     2343.43     2426.93    0.787795     2.92873     39.9574     2049.96      2345.7     2.72879     255.619       0.016     5.73044     4.59858     4.35318     4.39114
      18500           0         0.9           0     179.437     333.482     1150.05     201.259     1351.31     2343.43     2426.93    0.787966     2.42444     39.9574     2049.96      2345.7     2.72894     254.469       0.016     5.73044     4.59858     4.35318     4.39114
      18400           0         0.9           0     179.437     332.205     1219.19     209.492     1428.69     2343.43     2426.93    0.788137      1.9065     39.9574     2049.96      2345.7     2.72909     253.357       0.016     5.73044     4.59858     4.35318     4.39114
      18300           0         0.9           0     179.437     329.228      1275.7     218.075     1493.77     2343.43     2426.93    0.788308     1.34924     39.9574     2049.96      2345.7     2.72924     251.114       0.016     5.73044     4.59858     4.35318     4.39114
      18200           0         0.9           0     179.437       325.2      1360.8     226.658     1587.45     2343.43     2426.93    0.788478    0.672723     39.9574     2049.96      2345.7     2.72938      247.97       0.016     5.73044     4.59858     4.35318     4.39114
      18100           0         0.9           0     179.437     321.768     1469.79     234.714      1704.5     2343.43     2426.93    0.788649   -0.137283     39.9574     2049.96      2345.7     2.72953      245.11       0.016     5.73044     4.59858     4.35318     4.39114
      18000           0         0.9           0     179.437     318.559     1574.09     243.331     1817.42     2343.43     2426.93     0.78882    -1.04056     39.9574     2049.96      2345.7     2.72968     242.443       0.016     5.73044     4.59858     4.35318     4.39114
      17900           0         0.9           0     179.437      317.64     1670.99     253.364     1924.35     2343.43     2426.93     0.78899    -1.98653     39.9574     2049.96      2345.7     2.72983     241.293       0.016     5.73044     4.59858     4.35318     4.39114
      17800           0         0.9           0     179.437     318.134        1766     264.257     2030.25     2343.43     2426.93    0.789161    -2.86227     39.9574     2049.96      2345.7     2.72997     241.331       0.016     5.73044     4.59858     4.35318     4.39114
      17700           0         0.9           0     179.437     316.312     1860.47      274.54     2135.01     2343.43     2426.93    0.789331    -3.66765     39.9574     2049.96      2345.7     2.73012     239.957       0.016     5.73044     4.59858     4.35318     4.39114
      17600           0         0.9           0     179.437     313.229     1943.92     288.828     2232.75     2343.43     2426.93    0.789502    -4.52282     39.9574     2049.96      2345.7     2.73027     237.487       0.016     5.73044     4.59858     4.35318     4.39114
      17500           0         0.9           0     179.437     313.298     2011.35     302.776     2314.12     2343.43     2426.93    0.789672    -5.41147     39.9574     2049.96      2345.7     2.73042     237.026       0.016     5.73044     4.59858     4.35318     4.39114
      17400           0         0.9           0     182.115     344.137     2042.72     312.444     2355.16     2337.81     2427.24    0.817182    -7.03503     39.0482     2090.19     2390.75     2.64272     282.715       0.016      5.7211     4.59193      4.3525     4.39344
      17300           0         0.9           0     182.934     353.815     2073.54     322.233     2395.78     2333.75     2428.42    0.848489    -7.23612     38.2531     2099.33     2400.72     2.62299     291.111       0.016     5.71793     4.58375     4.34297     4.38361
      17200           0         0.9           0      183.39     359.881     2096.59     335.928     2432.52     2330.58     2429.87    0.876868    -7.02974     37.5586     2103.93      2405.7     2.61341     296.236       0.016     5.72125     4.57463     4.32783     4.36492
      17100           0         0.9           0     183.841     363.835     2099.91     350.717     2450.63     2328.02     2431.38    0.901834    -6.64495     36.9519     2107.52     2409.45     2.60581     299.608       0.016     5.72871     4.56346     4.30774     4.33998
      17000           0         0.9           0     184.395     366.328     2106.32     368.422     2474.74     2325.94     2432.88    0.923629    -6.19849      36.422     2110.68     2412.53     2.59894     301.804       0.016     5.73799     4.54879     4.28324     4.31057
      16900           0         0.9           0     185.076     363.157     2119.69     386.971     2506.66     2324.24     2434.34    0.942573    -5.83044     35.9588     2113.56      2415.1     2.59263     299.792       0.016     5.74731     4.52873     4.25519     4.27796
      16800           0         0.9           0     185.879      356.08     2132.94     406.282     2539.22     2322.88     2435.75     0.95898    -5.80695     35.5537     2116.22     2417.24     2.58687      294.26       0.016     5.75543     4.50524     4.22418     4.24311
      16700           0         0.9           0     186.789     347.713     2143.96     427.383     2571.34      2321.8     2437.11     0.97314    -6.22983      35.199      2118.7     2419.03     2.58162     287.424       0.016     5.76158     4.47861      4.5905     4.20736
      16600           0         0.9           0     187.792     338.163     2156.83      452.74     2609.57     2320.95     2438.38    0.985304    -7.09448     34.8882     2121.04     2420.52     2.57681     279.594       0.016     5.76538     4.44944     4.55473     4.57412
      16500           0         0.9           0     188.875     339.172     2164.82     472.218     2637.03      2320.3     2439.58    0.995708    -8.20911     34.6155     2123.26     2421.76      2.5724     279.344       0.016      5.7667     4.41878      4.5183     4.53859
      16400   0.0650992         0.9   0.0650992     190.027      347.24     2171.37     496.159     2667.52     2319.86     2440.74     1.00457    -8.99678      34.376     2125.37     2422.79     2.56833     285.676       0.016     5.76561     4.78854     4.48125     4.50183
      16300    0.112163         0.9     6.62209     191.255     352.208     2187.87      517.42     2705.29     2323.07     2444.98     1.01207    -10.7633     34.1655     2127.46     2423.71     2.56449     290.396       0.016     5.76229     4.75451     4.44433     4.46485
      16200   0.0764289         0.9     17.8027      192.57     355.532     2209.49     544.295     2753.78     2328.25     2450.87     1.01839    -12.9988     33.9801     2129.69     2424.68     2.56083     293.461       0.016     5.75694     4.71883     4.40773     4.42837
      16100   0.0108788         0.9       25.38     193.949     347.118     2227.46     574.083     2801.55     2330.71     2454.19     1.02373    -13.9605     33.8167     2132.04     2425.74     2.55738     287.824       0.016     5.74979     4.68222     4.77047      4.7952
      16000           0         0.9      26.457     195.348     330.811     2235.52     602.438     2837.95     2329.42     2454.01     1.02818    -13.8824     33.6725     2134.34     2426.72     2.55413      274.88       0.016      5.7411     4.64558      4.7343     4.76334
      15900           0         0.9      26.457      196.75      322.52     2238.73      629.54     2868.27     2327.99     2453.54     1.03182    -14.3998     33.5449     2136.44     2427.47       2.551     267.117       0.016     5.73109     4.61053     4.69888     4.73049
      15800   0.0241279         0.9     26.4811      198.16     319.065     2245.05      653.74     2898.79     2326.96      2453.3      1.0347    -15.2517      33.432     2138.35     2428.01     2.54793     264.013       0.016     5.72002     4.97653     4.66435     4.69751
      15700   0.0347811         0.9     28.9046     199.586     316.796     2252.15     677.665     2929.81     2327.49     2454.35      1.0369    -16.7333     33.3317     2140.16     2428.41     2.54486     262.106       0.016     5.70811     4.94139     4.63083     4.66506
      15600   0.0393767         0.9     32.3873     201.033     315.553     2260.74     699.392     2960.13     2328.58     2455.81      1.0385    -18.3479     33.2426     2141.95     2428.77     2.54178     261.038       0.016     5.69564     4.90609     4.99821     4.63354
      15500   0.0372942         0.9     36.3229     202.497      313.55     2269.35     720.425     2989.78     2329.82     2457.33     1.03961    -19.8947     33.1631     2143.74     2429.14     2.53868     259.531       0.016     5.68299     4.87123     4.96503     4.60444
      15400   0.0759505         0.9     40.0909     203.973     311.157     2282.87     740.458     3023.32     2330.85     2458.59     1.04027    -21.2851     33.0921     2145.54     2429.51     2.53554     257.629       0.016     5.67024     4.83726     4.93383     4.97954
      15300    0.130851         0.9     47.7409     205.467     310.323     2304.51     762.307     3066.82      2333.9      2461.6     1.04054    -23.4415     33.0283     2147.38     2429.92     2.53231     256.877       0.016     5.65749     4.80611      4.9043     4.95414
      15200     0.17251         0.9     60.8676     206.999     310.483      2327.1     783.381     3110.48     2339.46     2466.85     1.04048    -26.4646     32.9709     2149.35     2430.47     2.52898     257.068       0.016     5.64488     5.17612     4.87628     4.92916
      15100     0.24965         0.9     78.1958     208.578     316.855     2358.61     803.576     3162.18     2346.46     2473.38     1.04016    -29.7307      32.919     2151.56     2431.27     2.52554     262.005       0.016     5.63254     5.14566      4.8498     4.90513
      15000    0.317444         0.9     103.229     210.215     327.481     2404.04     822.663      3226.7     2356.58     2482.74     1.03964    -33.6006     32.8718     2154.09     2432.39     2.52196     270.926       0.016     5.62053     5.11588     4.82471     4.88234
      14900    0.372113         0.9     135.028     211.924     335.564     2460.06     839.386     3299.45     2368.83     2494.07     1.03899     -37.572     32.8288     2157.02     2433.94     2.51822     278.356       0.016     5.60892     5.08705     4.80101     4.86096
      14800    0.351273         0.9     172.218     213.703     342.231     2527.23     854.961     3382.19     2382.19     2506.45     1.03825    -41.4065     32.7892     2160.41     2435.96     2.51434     284.405       0.016     5.59776     5.05938     5.17762     4.84095
      14700           0         0.9     206.994     215.474     333.228     2587.46     868.481     3455.94     2392.34        2516     1.03749    -43.7311     32.7525     2164.12     2438.38     2.51088     278.584       0.016     5.58715     5.03311     5.15543     4.82194
      14600           0         0.9     206.994     208.364      264.81     2607.23     895.957     3503.19      2386.2     2505.54     1.00562      -39.36     33.7363     2135.04     2411.92     2.66862     199.512       0.016     6.45735     5.19088     4.88291     4.83167
      14500           0         0.9     206.994     206.269     238.097     2610.78     929.036     3539.81     2381.96     2496.99    0.971312    -40.4226     34.6823     2127.06     2404.83     2.69243     174.185       0.016     6.66451     4.99915     4.62053     4.89014
      14400           0         0.9     206.994      206.47     221.602     2614.77      963.92     3578.69     2379.38     2489.91    0.935878    -43.3713     35.5885     2121.62     2398.09     2.70161     159.371       0.016       6.501     4.72221     4.67768     4.96448
      14300           0         0.9     206.994     207.454     207.353      2621.7     995.616     3617.32     2378.01     2483.88    0.899415    -46.8308     36.4418     2117.16     2391.59     2.70949     147.592       0.016       6.501     4.77756     4.69464     4.62734
      14200           0         0.9     206.994     208.657     195.183     2635.38     1025.51     3660.89     2377.46     2478.64    0.863039    -50.3002     37.2291     2113.25     2385.52      2.7169      137.69       0.016       6.501      4.7875     4.69193     4.67123
      14100           0         0.9     206.994     209.885     188.624     2649.63     1053.96     3703.58     2377.39     2474.01    0.827808    -53.4951     37.9427     2109.77     2379.95     2.72375     132.005       0.016       6.501     4.77303     4.68388     4.70671
      14000           0         0.9     206.994     211.079     185.582     2673.14     1079.87     3753.01     2377.58     2469.82    0.794493    -56.1746     38.5803     2106.64     2374.87     2.73003     129.366       0.016       6.501     4.74867      4.6772     4.73593
      13900           0         0.9     206.994     212.228     180.544     2701.92     1108.21     3810.12     2377.86     2465.98    0.763566    -58.3658     39.1438     2103.83     2370.22     2.73581      125.64       0.016       6.501     4.72301     4.67433     4.76145
      13800           0         0.9     206.994     213.334      174.64     2721.98     1133.39     3855.36     2378.14     2462.42    0.735248    -60.2964     39.6376     2101.27     2365.94     2.74119     121.077       0.016       6.501     4.70058     4.67589     4.78532
      13700           0         0.9     206.994     214.401      170.33     2757.97     1160.34      3918.3     2378.35     2459.08    0.709586    -62.0566     40.0676     2098.94     2361.98     2.74624     117.575       0.016       6.501     4.68346     4.68177     4.40756
      13600           0         0.9     206.994     215.436     166.908     2786.73     1186.11     3972.83     2378.47     2455.94    0.686521    -63.6386     40.4403     2096.79     2358.29     2.75104     114.845       0.016       6.501     4.67227     4.69005     4.42167
      13500           0         0.9     206.994     216.438     170.125     2815.84      1205.5     4021.34     2378.49     2452.99    0.665914    -64.9632     40.7621     2094.82     2354.86      2.7556     116.825       0.016       6.501     4.66686     4.69988     4.43661
      13400           0         0.9     206.994     217.409     177.367     2843.57     1227.13      4070.7     2378.41      2450.2    0.647568    -65.7611     41.0391     2092.99     2351.64     2.75996     122.333       0.016       6.501      4.6667     4.71257     4.45464
      13300           0         0.9     206.994     218.352     174.347     2871.96     1245.64      4117.6     2378.21     2447.54    0.631271    -66.1712      41.277     2091.29     2348.62     2.76416     120.974       0.016       6.501     4.67124     4.72855     4.47526
      13200           0         0.9     206.994     221.871     195.268     2883.04     1263.68     4146.72     2370.75     2445.22    0.668067    -66.5967     40.2965     2127.82     2388.14       2.653     154.147       0.016     6.71704     4.67296     4.75397     4.49551
      13100  0.00568369         0.9         207     224.093     201.935     2888.05     1275.45     4163.51     2364.68     2443.84    0.705766    -65.9711     39.3976     2136.78     2396.47     2.62389     160.622       0.016     6.37016     4.66942     4.77111     4.50737
      13000           0         0.9     207.562     225.892     207.858     2901.07     1288.05     4189.12     2359.82     2443.11    0.739832    -65.0883     38.5929     2141.17     2399.83      2.6088     166.508       0.016     6.57893      4.6526     4.77337     4.51039
      12900   0.0558819         0.9     207.618     227.343     214.192     2903.25     1299.41     4202.66     2355.36     2442.31    0.769914    -63.8962     37.8817     2144.16     2401.89     2.59786      172.46       0.016     5.94049     4.62772     4.76562     4.50486
      12800   0.0833164         0.9     213.234     228.467     220.564     2913.67     1311.83      4225.5      2354.5     2444.36    0.796391    -63.7801     37.2566     2146.42     2403.42     2.58951     178.403       0.016      6.0708     4.60215     4.75253     4.49255
      12700   0.0288796         0.9     221.511     229.512     222.779     2918.73     1324.92     4243.64     2355.06     2447.37    0.819738     -64.006      36.708     2148.48      2404.8     2.58181     181.061       0.016     6.17705     4.97557     4.73621      4.4756
      12600           0         0.9      224.37     230.669     222.083     2932.44      1339.4     4271.84     2352.53     2447.32    0.840177    -63.0366      36.226     2150.57     2406.12     2.57367     180.965       0.016     5.45826     4.94653     4.71604       4.455
      12500           0         0.9      224.37     231.862     221.939     2943.63     1354.53     4298.16     2348.92     2446.03    0.857998    -61.7835     35.8017     2152.55     2407.27     2.56583     181.025       0.016     5.52049     4.91634     4.69307     4.43136
      12400           0         0.9      224.37     233.072     221.928     2956.93     1367.55     4324.48     2345.93     2445.06    0.873484    -60.9011     35.4274     2154.39     2408.25     2.55832     181.257       0.016     5.56872     4.88613     4.66871     4.40677
      12300           0         0.9      224.37     234.299     220.596     2959.27     1380.04     4339.31     2343.41      2444.3      0.8869    -60.3475     35.0963     2156.12     2409.09     2.55106     180.418       0.016     5.60566     4.85655     4.64533     4.78475
      12200   0.0753278         0.9     224.446     235.542     218.278      2971.4      1393.8      4365.2     2341.33     2443.72    0.898502     -60.154     34.8029     2157.78     2409.84       2.544     178.636       0.016     5.63351     4.82815       4.624     4.76111
      12100    0.141373         0.9     232.044     236.827     217.414     2992.51     1409.42     4401.93     2343.62     2446.92    0.908519     -61.861     34.5423     2159.45     2410.57     2.53706     177.852       0.016     5.65412      4.8034     4.60338     4.73727
      12000    0.206205         0.9     246.246     238.184     217.365     3022.35     1421.33     4443.68     2349.01      2452.8    0.917179    -64.7921     34.3104     2161.33     2411.48     2.53014     177.842       0.016     5.66897     5.18023     4.98195     4.71406
      11900    0.242252         0.9     266.903      239.63     218.131     3056.89     1436.25     4493.15     2356.96     2460.91    0.924692    -68.6055     34.1037     2163.54     2412.71     2.52323     178.483       0.016     5.67923     5.15694     4.95984     4.69154
      11800    0.329817         0.9     291.216     241.165     219.459     3097.25     1450.13     4547.38     2365.61     2469.63    0.931229    -72.4706     33.9194     2166.14     2414.32     2.51631     179.629       0.016     5.68578     5.13382      4.9378     4.66967
      11700    0.116442         0.9     323.984     242.799     228.178     3149.68     1463.91     4613.59     2377.51     2481.26    0.936914    -77.2046     33.7547     2169.14     2416.33     2.50932     186.543       0.016     5.68931     5.11121     4.91605     4.64854
      11600   0.0694393         0.9     335.581     231.082     202.559     3183.12     1490.19     4673.31     2380.47     2479.44    0.908627    -76.2855     34.6333        2134     2386.23       2.691     145.865       0.016     5.91785     4.87178     4.64396     4.65282
      11500  0.00781322         0.9     342.464     227.168     184.668     3208.35     1528.79     4737.15     2380.64     2475.58    0.877809    -77.0844     35.4829     2126.75     2381.59     2.71539     130.141       0.016     6.39382     4.68369     4.77989     4.70714
      11400   0.0125825         0.9      343.25     226.674     160.914     3222.31     1570.07     4792.38     2378.28     2469.52    0.846239    -78.3282     36.2999     2122.12     2376.62     2.72249     110.532       0.016     6.22026     4.41857     4.44149     4.77864
      11300   0.0147822         0.9      344.51     227.395     149.647     3229.85     1608.15     4838.01     2377.34     2464.69    0.813588    -80.8115     37.0709      2118.2     2371.24     2.72844     100.068       0.016     6.72047     4.47131     4.45888     4.43591
      11200           0         0.9     345.974       228.5     145.308     3232.52      1644.5     4877.03     2377.22     2460.64    0.780738    -83.3661     37.7829     2114.82     2366.14     2.73428     96.0509       0.016      6.6667     4.48132     4.45628     4.47729
      11100           0         0.9     345.974     229.682     137.513      3250.2     1679.72     4929.93     2376.74     2456.35    0.748754    -85.3682     38.4281     2111.77     2361.36     2.73981     90.1196       0.016     6.64221     4.46794     4.44755     4.50956
      11000           0         0.9     345.974     230.841      128.11     3276.69     1713.68     4990.37     2376.61     2452.55    0.718408    -87.3887     39.0042     2108.96     2356.89     2.74492     82.6571       0.016     6.63629     4.44475     4.43925     4.53492
      10900           0         0.9     345.974     231.957     122.711     3293.85     1749.32     5043.18     2376.67      2449.1    0.690162    -89.4157     39.5127     2106.42     2352.79     2.74963     77.9598       0.016     6.64232     4.42017     4.43397     4.55603
      10800           0         0.9     345.974     233.031     119.566     3299.37     1781.84     5081.21     2376.78     2445.94     0.66426    -91.2725     39.9577     2104.11     2349.03     2.75398     75.2605       0.016     6.65611     4.40552     4.43262     4.57504
      10700           0         0.9     345.974     234.076     115.513     3306.51     1813.99      5120.5     2376.88        2443    0.640772    -92.9587     40.3448     2102.02     2345.55     2.75806     72.0462       0.016     6.67508     4.79873     4.43554     4.59354
      10600           0         0.9     345.974       235.1     111.064     3317.87     1845.79     5163.66     2376.93     2440.23    0.619647     -94.581     40.6796      2100.1     2342.31     2.76194      68.427       0.016     6.69757     4.79512     4.44238     4.20987
      10500           0         0.9     345.974     236.101     108.356     3329.47     1877.19     5206.66     2376.91     2437.64    0.600775    -96.1568     40.9683     2098.32     2339.26     2.76566     66.0313       0.016     6.72243      4.7947     4.45113     4.22059
      10400           0         0.9     345.974     237.078     106.666      3341.7     1906.31     5248.01     2376.81      2435.2    0.583993    -97.6262     41.2164     2096.68     2336.41     2.76925     64.5321       0.016     6.74881     4.79772     4.46134     4.23278
      10300           0         0.9     345.974     238.027     105.569     3347.32     1933.18     5280.51     2376.63     2432.87    0.569104     -98.979     41.4292     2095.15     2333.72      2.7727     63.5272       0.016      6.7761     4.40343     4.47392     4.24804
      10200           0         0.9     345.974     238.952      104.39     3353.81     1959.93     5313.74     2376.36     2430.64    0.555913    -100.221     41.6113     2093.71     2331.17     2.77603     62.5536       0.016     6.20361     4.40981     4.48899     4.26577
      10100           0         0.9     345.974     239.851     102.193     3376.43     1983.78     5360.21     2376.01     2428.48     0.54423    -101.415     41.7671     2092.35     2328.74     2.77926     60.7545       0.016     6.22921     4.41704     4.50629     4.28557
      10000           0         0.9     345.974     240.725     99.6696     3392.46     2007.05     5399.52     2375.58     2426.37    0.533878    -102.617     41.9003     2091.05     2326.42     2.78239     58.6765       0.016     6.25445     4.42515     4.52544     4.30712
       9900           0         0.9     345.974     241.575     96.9749     3397.62     2029.78      5427.4     2375.08     2424.31    0.524696    -103.845      42.014      2089.8     2324.18     2.78544     56.4405       0.016     6.27933     4.43412     4.54612     4.33014
       9800           0         0.9     345.974     242.401     94.1463     3403.85     2051.12     5454.97     2374.51     2422.29    0.516536    -105.113     42.1111      2088.6     2322.02      2.7884     54.0828       0.016     6.30383     4.44389     4.56803     4.35436
       9700           0         0.9     345.974     243.206     91.2095      3404.8      2071.1      5475.9     2373.89      2420.3    0.509267    -106.425     42.1939     2087.44     2319.93     2.79128     51.6226       0.016     6.32795     4.45589     4.59096     4.37957
       9600   0.0864684         0.9      346.06     243.995     88.1855      3406.4     2089.74     5496.14     2373.27     2418.39    0.502773    -107.805     42.2647     2086.31      2317.9     2.79409      49.077       0.016      6.3517     4.47075     4.21261      4.0049
       9500   0.0797343         0.9       354.7     244.803     84.9447     3409.27     2107.01     5516.28     2377.12     2420.61    0.496894    -110.913     42.3252     2085.73     2316.51     2.79672     46.3201       0.016     6.37513     4.48765     4.22893     4.02148
       9400    0.090663         0.9     362.685     245.628     82.3915     3429.14     2126.58     5555.72      2379.7     2421.79     0.49166    -113.529     42.3768     2085.75     2315.81     2.79923     44.0222       0.016     6.39824     4.50588      4.2438     4.03662
       9300   0.0799535         0.9      371.74     246.452     80.2418     3448.45     2143.93     5592.38     2382.24     2423.06    0.487061    -116.089      42.421      2085.9     2315.26     2.80166     42.0778       0.016     6.42096     4.52506      4.2609     4.05349
       9200   0.0755355         0.9     379.731     247.268     78.3353     3466.95     2160.36     5627.32     2383.66     2423.39    0.483003    -118.183     42.4588     2086.02     2314.69     2.80402      40.338       0.016     6.44333     4.54505     4.27959     4.07184
       9100   0.0635289         0.9     387.273     248.072     76.6104      3477.6     2174.29     5651.89     2384.51     2423.28    0.479384    -120.034     42.4911     2086.01     2313.98     2.80634     38.7564       0.016     6.46536     4.56573     4.29942     4.09138
       9000   0.0468105         0.9     393.609     248.859     75.0485     3486.29     2184.73     5671.03     2384.52     2422.43    0.476113    -121.546     42.5188     2085.82     2313.08     2.80862     37.3196       0.016     6.48708       4.587      4.3201     4.11185
       8900   0.0496449         0.9     398.293     249.627     73.6599      3505.8     2195.76     5701.56     2383.61     2420.77    0.473118    -122.702     42.5426     2085.41     2311.93     2.81089     36.0368       0.016     6.50851     4.20746     4.34142     4.13303
       8800   0.0454967         0.9     403.253     250.375     72.3942     3513.89     2205.91      5719.8     2382.97     2419.37     0.47032    -123.946     42.5629     2084.85     2310.64     2.81313     34.8653       0.016      6.5298     4.22115     4.36312     4.15478
       8700   0.0414548         0.9     407.799     251.103     71.2299     3514.54      2215.2     5729.75     2382.15     2417.83    0.467681    -125.109     42.5804     2084.26     2309.33     2.81532     33.7835       0.016     6.55114     4.23211     4.38491     4.17698
       8600   0.0388186         0.9     411.941     251.811     70.1579     3519.04     2223.94     5742.98     2381.21     2416.17    0.465187    -126.202     42.5954     2083.62     2307.99     2.81746     32.7843       0.016     6.57231     4.24524     4.00607     4.19944
       8500   0.0362787         0.9     415.821     252.501     69.1652     3520.77     2232.14     5752.91     2380.23      2414.5    0.462824    -127.257     42.6083     2082.96     2306.64     2.81955     31.8567       0.016     6.59323     4.26055     4.02222     3.81578
       8400   0.0360039         0.9     419.448     253.172     68.6796     3522.48     2240.27     5762.75     2379.24     2412.85    0.460599    -128.263     42.6195     2082.31     2305.31     2.82157     31.3134       0.016     5.81248     4.27714     4.03484     3.82707
       8300   0.0185912         0.9     423.031     253.822     68.5225     3532.22     2244.75     5776.97     2378.35     2411.33      0.4585    -129.238      42.629     2081.68     2304.04     2.82352     31.0654       0.016     5.83008      4.2944     4.04805     3.83929
       8200   0.0184515         0.9      424.89     254.445     68.6179     3537.54     2249.18     5786.72     2376.65     2409.11    0.456527    -129.839     42.6372     2080.99     2302.71     2.82543     31.0399       0.016     5.84683       4.312     4.06255     3.85258
       8100   0.0183904         0.9     426.735     255.045     68.9239     3545.96     2253.58     5799.54     2375.22     2407.14     0.45465    -130.459     42.6443     2080.22     2301.32     2.82728      31.204       0.016     5.86293     4.32977     4.07783     3.86682
       8000   0.0169503         0.9     428.573      255.63     69.3937     3546.42     2257.68     5804.09     2373.97     2405.35    0.452843     -131.07     42.6505     2079.47     2299.95     2.82909     31.5169       0.016     5.87851     4.34763     4.09365     3.88186
       7900    0.015567         0.9     430.267     256.201     70.0753     3556.06     2261.47     5817.54     2372.79     2403.64    0.451106    -131.622     42.6557     2078.74     2298.63     2.83086     32.0121       0.016     5.89369     4.36549     4.10988     3.89757
       7800   0.0114808         0.9     431.819     256.762     70.9274     3563.43     2264.41     5827.84     2371.68     2401.99    0.449436    -132.105     42.6603     2078.03     2297.34     2.83259     32.6653       0.016     5.90854     4.38334     4.12642     3.91382
       7700    0.012235         0.9     432.968     257.313     71.9413     3568.55      2267.5     5836.05     2370.46     2400.27    0.447832    -132.462     42.6642     2077.31     2296.06     2.83431     33.4657       0.016     5.92313     4.00107     4.14322     3.93049
       7600  0.00827265         0.9     434.188     257.853     73.1209     3575.81     2269.75     5845.56     2369.42     2398.71    0.446285    -132.788     42.6676      2076.6     2294.79       2.836     34.4185       0.016     5.93749     4.01425     4.16019     3.94749
       7500  0.00452861         0.9     435.011     258.378     74.4425     3588.43     2271.19     5859.62     2368.27     2397.05    0.444793    -132.976     42.6706     2075.89     2293.54     2.83767     35.5039       0.016     5.95158     4.02384     4.17712     3.96474
       7400 0.000880266         0.9      435.46     258.885     74.8482     3604.29     2271.86     5876.15     2367.04     2395.33    0.443354     -133.06     42.6731     2075.15     2292.27      2.8393     35.9398       0.016     5.96535     4.03209     4.19388     3.98208
       7300  0.00687415         0.9     435.554     259.371     74.7389     3621.49     2273.76     5895.25     2365.75     2393.56    0.441964    -133.104     42.6753      2074.4     2291.01      2.8409     35.9165       0.016     5.97877      4.0412     3.80914     3.99936
       7200   0.0129051         0.9     436.248     259.842     74.3477     3642.35     2276.92     5919.27     2364.93     2392.23    0.440616    -133.315     42.6772     2073.69      2289.8     2.84244      35.654       0.016     5.99183     4.05191     3.82115     3.61205
       7100  0.00743889         0.9     437.533     260.302     73.7534     3663.89     2278.92     5942.81     2364.48     2391.27    0.439329     -133.66     42.6788      2073.1     2288.75     2.84391     35.2145       0.016     6.00452     4.06355     3.83083     3.61996
       7000           0         0.9     438.269     260.746     73.0208     3677.77     2282.07     5959.83     2363.74     2390.08    0.438123    -133.897     42.6803     2072.58     2287.78     2.84532     34.6528       0.016     6.01682     4.07563      3.8393     3.62768
       6900           0         0.9     438.269      261.17     72.2063     3691.62     2285.14     5976.76     2362.68     2388.64    0.436996    -134.023     42.6815     2072.02      2286.8     2.84668     34.0173       0.016     6.02872     4.08789     3.84821      3.6361
       6800  0.00444131         0.9     438.274     261.576     71.3227     3703.64     2286.46      5990.1     2361.76     2387.34    0.435926     -134.21     42.6826     2071.44      2285.8       2.848      33.319       0.016     6.04022     4.10021     3.85804      3.6452
       6700           0         0.9     438.713     261.972     70.3827     3715.19     2286.59     6001.78     2361.17     2386.35    0.434895    -134.532     42.6835      2070.9     2284.86     2.84927     32.5649       0.016     6.05139     4.11254     3.86844     3.65495
       6600           0         0.9     438.713     262.359     69.4234     3727.42     2289.55     6016.96     2360.38     2385.19    0.433907    -134.791     42.6843     2070.39     2283.97     2.85051     31.7886       0.016     6.06228     4.12487     3.87924     3.66523
       6500           0         0.9     438.713     262.738     68.4345     3736.73     2291.18     6027.92     2359.66     2384.11     0.43296    -135.092      42.685     2069.87     2283.07     2.85173      30.983       0.016     6.07293     4.13717     3.89031     3.67595
       6400           0         0.9     438.713      263.11     67.7256     3745.46     2293.09     6038.55     2358.99     2383.09    0.432045    -135.422     42.6856     2069.37     2282.19     2.85292     30.3773       0.016     6.08338     4.14941      3.9016     3.68701
       6300           0         0.9     438.713     263.476     67.1782     3754.96     2293.62     6048.58     2358.38     2382.12    0.431158    -135.761     42.6861     2068.87     2281.33      2.8541     29.9147       0.016     6.09365      4.1616     3.91305     3.69834
       6200           0         0.9     438.713     263.838     66.7278     3772.42     2293.66     6066.08     2357.79     2381.18    0.430299      -136.1     42.6866     2068.39     2280.49     2.85526     29.5316       0.016     6.10379     4.17372     3.92461     3.70989
       6100 0.000488518         0.9     438.714     264.196     66.3639      3790.7     2294.11     6084.81     2357.24     2380.28    0.429463    -136.434      42.687     2067.92     2279.66     2.85641     29.2215       0.016     6.11385     4.18578     3.93627      3.7216
       6000  0.00284249         0.9     438.765     264.551      66.057     3798.06     2295.06     6093.12     2356.74     2379.43     0.42865    -136.768     42.6873     2067.47     2278.86     2.85755     28.9604       0.016     6.12417     4.19778       3.948     3.73345
       5900           0         0.9     439.047     264.905     65.7915     3807.31     2296.27     6103.58     2356.37      2378.7    0.427855    -137.133     42.6876     2067.03     2278.08     2.85867     28.7351       0.016      6.1347     3.80803     3.95981     3.74541
       5800           0         0.9     439.047     265.256     65.5652     3822.78     2296.51     6119.29     2355.84     2377.83    0.427082    -137.419     42.6879     2066.61     2277.32     2.85978     28.5444       0.016     6.14531     3.81568     3.97163     3.75744
       5700           0         0.9     439.047       265.6     65.3726     3828.46     2296.81     6125.27     2355.34     2376.99    0.426327    -137.696     42.6881     2066.17     2276.54     2.86089     28.3839       0.016     6.15591     3.82229     3.98339     3.76951
       5600           0         0.9     439.047     265.937     65.2089     3832.39     2297.02     6129.41     2354.85     2376.16    0.425587    -137.962     42.6883     2065.74     2275.78     2.86197     28.2489       0.016     6.16642      3.8285     3.99504     3.78158
       5500           0         0.9     439.047     266.268     65.0704     3846.23     2297.16     6143.38     2354.38     2375.36    0.424861    -138.216     42.6885     2065.31     2275.03     2.86303     28.1366       0.016     6.17682     3.83461     3.60594     3.79358
       5400           0         0.9     439.047     266.592      64.232     3859.37     2297.32      6156.7     2353.92     2374.57    0.424149    -138.472     42.6886     2064.89      2274.3     2.86407     27.5062       0.016     6.18708     3.84074     3.61518     3.40447
       5300           0         0.9     439.047     266.907     62.9697     3864.92     2297.78     6162.71     2353.47     2373.81     0.42346    -138.765     42.6887     2064.49     2273.59     2.86509     26.4919       0.016     6.19715     3.84695     3.62316     3.41156
       5200   0.0108189         0.9     439.057     267.214     61.4714     3882.75     2300.37     6183.12     2353.06     2373.09    0.422801    -139.113     42.6888      2064.1     2272.91     2.86607     25.2677       0.016     5.40628     3.85395     3.62995     3.41654
       5100  0.00660086         0.9     440.135     267.514     59.8023     3887.53     2302.05     6189.58     2353.24     2372.93    0.422169    -139.722     42.6889      2063.8     2272.34       2.867     23.8872       0.016     5.41451     3.86157     3.63594     3.42073
       5000  0.00243891         0.9     440.791     267.806     57.9932     3889.06     2302.85     6191.91      2353.1     2372.51    0.421576     -140.26      42.689     2063.58     2271.85     2.86788     22.3769       0.016     5.42225     3.86949     3.64169     3.42561
       4900  0.00776524         0.9      441.04     268.087     56.1064     3892.07     2304.76     6196.83     2352.73     2371.89    0.421024    -140.764     42.6891     2063.32     2271.34     2.86875     20.7887       0.016      5.4296     3.87753      3.6475     3.43102
       4800    0.010043         0.9     441.819     268.358     54.1335     3893.22     2307.15     6200.37     2352.66     2371.56    0.420494    -141.434     42.6891     2063.07     2270.85     2.86957      19.118       0.016     5.43663     3.88558     3.65345     3.43679
       4700   0.0123371         0.9     442.826     268.624     52.0901     3900.25     2310.03     6210.28     2352.68     2371.32    0.419982    -142.187     42.6892     2062.87     2270.42     2.87037     17.3741       0.016     5.44339     3.89359     3.65953     3.44284
       4600  0.00312266         0.9      444.05     268.887     50.0069     3902.08     2310.94     6213.03     2352.77     2371.14    0.419492    -143.012     42.6892     2062.71     2270.03     2.87113     15.5857       0.016     5.44993     3.90152     3.66573     3.44909
       4500           0         0.9     444.359     269.141      47.883     3905.74     2310.98     6216.73     2352.31     2370.49     0.41903    -143.689     42.6893     2062.52     2269.62     2.87189     13.7551       0.016     5.45627     3.90936     3.67209     3.45548
       4400  0.00696918         0.9     444.366     269.385     46.0939     3910.07      2312.7     6222.77     2351.75     2369.74    0.418585    -144.375     42.6893     2062.24     2269.11     2.87265     12.1639       0.016     5.46243      3.9171     3.67874     3.46199
       4300  0.00773027         0.9     445.064     269.624     44.4773     3912.06     2314.57     6226.63     2351.63     2369.39    0.418136    -145.245     42.6894     2061.97     2268.62     2.87338     10.7235       0.016     5.46844     3.92474     3.68557     3.46866
       4200   0.0099074         0.9     445.839     269.862     42.9496     3918.54     2316.91     6235.46     2351.52     2369.05     0.41769    -146.138     42.6894     2061.76      2268.2     2.87409     9.35205       0.016     5.47433     3.93228     3.69249      3.4755
       4100  0.00645047         0.9     446.826     270.099     41.4926     3929.08     2318.51      6247.6      2351.5      2368.8    0.417253    -147.073     42.6894     2061.57      2267.8     2.87478     8.03696       0.016     5.48011     3.93974     3.69949     3.48247
       4000   0.0128738         0.9     447.478     270.333     40.0835     3940.07     2321.48     6261.55     2351.26     2368.36     0.41683    -147.937     42.6894     2061.38     2267.41     2.87548     6.76059       0.016      5.4858     3.94711     3.70653     3.48952
       3900   0.0192695         0.9     448.772     270.566     38.6967     3953.86     2325.82     6279.68     2351.37     2368.23    0.416413    -148.934     42.6894     2061.21     2267.03     2.87615     5.50099       0.016     5.49141     3.95441     3.71359     3.49665
       3800   0.0113517         0.9     450.691     270.803     37.3145     3966.18     2328.46     6294.65     2351.74     2368.35    0.416001    -150.031     42.6895     2061.11     2266.75      2.8768     4.24192       0.016     5.49696     3.96164     3.72067     3.50386
       3700  0.00967492         0.9     451.824     271.038     35.3734     3982.69     2330.75     6313.44     2351.59     2367.99    0.415609    -150.943     42.6895     2061.02     2266.46     2.87746     2.60385       0.016     5.50245      3.9688     3.72777     3.51109
       3600  0.00801772         0.9      452.79      271.27     31.9105     3996.84     2332.68     6329.52     2351.35     2367.56    0.415231    -151.905     42.6895     2060.86      2266.1     2.87812   -0.312788       0.016     5.50788      3.9759     3.73486     3.51832
       3500   0.0153977         0.9     453.599     271.497     27.7838     4010.29     2336.18     6346.47     2351.04     2367.07    0.414854     -152.98     42.6895     2060.66     2265.71     2.87877    -3.81086       0.016     5.51326     3.98294     3.74192     3.52552
       3400  0.00964308         0.9     455.133     271.724     23.4008     4019.83     2338.46     6358.29     2351.15     2366.94    0.414468    -154.355     42.6895     2060.49     2265.34     2.87941    -7.57313       0.016     5.51859     3.98991     3.74895     3.53272
       3300   0.0102366         0.9     456.098      271.95     18.7757     4020.11     2340.86     6360.97     2350.89     2366.49    0.414086    -155.747     42.6895     2060.34        2265     2.88004    -11.5552       0.016     5.52387     3.99683     3.75595     3.53991
       3200   0.0108416         0.9     457.122     272.172     14.4828     4021.71     2343.39      6365.1     2350.68     2366.09    0.413708    -157.301     42.6895     2060.15     2264.62     2.88068    -15.3707       0.016      5.5291     3.60326     3.76291     3.54706
       3100  0.00959139         0.9     458.205     272.393     11.4957     4021.75     2345.64      6367.4     2350.51     2365.73    0.413329    -158.943     42.6895     2059.97     2264.25      2.8813    -18.1114       0.016     5.53427     3.60829     3.76982     3.55419
       3000  0.00836826         0.9     459.163     272.609     8.97983     4024.85     2347.64     6372.48     2350.28      2365.3    0.412951    -160.579     42.6895     2059.79     2263.88     2.88192     -20.456       0.016     5.53936      3.6126     3.77662     3.56126
       2900    0.011617         0.9     460.003     272.819      6.8015      4028.4     2350.32     6378.72     2349.99     2364.83    0.412575    -162.194     42.6895     2059.59      2263.5     2.88253    -22.5177       0.016     5.54436     3.61658      3.7833     3.56827
       2800  0.00972939         0.9     461.163     273.025     4.85682     4032.34     2352.59     6384.93      2349.9     2364.54    0.412199    -163.863     42.6895     2059.41     2263.13     2.88312    -24.3803       0.016     5.54926      3.6204     3.78986      3.5752
       2700   0.0256038         0.9     462.152     273.227     2.91327     4035.38     2358.26     6393.64     2349.69     2364.15    0.411828    -165.472     42.6895     2059.24     2262.79      2.8837    -26.2112       0.016     5.55405     3.62417     3.79631     3.58205
       2600  0.00127293         0.9     464.688     273.432    0.617969     4047.59     2358.73     6406.32     2350.32     2364.51    0.411454    -167.367     42.6895     2059.16     2262.55     2.88424    -28.3365       0.016     5.55874     3.62794     3.40249     3.58884
       2500   0.0190925         0.9     464.833     273.631    -1.75299     4047.76        2363     6410.76     2349.52     2363.59    0.411109    -168.765     42.6895     2059.05     2262.27      2.8848    -30.5261       0.016     5.56334     3.63174     3.40801     3.59543
       2400   0.0167842         0.9      466.74     273.824    -4.16107     4049.89     2366.78     6416.67      2349.8     2363.65    0.410766    -170.562     42.6895     2058.89     2261.95     2.88533    -32.7524       0.016     5.56783     3.63555      3.4132     3.20159
       2300    0.013797         0.9     468.415     274.017    -6.60211     4050.02     2369.91     6419.94     2349.86     2363.52    0.410426    -172.297     42.6895     2058.82     2261.73     2.88584    -35.0096       0.016     5.57223     3.63938     3.41798     3.20598
       2200   0.0108453         0.9     469.792     274.205    -8.90449     4056.44     2372.41     6428.84     2349.74     2363.23     0.41011    -173.976     42.6895     2058.74      2261.5     2.88634    -37.1771       0.016     5.57651     3.64321     3.42217     3.20918
       2100   0.0105031         0.9     470.876     274.386    -10.7952     4057.16     2374.82     6431.98     2349.47     2362.83    0.409812      -175.6     42.6895     2058.62     2261.23     2.88683    -38.9997       0.016     5.58066     3.64703     3.42587     3.21172
       2000   0.0101949         0.9     471.926     274.558    -12.5133     4057.74     2377.16     6434.91     2349.23     2362.46    0.409526    -177.211     42.6896     2058.49     2260.95     2.88731    -40.6726       0.016     5.58468     3.65082     3.42921     3.21385
       1900   0.0124058         0.9     472.948     274.723    -14.0998     4057.97     2379.97     6437.94     2349.02     2362.11    0.409248    -178.802     42.6896     2058.36     2260.68     2.88777    -42.2313       0.016     5.58856     3.65458     3.43227     3.21573
       1800   0.0123025         0.9     474.189     274.883    -15.5879     4058.75     2382.76     6441.51     2348.94     2361.91    0.408979    -180.415     42.6896     2058.25     2260.44      2.8882    -43.7033       0.016     5.59228      3.6583     3.43514     3.21745
       1700   0.0160749         0.9     475.423     275.038    -17.0915     4060.85     2386.35      6447.2     2348.87     2361.71    0.408721    -181.993     42.6896     2058.17     2260.24     2.88861    -45.1691       0.016     5.59586     3.66198     3.43788     3.21913
       1600   0.0231076         0.9     477.037     275.189    -18.7874     4061.53     2391.44     6452.97        2349     2361.71    0.408474     -183.62     42.6896     2058.12     2260.07       2.889     -46.793       0.016     5.59931     3.66562     3.44059      3.2212
       1500   0.0142841         0.9     479.339     275.341    -20.5493     4062.63     2394.65     6457.28     2349.46     2362.01    0.408238    -185.344     42.6896     2058.15     2259.99     2.88936    -48.4735       0.016     5.60263     3.66923     3.44339     3.22361
       1400   0.0061798         0.9     480.759      275.49    -22.3446     4063.23     2396.11     6459.34     2349.36      2361.8    0.408026    -186.858     42.6896     2058.17     2259.91     2.88972      -50.18       0.016     5.60585     3.67282     3.44629     3.22626
       1300  0.00922944         0.9      481.38      275.63    -24.1464     4067.59     2398.21     6465.81     2348.85     2361.24    0.407834    -188.229     42.6896      2058.1     2259.73     2.89009    -51.8888       0.016     5.60896      3.6764     3.44927     3.22902
       1200   0.0122456         0.9     482.306     275.763    -25.6762     4083.71     2400.96     6484.67      2348.6     2360.91    0.407638    -189.687     42.6896     2057.97     2259.49     2.89045    -53.4112       0.016     5.61196     3.67996     3.45229     3.23188
       1100   0.0148827         0.9     483.533     275.894    -26.4644     4096.74     2404.28     6501.02     2348.55     2360.76    0.407433    -191.175     42.6896     2057.88     2259.29      2.8908    -54.3089       0.016     5.61489     3.68349     3.45535     3.23484
       1000   0.0168533         0.9     485.024     276.025     -26.932     4107.67     2408.02     6515.69     2348.64     2360.73    0.407227    -192.641     42.6896     2057.84     2259.14     2.89113    -54.9259       0.016     5.61774     3.68701     3.45843     3.23788
        900   0.0157018         0.9     486.708     276.156    -27.0537     4119.03     2411.51     6530.55      2348.8     2360.77    0.407027     -194.05     42.6896     2057.83     2259.04     2.89145    -55.2502       0.016     5.62054     3.69051     3.46155       3.241
        800   0.0321346         0.9     488.295     276.288    -26.9124     4131.66     2418.55      6550.2     2348.87     2360.73    0.406839    -195.335     42.6896     2057.83     2258.95     2.89177    -55.3364       0.016     5.62329       3.694      3.4647     3.24416
        700   0.0349167         0.9     491.511     276.426     -26.481     4142.12     2426.19      6568.3     2349.78     2361.46    0.406651    -196.808     42.6896     2057.93     2258.95     2.89205    -55.1829       0.016       5.626     3.69747     3.46787      3.2474
        600   0.0207966         0.9     494.988     276.572    -25.6029     4162.52     2430.79     6593.31     2350.64     2362.14    0.406478    -198.143     42.6896     2058.14      2259.1     2.89232    -54.6411       0.016      5.6287     3.70094     3.47108     3.25073
        500   0.0176687         0.9     497.065     276.717    -24.4291     4183.46     2434.71     6618.17      2350.6     2362.02     0.40634     -199.04     42.6896      2058.3     2259.18      2.8926     -53.829       0.016     5.63138      3.7044     3.47432     3.25405
        400   0.0267207         0.9     498.841     276.856    -22.9341     4216.85     2440.59     6657.43     2350.42     2361.78    0.406216    -199.768     42.6896     2058.34     2259.12      2.8929    -52.7303       0.016     5.63404     3.70786     3.47755     3.25731
        300  0.00281777         0.9     501.489     276.994    -21.1957     4239.58     2441.32     6680.89     2350.75     2361.98    0.406077    -200.537     42.6896     2058.37     2259.07     2.89319    -51.4046       0.016     5.63666      3.7113     3.48076     3.26057
        200 0.000241962         0.9     501.768     277.125    -18.9525     4269.13     2441.49     6710.62     2349.76     2361.01    0.405941    -200.725     42.6896     2058.32     2258.92     2.89351    -49.6709       0.016     5.63926     3.71471     3.48394     3.26377
        100   0.0190941         0.9     501.811     277.242    -15.7915     4283.85      2445.7     6729.55     2348.86      2360.1    0.405794    -200.784     42.6896      2058.1     2258.57     2.89385    -47.1387       0.016      5.6418     3.71808     3.48706     3.26687
          0   0.0185184         0.9      503.72      277.36    -12.1635     4285.59      2449.8     6735.38     2349.12     2360.22    0.405604    -201.049     42.6896     2057.95     2258.31     2.89415    -44.1843       0.016      5.6443      3.7214     3.49013     3.26998