      20000           0         1.8           0     179.437      354.04     78.9895     14.2831     93.2726     2343.43     2426.93    0.785391      6.5598     39.9574     2049.96      2345.7     2.72671     271.433       0.016     5.73044     4.59858     4.35318     4.39114
      19900           0         1.8           0     179.437      353.13     151.419     29.7361     181.156     2343.43     2426.93    0.785563     6.43382     39.9574     2049.96      2345.7     2.72686     270.633       0.016     5.73044     4.59858     4.35318     4.39114
      19800           0         1.8           0     179.437     352.506     228.894     46.3592     275.253     2343.43     2426.93    0.785735     6.30822     39.9574     2049.96      2345.7     2.72701     270.044       0.016     5.73044     4.59858     4.35318     4.39114
      19700           0         1.8           0     179.437     352.255     299.319     60.5222     359.841     2343.43     2426.93    0.785907     6.19879     39.9574     2049.96      2345.7     2.72716     269.745       0.016     5.73044     4.59858     4.35318     4.39114
      19600           0         1.8           0     179.437      352.29     351.209     72.5053     423.714     2343.43     2426.93    0.786079     6.12087     39.9574     2049.96      2345.7     2.72731     269.689       0.016     5.73044     4.59858     4.35318     4.39114
      19500           0         1.8           0     179.437     350.597     414.692     82.0183      496.71     2343.43     2426.93    0.786251     6.05158     39.9574     2049.96      2345.7     2.72746     268.519       0.016     5.73044     4.59858     4.35318     4.39114
      19400           0         1.8           0     179.437     347.879     487.353     94.1014     581.454     2343.43     2426.93    0.786423     5.90477     39.9574     2049.96      2345.7     2.72761     266.477       0.016     5.73044     4.59858     4.35318     4.39114
      19300           0         1.8           0     179.437     345.374     558.279     106.214     664.494     2343.43     2426.93    0.786595     5.65656     39.9574     2049.96      2345.7     2.72775     264.481       0.016     5.73044     4.59858     4.35318     4.39114
      19200           0         1.8           0     179.437     342.873     620.606     118.358     738.963     2343.43     2426.93    0.786767     5.32496     39.9574     2049.96      2345.7      2.7279     262.498       0.016     5.73044     4.59858     4.35318     4.39114
      19100           0         1.8           0     179.437      342.02     681.386     130.011     811.397     2343.43     2426.93    0.786938     4.94128     39.9574     2049.96      2345.7     2.72805     261.588       0.016     5.73044     4.59858     4.35318     4.39114
      19000           0         1.8           0     179.437     342.156      741.53     142.474     884.004     2343.43     2426.93     0.78711     4.58749     39.9574     2049.96      2345.7      2.7282     261.511       0.016     5.73044     4.59858     4.35318     4.39114
      18900           0         1.8           0     179.437     340.553     800.577     155.747     956.323     2343.43     2426.93    0.787281     4.26219     39.9574     2049.96      2345.7     2.72835      260.36       0.016     5.73044     4.59858     4.35318     4.39114
      18800           0         1.8           0     179.437     337.986     870.831      166.28     1037.11     2343.43     2426.93    0.787452     3.87637     39.9574     2049.96      2345.7      2.7285     258.368       0.016     5.73044     4.59858     4.35318     4.39114
      18700           0         1.8           0     179.437      336.21     952.601     178.113     1130.71     2343.43     2426.93    0.787624     3.41716     39.9574     2049.96      2345.7     2.72864     256.824       0.016     5.73044     4.59858     4.35318     4.39114
      18600           0         1.8           0     179.437     334.818     1047.59     192.576     1240.17     2343.43     2426.93    0.787795     2.92873     39.9574     2049.96      2345.7     2.72879     255.619       0.016     5.73044     4.59858     4.35318     4.39114
      18500           0         1.8           0     179.437     333.482     1150.05     201.259     1351.31     2343.43     2426.93    0.787966     2.42444     39.9574     2049.96      2345.7     2.72894     254.469       0.016     5.73044     4.59858     4.35318     4.39114
      18400           0         1.8           0     179.437     332.205     1219.19     209.492     1428.69     2343.43     2426.93    0.788137      1.9065     39.9574     2049.96      2345.7     2.72909     253.357       0.016     5.73044     4.59858     4.35318     4.39114
      18300           0         1.8           0     179.437     329.228      1275.7     218.075     1493.77     2343.43     2426.93    0.788308     1.34924     39.9574     2049.96      2345.7     2.72924     251.114       0.016     5.73044     4.59858     4.35318     4.39114
      18200           0         1.8           0     179.437       325.2      1360.8     226.658     1587.45     2343.43     2426.93    0.788478    0.672723     39.9574     2049.96      2345.7     2.72938      247.97       0.016     5.73044     4.59858     4.35318     4.39114
      18100           0         1.8           0     179.437     321.768     1469.79     234.714      1704.5     2343.43     2426.93    0.788649   -0.137283     39.9574     2049.96      2345.7     2.72953      245.11       0.016     5.73044     4.59858     4.35318     4.39114
      18000           0         1.8           0     179.437     318.559     1574.09     243.331     1817.42     2343.43     2426.93     0.78882    -1.04056     39.9574     2049.96      2345.7     2.72968     242.443       0.016     5.73044     4.59858     4.35318     4.39114
      17900           0         1.8           0     179.437      317.64     1670.99     253.364     1924.35     2343.43     2426.93     0.78899    -1.98653     39.9574     2049.96      2345.7     2.72983     241.293       0.016     5.73044     4.59858     4.35318     4.39114
      17800           0         1.8           0     179.437     318.134        1766     264.257     2030.25     2343.43     2426.93    0.789161    -2.86227     39.9574     2049.96      2345.7     2.72997     241.331       0.016     5.73044     4.59858     4.35318     4.39114
      17700           0         1.8           0     179.437     316.312     1860.47      274.54     2135.01     2343.43     2426.93    0.789331    -3.66765     39.9574     2049.96      2345.7     2.73012     239.957       0.016     5.73044     4.59858     4.35318     4.39114
      17600           0         1.8           0     179.437     313.229     1943.92     288.828     2232.75     2343.43     2426.93    0.789502    -4.52282     39.9574     2049.96      2345.7     2.73027     237.487       0.016     5.73044     4.59858     4.35318     4.39114
      17500           0         1.8           0     179.437     313.298     2011.35     302.776     2314.12     2343.43     2426.93    0.789672    -5.41147     39.9574     2049.96      2345.7     2.73042     237.026       0.016     5.73044     4.59858     4.35318     4.39114
      17400           0         1.8           0     182.115     344.137     2042.72     312.444     2355.16     2337.81     2427.24    0.817182    -7.03503     39.0482     2090.19     2390.75     2.64272     282.715       0.016      5.7211     4.59193      4.3525     4.39344
      17300           0         1.8           0     182.934     353.815     2073.54     322.233     2395.78     2333.75     2428.42    0.848489    -7.23612     38.2531     2099.33     2400.72     2.62299     291.111       0.016     5.71793     4.58375     4.34297     4.38361
      17200           0         1.8           0      183.39     359.881     2096.59     335.928     2432.52     2330.58     2429.87    0.876868    -7.02974     37.5586     2103.93      2405.7     2.61341     296.236       0.016     5.72125     4.57463     4.32783     4.36492
      17100           0         1.8           0     183.841     363.835     2099.91     350.717     2450.63     2328.02     2431.38    0.901834    -6.64495     36.9519     2107.52     2409.45     2.60581     299.608       0.016     5.72871     4.56346     4.30774     4.33998
      17000           0         1.8           0     184.395     366.328     2106.32     368.422     2474.74     2325.94     2432.88    0.923629    -6.19849      36.422     2110.68     2412.53     2.59894     301.804       0.016     5.73799     4.54879     4.28324     4.31057
      16900           0         1.8           0     185.076     363.157     2119.69     386.971     2506.66     2324.24     2434.34    0.942573    -5.83044     35.9588     2113.56      2415.1     2.59263     299.792       0.016     5.74731     4.52873     4.25519     4.27796
      16800           0         1.8           0     185.879      356.08     2132.94     406.282     2539.22     2322.88     2435.75     0.95898    -5.80695     35.5537     2116.22     2417.24     2.58687      294.26       0.016     5.75543     4.50524     4.22418     4.24311
      16700           0         1.8           0     186.789     347.713     2143.96     427.383     2571.34      2321.8     2437.11     0.97314    -6.22983      35.199      2118.7     2419.03     2.58162     287.424       0.016     5.76158     4.47861      4.5905     4.20736
      16600           0         1.8           0     187.792     338.163     2156.83      452.74     2609.57     2320.95     2438.38    0.985304    -7.09448     34.8882     2121.04     2420.52     2.57681     279.594       0.016     5.76538     4.44944     4.55473     4.57412
      16500           0         1.8           0     188.875     339.172     2164.82     472.218     2637.03      2320.3     2439.58    0.995708    -8.20911     34.6155     2123.26     2421.76      2.5724     279.344       0.016      5.7667     4.41878      4.5183     4.53859
      16400   0.0650992         1.8   0.0650992     190.027      347.24     2171.37     496.159     2667.52     2319.86     2440.77     1.00457    -8.99678      34.376     2125.37     2422.79     2.56833     285.676       0.016     5.76561     4.78854     4.48125     4.50183
      16300    0.112401         1.8     6.62233       191.2     352.223     2187.89     517.475     2705.36     2323.09      2448.2     1.01205    -10.7605     34.1655     2127.45     2423.76      2.5639     290.396       0.016     5.76228      4.7545     4.44384     4.46169
      16200   0.0771596         1.8     17.8272     192.346     355.598     2209.57     544.574     2754.14     2328.42        2459     1.01832     -12.986     33.9801     2129.71        2425     2.55843      293.46       0.016     5.75684     4.71868     4.40453     4.41567
      16100   0.0120971         1.8     25.4781     193.486     347.258     2227.69     574.826     2802.51     2331.17     2464.75     1.02357    -13.9322     33.8167     2132.21     2426.55      2.5527      287.83       0.016     5.74932     4.68152     4.76157     4.77058
      16000 0.000511716         1.8     26.6762     194.683     331.022     2235.95     603.846     2839.79     2330.27     2463.62     1.02797    -13.8421     33.6725     2134.71     2428.03     2.54799     274.905       0.016     5.73974     4.64362     4.71795     4.72687
      15900 0.000634259         1.8     26.7275     195.953     322.797     2239.43     631.746     2871.18     2329.11     2461.91     1.03163    -14.3357     33.5449     2136.96     2429.13     2.54438     267.169       0.016     5.72828     4.60633     4.67569     4.68689
      15800   0.0263612         1.8     26.8166     197.275     319.398     2246.09      656.83     2902.92     2328.26     2460.71     1.03455    -15.1772      33.432     2138.97     2429.87     2.54123     264.094       0.016     5.71527     4.96945     4.63603     4.64999
      15700   0.0373142         1.8     29.4637     198.621     317.179     2253.57     681.719     2935.29     2329.01      2462.3     1.03679    -16.6899     33.3317     2140.81      2430.4     2.53799     262.214       0.016     5.70112     4.93137     4.99862      4.6145
      15600   0.0422333         1.8     33.2001     199.966      315.99      2262.6     704.513     2967.11     2330.27     2464.73     1.03841    -18.3362     33.2426     2142.62     2430.91     2.53439     261.169       0.016     5.68644     4.89306     4.96156     4.98334
      15500   0.0405029         1.8     37.4216     201.308     314.041      2271.7     726.735     2998.44     2331.68     2467.31     1.03949    -19.9136     33.1631     2144.46     2431.47     2.53054     259.684       0.016     5.67149     4.85538     4.92605     4.95094
      15400   0.0795188         1.8      41.511     202.647     311.705     2285.77     748.093     3033.86     2332.91     2469.44     1.04013    -21.3323     33.0921     2146.32     2432.06     2.52658     257.805       0.016     5.65639     4.81889     4.89122     4.91779
      15300    0.134918         1.8     49.5182     203.963     310.941     2308.03     771.447     3079.48      2336.2     2475.16     1.04037    -23.5126     33.0283     2148.22     2432.75     2.52221     257.077       0.016     5.64121     5.18492     4.85712     4.88306
      15200    0.177416         1.8     63.0526     205.218     311.201     2331.34     794.302     3125.64      2342.1     2485.43     1.04025    -26.5525     32.9709     2150.29     2433.74      2.5168     257.294       0.016     5.62602     5.15062     4.82267     4.84424
      15100    0.255733         1.8     80.8725     206.385     317.731     2363.72     816.691     3180.41      2349.6     2498.34     1.03983     -29.828      32.919      2152.7     2435.24     2.51019     262.268       0.016     5.61074     5.11618     5.18589     4.80127
      15000    0.325195         1.8     106.515     207.432     328.591     2410.26     838.561     3248.82     2360.47     2517.02     1.03913    -33.6973     32.8718     2155.53     2437.39     2.50213     271.243       0.016     5.59518     5.08158     5.14576     5.15312
      14900    0.382122         1.8     139.092     208.329     336.989     2467.71     858.878     3326.59     2373.78     2539.73     1.03823    -37.6556     32.8288     2158.92      2440.4     2.49235     278.755       0.016     5.57906     5.04661     5.10129     5.09401
      14800    0.363857         1.8     177.286     209.067     344.077     2536.73      879.09     3415.82     2388.58     2564.72     1.03716    -41.4661     32.7892     2162.94     2444.37     2.48103      284.92       0.016     5.56201     5.01169     5.05094     5.02472
      14700           0         1.8     213.307     209.631     335.473     2599.19     898.454     3497.65     2400.52     2584.21     1.03604    -43.7621     32.7525     2167.46     2449.14     2.46958     279.242       0.016     5.54369     5.77682     5.79491     5.75078
      14600           0         1.8     213.307     201.446     267.512     2621.67     932.847     3554.52     2395.12     2562.34    0.999208     -39.186     33.7363     2150.31     2438.65     2.61169     199.783       0.016     6.37531      5.1224      5.0859     5.72836
      14500           0         1.8     213.307     198.954     241.033     2628.15     973.241      3601.4     2391.15     2545.09    0.966816    -40.1631     34.6823     2140.64     2430.13     2.63529     174.536       0.016     6.54852     4.91359      5.1989     5.77629
      14400           0         1.8     213.307     198.952     224.664     2629.09     1015.64     3644.73     2388.35     2531.04    0.933602    -43.0896     35.5885     2133.11     2421.06     2.64684     159.814       0.016       6.501     4.62407     4.84129     5.04465
      14300           0         1.8     213.307       199.8     210.459     2632.91     1054.99      3687.9     2386.45     2519.35    0.899256    -46.5617     36.4418     2126.73     2412.32     2.65736     148.119       0.016       6.501     4.65211      4.8466     5.10954
      14200           0         1.8     213.307     200.893     198.302     2643.46     1092.65     3736.12     2385.18     2509.42    0.864753    -50.0648     37.2291     2121.14     2404.26     2.66714     138.281       0.016       6.501     4.63798     4.83948     5.16859
      14100           0         1.8     213.307     202.031     191.775     2654.56     1128.96     3783.52     2384.28     2500.85    0.831121    -53.3045     37.9427     2116.21     2396.94     2.67599     132.642       0.016       6.501     4.60582     4.83156     4.81714
      14000           0         1.8     213.307     203.163     188.762      2674.9     1162.78     3837.68     2383.62     2493.39    0.799158    -56.0314     38.5803     2111.85     2390.32     2.68394     130.037       0.016       6.501     4.97697     4.82559     4.85061
      13900           0         1.8     213.307     204.277     183.705     2700.51     1199.07     3899.58     2383.08     2486.82    0.769344    -58.2679     39.1438     2107.97     2384.34     2.69117     126.342       0.016       6.501     4.94646     4.82474     4.88294
      13800           0         1.8     213.307      205.37     177.767     2717.44     1232.22     3949.66     2382.56     2480.95    0.741919    -60.2404     39.6376     2104.51      2378.9     2.69781     121.803       0.016       6.501     4.91955     4.82915     4.91501
      13700           0         1.8     213.307     206.439     173.428     2750.34     1267.13     4017.46     2382.03     2475.65     0.71695    -62.0383     40.0676      2101.4     2373.92     2.70399     118.317       0.016       6.501     4.89871     4.83892     4.94742
      13600           0         1.8     213.307     207.487     169.974     2776.03     1300.84     4076.88     2381.45     2470.81     0.69439    -63.6545     40.4403     2098.58     2369.32      2.7098     115.598       0.016       6.501     4.88478     4.85381     4.98078
      13500           0         1.8     213.307     208.518     173.233     2802.04     1328.16      4130.2      2380.8     2466.34    0.674114    -65.0102     40.7621     2095.99     2365.04     2.71532     117.593       0.016       6.501     4.87774       4.873     4.61268
      13400           0         1.8     213.307     209.532     180.542     2826.59     1357.67     4184.26     2380.09     2462.22    0.655981    -65.8343     41.0391     2093.61     2361.04      2.7206     123.123       0.016       6.501     4.87713     4.89357     4.63574
      13300           0         1.8     213.307     210.528     177.459     2851.87        1384     4235.87     2379.34      2458.4    0.639803    -66.2646      41.277     2091.41     2357.28     2.72568     121.786       0.016       6.501     4.88219     4.91563     4.66233
      13200           0         1.8     213.307     214.013     198.492     2859.73      1409.9     4269.63     2371.47     2455.24     0.67534    -66.6628     40.2965     2126.88     2395.54     2.61838     155.633       0.016     6.50129     4.87839     4.94229      4.6836
      13100   0.0276086         1.8     213.335     216.216     205.236     2861.44     1429.55     4290.99     2365.06     2453.17    0.711851    -66.0042     39.3976     2135.61     2403.52     2.59075     162.194       0.016     6.75534      4.8725     4.96177      4.6974
      13000           0         1.8     216.068     217.991     211.193     2871.12     1450.04     4321.17     2361.05     2454.19    0.744844    -65.5438     38.5929     2139.89     2406.68     2.57626     168.126       0.016     6.35987     4.85488     4.96641     4.70174
      12900    0.077822         1.8     216.146     219.423     217.578     2876.69     1469.33     4346.01     2356.14     2452.46    0.773979    -64.2278     37.8817     2142.83     2408.64     2.56566     174.121       0.016     6.52779     4.82981      4.9606     4.69747
      12800    0.105162         1.8     223.956     220.487     223.999     2890.54     1489.72     4380.27     2356.11     2458.57    0.799612    -64.4695     37.2566     2145.04     2410.13     2.55707     180.095       0.016     5.86226     4.80429     4.94885     4.68367
      12700   0.0512605         1.8     234.418     221.373     226.228     2899.05     1510.95        4410     2357.45     2466.21    0.822178    -64.9657      36.708     2147.16      2411.7     2.54804     182.759       0.016     5.96751     5.17837     4.93167     4.65948
      12600           0         1.8     239.493     222.335     225.536     2909.31     1533.77     4443.07     2355.71     2467.47    0.841931    -64.2084      36.226     2149.44      2413.4     2.53861     182.659       0.016      6.0519     5.14995     4.90806        4.63
      12500           0         1.8     239.493     223.385     225.428     2917.01     1557.37     4474.38     2351.63     2463.86    0.859199    -62.6525     35.8017     2151.63     2414.89      2.5305     182.737       0.016     6.11865     5.12005     4.88104     4.60289
      12400           0         1.8     239.493     224.511     225.459     2926.78     1578.96     4505.74     2348.23     2461.04    0.874224    -61.5362     35.4274     2153.56        2416     2.52344     183.008       0.016     6.17173     5.08978     4.85476      4.9804
      12300           0         1.8     239.493     225.689     224.154        2928     1600.05     4528.06     2345.31     2458.72    0.887235    -60.8027     35.0963     2155.28     2416.81     2.51685     182.212       0.016     5.41283     5.06076     4.83118     4.95734
      12200   0.0984991         1.8     239.591     226.909     221.855     2943.71     1622.45     4566.16     2342.85      2456.9    0.898471    -60.4756     34.8029     2156.85     2417.42     2.51053     180.471       0.016     5.44265     5.03408     4.80986     4.93472
      12100     0.16432         1.8     249.507     228.106     221.013     2968.43     1646.78     4615.21     2346.04     2464.91    0.908121    -62.5648     34.5423     2158.42     2418.05     2.50344     179.708       0.016     5.46508     5.00945     5.18842     4.90849
      12000    0.229294         1.8     266.004      229.21     221.003      3001.9     1667.67     4669.58     2352.27     2477.92    0.916375    -65.7758     34.3104     2160.34      2419.2     2.49476     179.703       0.016     5.48155     5.78526     5.16301     4.87408
      11900    0.266118         1.8      288.97     230.195     221.861     3040.17     1692.03      4732.2     2361.18      2495.2    0.923452    -69.7843     34.1037     2162.79     2421.11     2.48458     180.354       0.016     5.49294     5.76041     5.13234     4.83004
      11800    0.354916         1.8     315.671     231.058     223.341     3084.41     1716.01     4800.42     2371.03     2513.57    0.929536    -73.7833     33.9194     2165.85     2423.87     2.47324     181.531       0.016     5.49975     5.73479     5.09649      5.1799
      11700    0.134627         1.8     350.942     231.778     232.395     3141.06     1740.82     4881.87      2384.4     2537.69    0.934745    -78.5989     33.7547     2169.49     2427.46     2.46062      188.53       0.016     5.50229     5.70775     5.05641     5.11979
      11600   0.0882492         1.8     364.358     219.338       207.1     3179.04     1778.84     4957.88     2388.25     2533.89    0.903189     -77.624     34.6333      2144.2     2410.58     2.62604     146.906       0.016     6.51198     5.06803     5.16233     5.09537
      11500   0.0269007         1.8     373.122     215.034     189.169     3208.78     1829.57     5038.35     2389.14     2526.66    0.873685    -78.4444     35.4829     2136.88     2406.59     2.64601     131.075       0.016     6.76725     4.87412     4.87759     5.13132
      11400   0.0315058         1.8     375.817     214.283     165.213     3227.03     1883.24     5110.28     2387.14     2515.14     0.84391    -79.7539     36.2999      2131.3     2400.79     2.65305     111.412       0.016     6.56811      4.6019     4.92742     5.19418
      11300   0.0335293         1.8     378.969     214.828     153.881     3238.81     1933.89      5172.7     2386.19     2506.15    0.813179    -82.3193     37.0709      2126.1     2393.98     2.66049     100.895       0.016       6.501      4.6448     4.93852     4.84936
      11200           0         1.8     382.289     215.779     149.492     3245.66     1982.96     5228.62     2385.81     2498.73    0.782096    -84.9559     37.7829     2121.52     2387.47     2.66789     96.8285       0.016       6.501     4.64355     4.93248       4.897
      11100           0         1.8     382.289     216.859     141.581     3259.28        2031     5290.28     2383.91     2489.15    0.751749    -86.6711     38.4281     2117.17      2381.1     2.67533     90.8894       0.016       6.501     4.61999     4.92354     4.93952
      11000           0         1.8     382.289     217.979      132.06     3281.82     2077.82     5359.64     2382.44     2480.98    0.722867     -88.492     39.0042     2112.88     2374.78     2.68259     83.4381       0.016       6.501     4.99692     4.91826     4.97856
      10900           0         1.8     382.289     219.105     126.604     3295.08     2126.32      5421.4     2381.21     2473.86    0.695794    -90.3803     39.5127     2108.97     2368.92     2.68928     78.7532       0.016       6.501     4.97592     4.91889     4.61267
      10800           0         1.8     382.289     220.227     123.414     3296.75     2171.64      5468.4     2380.13     2467.61    0.670799    -92.1382     39.9577     2105.46     2363.54     2.69547     76.0689       0.016       6.501     4.95626     4.92333     4.63566
      10700           0         1.8     382.289     221.333     119.294     3300.11     2216.53     5516.65     2379.14     2462.06    0.647984    -93.7518     40.3448      2102.3     2358.63     2.70122     72.8716       0.016       6.501      4.9409     4.93157     4.66073
      10600           0         1.8     382.289     222.422     114.779     3307.75     2261.01     5568.77     2378.19     2457.07    0.627323    -95.3197     40.6796     2099.46     2354.12     2.70659     69.2688       0.016       6.501     4.93102     4.94438     4.68797
      10500           0         1.8     382.289     223.493     112.038     3315.67     2305.02     5620.69     2377.25     2452.53     0.60872    -96.8545     40.9683     2096.88     2349.95     2.71166     66.8909       0.016       6.501      4.9269     4.96154     4.71719
      10400           0         1.8     382.289      224.55     110.322     3324.24     2346.67     5670.91     2376.29     2448.34    0.592034    -98.2922     41.2164     2094.51     2346.06     2.71648     65.4112       0.016       6.501     4.92834     4.98258      4.7483
      10300           0         1.8     382.289     225.594     109.208     3326.23     2385.98     5712.21      2375.3     2444.44    0.577104    -99.6193     41.4292     2092.32      2342.4      2.7211     64.4294       0.016       6.501     4.93491     4.60625     4.78115
      10200           0         1.8     382.289     226.626     108.004      3329.1     2425.05     5754.15     2374.29     2440.79    0.563758    -100.839     41.6113     2090.28     2338.95     2.72557       63.48       0.016     6.51215     4.94599     4.62587     4.41202
      10100           0         1.8     382.289     227.638     105.771     3348.14     2461.11     5809.25     2373.27     2437.39    0.551858    -102.012     41.7671     2088.38     2335.69     2.72988     61.7035       0.016     6.54334     4.96073     4.64436     4.43239
      10000           0         1.8     382.289     228.627     103.206     3360.64     2496.49     5857.13     2372.25     2434.21    0.541253     -103.19     41.9003     2086.62     2332.63     2.73402     59.6445       0.016      6.5747     4.97846     4.66575     4.45514
       9900           0         1.8     382.289     229.597     100.465     3362.31     2531.19      5893.5     2371.23     2431.23    0.531783    -104.396      42.014     2084.96     2329.72     2.73802     57.4241       0.016     6.60609     4.99879     4.68969     4.48057
       9800           0         1.8     382.289     230.552     97.5851      3365.1     2564.38     5929.47     2370.19     2428.38    0.523307     -105.64     42.1111      2083.4     2326.94     2.74191     55.0794       0.016     6.63743     4.61528     4.71576      4.5082
       9700  0.00623066         1.8     382.295     231.486     94.5968     3369.43     2596.08     5965.51     2369.15     2425.66    0.515696     -106.93     42.1939     2081.89     2324.26     2.74571     52.6305       0.016     6.66859     4.62725      4.7434     4.53762
       9600  0.00876477         1.8      382.92     232.392     91.5132     3374.37     2626.32     6000.69     2368.43     2423.62    0.508827     -108.39     42.2647     2080.51     2321.76     2.74929     50.0853       0.016     6.69941     4.64217     4.77211     4.56814
       9500           0         1.8     383.788      233.27     88.3474      3374.9     2655.13     6030.03     2367.76     2421.78    0.502603    -109.919     42.3252     2079.28     2319.47     2.75264     47.4539       0.016     6.72985     4.66096     4.40156     4.59925
       9400           0         1.8     383.788     234.139     85.9659      3391.2     2686.19     6077.39     2366.56     2419.06    0.496989     -111.28     42.3768     2078.04     2317.18     2.75602     45.3694       0.016     6.75988     4.68256      4.4241     4.22188
       9300           0         1.8     383.788     234.994     84.0389     3406.72     2714.99     6121.71     2365.42     2416.54    0.491929     -112.65      42.421     2076.75     2314.86     2.75943     43.6832       0.016     6.78947     4.70595     4.44281     4.24111
       9200           0         1.8     383.788      235.83      82.366     3421.19     2742.86     6164.05     2364.32     2414.15    0.487325    -114.008     42.4588      2075.5     2312.61     2.76275     42.2063       0.016     6.21715     4.73047     4.46429     4.26221
       9100           0         1.8     383.788     236.651     80.8683     3427.58     2768.21     6195.79     2363.25     2411.88    0.483112    -115.345     42.4911     2074.31     2310.44     2.76597     40.8753       0.016     6.24323     4.75589     4.48766     4.28507
       9000           0         1.8     383.788      237.46     79.5101     3431.81     2790.05     6221.86     2362.19      2409.7    0.479235    -116.654     42.5188     2073.15     2308.33     2.76911     39.6621       0.016     6.26875     4.78203     4.51239     4.30946
       8900           0         1.8     383.788     238.258     78.2836     3446.69     2812.44     6259.14     2361.15     2407.58    0.475647    -117.933     42.5426     2072.02     2306.27      2.7722     38.5593       0.016     6.29386     4.40757     4.53815     4.33512
       8800           0         1.8     383.788     239.045      77.162     3450.01     2833.92     6283.94     2360.12     2405.52     0.47231    -119.178     42.5629     2070.91     2304.25     2.77522     37.5477       0.016     6.31862     4.42426     4.56464      4.3618
       8700   0.0962726         1.8     383.884     239.812     76.1294     3454.26     2854.51     6308.77     2359.16     2403.61    0.469192    -120.409     42.5804     2069.82     2302.27     2.77819     36.6127       0.016     6.34295     4.43922     4.59142     4.38927
       8600   0.0944098         1.8      393.51     240.465     75.0385     3463.63      2874.6     6338.23     2363.28      2410.8     0.46607    -123.456     42.5954     2069.75      2301.6     2.77942     35.5927       0.016      6.3667     4.45731     4.21464     4.00995
       8500   0.0928956         1.8     402.949      240.99     73.9531     3466.68     2894.31     6360.99     2366.45      2416.1    0.463086     -125.98     42.6083     2070.85     2302.42     2.77935      34.541       0.016     6.38909      4.4772     4.22896     4.01746
       8400   0.0937509         1.8      412.24     241.444     73.3677     3473.08     2914.16     6387.24     2368.97     2420.12    0.460498    -128.113     42.6195        2072     2303.36     2.77922     33.8514       0.016     6.40946      4.4976     4.23964     4.02022
       8300   0.0774944         1.8     421.599     241.854     73.1127     3478.23     2930.61     6408.84      2371.1     2423.37    0.458266    -129.968      42.629     2072.99     2304.17     2.77916      33.454       0.016     6.42772     4.51772      4.2495     4.02239
       8200   0.0783313         1.8     429.349     242.249     73.1159     3479.05     2947.23     6426.29     2372.01     2424.42    0.456347    -131.272     42.6372     2073.66      2304.6     2.77945     33.2861       0.016     6.44409     4.53716     4.25868     4.02541
       8100   0.0792171         1.8     437.183     242.639      73.337     3483.06     2964.05      6447.1      2372.8      2425.3    0.454653    -132.461     42.6443     2073.98     2304.63     2.78003     33.3179       0.016     6.45899     4.55572     4.26774     4.02976
       8000    0.078719         1.8     445.104     243.019     73.7308     3486.93     2980.75     6467.68     2373.48     2426.02     0.45309    -133.542     42.6505     2074.18     2304.52     2.78065     33.5079       0.016     6.47278     4.57337      4.2769     4.03508
       7900   0.0782612         1.8     452.975     243.389      74.346     3492.31     2997.36     6489.67     2373.98     2426.48    0.451623    -134.491     42.6557     2074.29     2304.32     2.78131     33.8889       0.016     6.48573     4.59015     4.28622     4.04121
       7800   0.0750895         1.8     460.798     243.751     75.1395     3495.46     3013.31     6508.77     2374.33     2426.71    0.450231    -135.314     42.6603     2074.31     2304.04     2.78199     34.4354       0.016     6.49802     4.20528     4.29572      4.0481
       7700   0.0767449         1.8     468.309     244.107     76.1014     3496.42      3029.6     6526.02     2374.42     2426.51    0.448904    -135.969     42.6642     2074.25     2303.64     2.78275     35.1356       0.016     6.50977     4.21492     4.30537     4.05577
       7600   0.0736869         1.8      475.98     244.451     77.2355     3499.56     3045.25     6544.82     2374.54      2426.4     0.44762     -136.56     42.6676     2074.11     2303.18     2.78351     35.9935       0.016     6.52108     4.22187     4.31508     4.06408
       7500   0.0707766         1.8     483.346     244.784     78.5153     3508.11     3060.29      6568.4     2374.43     2425.92    0.446371    -136.991     42.6706     2073.93     2302.67     2.78428     36.9875       0.016     6.53215     4.22781      4.3248     4.07291
       7400   0.0678762         1.8     490.421     245.112     78.8596     3519.96     3074.73     6594.69     2374.14     2425.15    0.445158    -137.299     42.6731     2073.66     2302.07      2.7851     37.3298       0.016     6.54295      4.2334      4.3346     4.08234
       7300   0.0745442         1.8     497.215     245.437     78.6798     3533.22     3090.57     6623.79      2373.7     2424.16    0.443971    -137.551     42.6753     2073.31     2301.38     2.78598      37.211       0.016     6.55351     4.23977     4.34458      4.0924
       7200   0.0812745         1.8     504.676     245.755     78.2094     3550.21     3107.82     6658.03     2373.64     2423.88    0.442781    -137.957     42.6772     2072.99     2300.73     2.78675     36.8491       0.016     6.56389     4.24736     4.35481     4.10265
       7100   0.0765104         1.8     512.799     246.057     77.5298     3567.99     3124.06     6692.04     2373.89     2424.16    0.441578    -138.488     42.6788     2072.82     2300.27     2.78729     36.3059       0.016      6.5741     4.25577     4.36507      4.1125
       7000   0.0525604         1.8     520.426     246.352     76.7054     3578.17     3135.31     6713.48     2373.78      2423.8    0.440397    -138.902     42.6803      2072.7     2299.87      2.7878     35.6374       0.016     6.58409     4.26476     4.37521     4.12215
       6900   0.0532688         1.8     525.683     246.671     75.8151     3588.42     3146.73     6735.15     2372.39     2421.15    0.439297    -138.878     42.6815     2072.27     2299.08     2.78876     34.9202       0.016      6.5939     4.27412     4.38547     4.13302
       6800   0.0744916         1.8     531.031     247.017       74.86      3596.9     3162.62     6759.52     2371.24     2419.01    0.438225    -138.994     42.6826     2071.53     2297.92     2.79003     34.1551       0.016     5.80346     4.28378     4.39642     4.14544
       6700   0.0691378         1.8     538.475     247.352     73.8233     3605.01     3177.37     6782.38     2371.34     2419.13    0.437073      -139.6     42.6835     2071.01     2297.02     2.79093     33.3097       0.016     5.81243     4.29373     4.00708     4.15768
       6600   0.0546996         1.8     545.374     247.672     72.7547     3613.91     3189.09        6803     2371.05     2418.54    0.435886    -140.076     42.6843     2070.73     2296.42     2.79161     32.4269       0.016     5.82124     4.30387      4.0162     4.16897
       6500    0.061186         1.8     550.851     247.999      71.673     3619.98      3202.2     6822.18        2370      2416.6    0.434752    -140.295      42.685     2070.29     2295.62     2.79254      31.534       0.016     5.82985     4.31406     4.02476      4.1803
       6400   0.0600799         1.8     556.968      248.33     70.8766     3625.56     3215.07     6840.62     2369.43     2415.53    0.433633    -140.706     42.6856     2069.75     2294.71     2.79353     30.8451       0.016     5.83838     4.32423     4.03331     4.19169
       6300   0.0668641         1.8     562.983     248.656     70.2426     3631.99     3229.36     6861.35     2368.84     2414.44    0.432503    -141.109     42.6861     2069.28     2293.88     2.79444     30.2986       0.016     5.84687     4.33436     4.04189     3.80247
       6200   0.0694491         1.8     569.672     248.971     69.6991     3646.49     3244.19     6890.67     2368.65     2414.08    0.431371    -141.644     42.6866     2068.91     2293.17      2.7952     29.8228       0.016     5.85529     4.34447     4.04994     3.80924
       6100   0.0721155         1.8      576.62     249.269     69.2363     3661.89     3259.57     6921.46     2368.59     2413.94    0.430253    -142.195      42.687     2068.67     2292.65     2.79578     29.4103       0.016     5.86356     4.35448     4.05688     3.81338
       6000   0.0748666         1.8     583.834      249.55     68.8278     3666.48     3275.52        6942     2368.66        2414    0.429169    -142.755     42.6873     2068.53     2292.24     2.79624     29.0406       0.016     5.87159     4.36432     4.06289     3.81625
       5900   0.0650999         1.8     591.311     249.812     68.4617     3673.06     3289.41     6962.47     2368.83     2414.23    0.428126    -143.317     42.6876     2068.47     2291.95     2.79658     28.7041       0.016     5.87928     4.37391     4.06824     3.81841
       5800   0.0724141         1.8     597.828     250.069     68.1472     3685.95     3304.84     6990.79     2368.44     2413.45    0.427147    -143.647     42.6879     2068.36     2291.59     2.79702     28.4137       0.016      5.8866     4.38319     4.07323     3.82108
       5700   0.0731654         1.8      605.07     250.318     67.8631     3689.13     3320.42     7009.55     2368.49     2413.46    0.426203    -144.116     42.6881      2068.2      2291.2     2.79745     28.1503       0.016     5.89361     4.39214     4.07839     3.82466
       5600   0.0732551         1.8     612.387     250.554     67.6047     3690.67     3336.02     7026.69     2368.55     2413.47     0.42527    -144.564     42.6883     2068.12     2290.91     2.79776     27.9075       0.016     5.90033     4.00074      4.0838     3.82861
       5500   0.0733955         1.8     619.712      250.78     67.3722     3702.21     3351.64     7053.84     2368.58     2413.43    0.424362    -144.981     42.6885     2068.06     2290.65     2.79803     27.6868       0.016     5.90675     4.00665     4.08934     3.83289
       5400   0.0725208         1.8     627.051     250.996      66.426     3713.16     3367.06     7080.23     2368.59     2413.35     0.42348    -145.384     42.6886        2068      2290.4     2.79829     26.9454       0.016     5.91287     4.01065     4.09488     3.83745
       5300   0.0716833         1.8     634.302     251.201     65.0534     3716.63     3382.31     7098.94     2368.53     2413.15     0.42262    -145.797     42.6887     2067.92     2290.13     2.79854     25.8204       0.016     5.91866     4.01394     4.10036     3.84226
       5200   0.0866301         1.8     641.486     251.399     63.4428     3732.48     3400.71      7133.2     2368.43     2412.88    0.421782    -146.246     42.6888     2067.82     2289.85      2.7988     24.4863       0.016     5.92414     4.01697     4.10579     3.84731
       5100   0.0830564         1.8     650.145     251.575     61.6557      3735.4     3418.34     7153.74     2369.12        2414    0.420932    -147.029     42.6889     2067.86     2289.75     2.79879     22.9892       0.016     5.92935     4.01991      4.1111     3.85184
       5000   0.0795106         1.8     658.447      251.73     59.7247     3738.67     3435.21     7173.88     2369.47     2414.52    0.420094    -147.736      42.689     2068.03     2289.82     2.79864      21.357       0.016     5.93419      4.0228     4.11597     3.85571
       4900   0.0854287         1.8     666.404     251.879     57.7131     3743.29     3453.33     7196.62     2369.58     2414.57    0.419306    -148.406     42.6891     2068.14     2289.82     2.79857     19.6451       0.016     5.93863     4.02566     4.12046      3.8595
       4800   0.0883498         1.8      674.95     252.019     55.6135     3743.62     3472.06     7215.68     2369.98     2415.15     0.41854    -149.237     42.6891     2068.23     2289.81     2.79845     17.8495       0.016     5.94275     4.02848      4.1247     3.86307
       4700   0.0913347         1.8     683.788     252.145     53.4436      3749.3     3491.42     7240.71     2370.46     2415.87    0.417783    -150.147     42.6892      2068.4     2289.91     2.79822     15.9795       0.016     5.94654     4.03127      4.1286     3.86616
       4600   0.0828089         1.8     692.913     252.257     51.2347     3752.36     3508.96     7261.32     2371.01      2416.7    0.417043    -151.129     42.6892     2068.63     2290.08     2.79789     14.0642       0.016     5.95002     4.03403     4.13211     3.86872
       4500   0.0789437         1.8      701.19     252.368     48.9839     3757.12     3525.69     7282.81     2371.01     2416.55    0.416345    -151.964     42.6893     2068.78     2290.17     2.79768     12.1066       0.016     5.95316     4.03664     4.13537     3.87127
       4400   0.0878049         1.8     709.093     252.486     47.0755     3762.43     3544.31     7306.73     2370.82     2416.07    0.415684    -152.784     42.6893     2068.77     2290.06     2.79765     10.3922       0.016     5.95608     4.03884     4.13868     3.87433
       4300    0.089192         1.8     717.875       252.6     45.3409     3765.28     3563.21     7328.48     2371.13      2416.5    0.415012    -153.815     42.6894     2068.77     2289.96     2.79753     8.82853       0.016     5.95887     4.04062     4.14206     3.87742
       4200   0.0920349         1.8     726.797     252.702     43.6982     3772.51      3582.7     7355.22     2371.46     2416.95    0.414326    -154.866     42.6894     2068.88     2290.01     2.79728     7.33355       0.016     5.96153     4.04266     4.14534     3.88014
       4100   0.0892631         1.8     735.998     252.794     42.1292     3783.69     3601.61      7385.3     2371.87     2417.57    0.413644    -155.957     42.6894     2069.05     2290.12     2.79694     5.89525       0.016     5.96403     4.04498     4.14841      3.8825
       4000   0.0963849         1.8     744.931     252.883     40.6094      3795.2     3622.03     7417.22     2372.08     2417.81     0.41298    -156.978     42.6894     2069.21     2290.24     2.79662     4.49614       0.016     5.96635     4.04743     4.15125     3.88468
       3900    0.103576         1.8     754.577     252.963     39.1138     3809.41     3643.96     7453.37     2372.64     2418.67    0.412321     -158.13     42.6894     2069.39     2290.39     2.79622     3.11398       0.016     5.96851     4.04994     4.15391     3.88652
       3800   0.0965046         1.8     764.927     253.027     37.6257     3822.04     3664.39     7486.43     2373.49     2420.04    0.411655    -159.381     42.6895     2069.72     2290.71     2.79562     1.73199       0.016     5.97047     4.05244     4.15622     3.88759
       3700   0.0956268         1.8     774.577     253.085     35.5626     3838.73     3684.63     7523.36     2373.83     2420.47    0.411018    -160.454     42.6895     2070.04     2291.05     2.79506  -0.0320022       0.016     5.97219     4.05486     4.15811     3.88832
       3600   0.0947373         1.8     784.139     253.146     31.9529     3852.93     3704.68     7557.61     2374.09     2420.77    0.410416    -161.577     42.6895     2070.26     2291.24     2.79461     -3.0798       0.016     5.97368     4.05714     4.15978     3.88915
       3500    0.102902         1.8     793.621      253.21      27.664     3866.26     3726.47     7592.73     2374.27     2420.94    0.409826    -162.817     42.6895      2070.4     2291.36     2.79423    -6.71525       0.016     5.97503     4.05927     4.16135     3.89013
       3400   0.0979695         1.8     803.906     253.266     23.1138     3875.52      3747.2     7622.72     2374.87     2421.86    0.409223    -164.354     42.6895     2070.61     2291.55     2.79373      -10.62       0.016     5.97629     4.06127     4.16285     3.89086
       3300   0.0993601         1.8     813.704     253.318     18.3144      3875.7     3768.24     7643.94     2375.11     2422.14    0.408623    -165.912     42.6895     2070.84     2291.78     2.79322    -14.7486       0.016     5.97742     4.06312     4.16415     3.89139
       3200    0.100763         1.8     823.642      253.37     13.8597     3876.67     3789.57     7666.24     2375.41     2422.52    0.408035    -167.633     42.6895     2071.02     2291.95     2.79276    -18.7104       0.016     5.97844     4.06484     4.16534     3.89196
       3100    0.100302         1.8     833.717     253.419     10.7314     3877.39      3810.8     7688.19     2375.75     2422.97    0.407445    -169.441     42.6895      2071.2     2292.12     2.79227    -21.5943       0.016     5.97938     4.06642     4.16642     3.89244
       3000   0.0998411         1.8     843.747     253.467     8.08504     3879.59     3831.93     7711.52     2376.02     2423.31    0.406857    -171.244     42.6895     2071.39      2292.3     2.79178    -24.0777       0.016     5.98023     4.06787     4.16741     3.89286
       2900    0.103847         1.8     853.735     253.514     5.78499     3882.13     3853.92     7736.04     2376.23     2423.55    0.406273    -173.026     42.6895     2071.55     2292.45     2.79131    -26.2741       0.016     5.98101     4.06921     4.16832      3.8933
       2800    0.102723         1.8     864.119     253.558     3.72515     3884.93     3875.66     7760.59     2376.64     2424.15    0.405682    -174.859     42.6895     2071.74     2292.63     2.79078    -28.2682       0.016     5.98173     4.07044     4.16915     3.89359
       2700    0.119443         1.8     874.408     253.597     1.66555     3889.22     3900.96     7790.18     2376.95     2424.55     0.40509    -176.632     42.6895     2071.95     2292.84     2.79023    -30.2294       0.016     5.98237     4.07157     4.16985     3.89373
       2600   0.0959488         1.8     886.329     253.619   -0.747653      3902.8     3921.24     7824.04     2378.09     2426.46    0.404475    -178.685     42.6895     2072.31     2293.25     2.78942    -32.4854       0.016     5.98291     4.07259     4.17032     3.89303
       2500    0.114547         1.8     895.942     253.644    -3.23982     3904.11      3945.5     7849.61     2377.83     2425.81    0.403899    -180.253     42.6895     2072.61     2293.58      2.7888    -34.8062       0.016     5.98326     4.07348      4.1704     3.89238
       2400    0.113095         1.8     907.395     253.668    -5.77032     3904.64     3969.43     7874.07     2378.63      2427.1    0.403333    -182.211     42.6895     2072.82     2293.81     2.78817    -37.1642       0.016     5.98348     4.07422     4.17044     3.89176
       2300    0.110955         1.8     918.703     253.679    -8.33392     3906.24      3992.9     7899.14     2379.23     2428.02    0.402747    -184.109     42.6895     2073.19     2294.23     2.78737    -39.5545       0.016     5.98359     4.07482     4.17022     3.89053
       2200    0.108803         1.8     929.796     253.688    -10.7548      3914.5     4015.91     7930.41     2379.65     2428.59    0.402181    -185.955     42.6895     2073.52     2294.61     2.78662    -41.8548       0.016     5.98353     4.07527     4.16975     3.88916
       2100    0.109212         1.8     940.677     253.698    -12.7587     3915.74     4039.02     7954.76     2379.91      2428.9    0.401633    -187.746     42.6895     2073.78     2294.91     2.78595    -43.8092       0.016     5.98332     4.07554     4.16912      3.8879
       2000    0.109621         1.8     951.599     253.711    -14.5877     3917.23     4062.21     7979.44     2380.18     2429.22     0.40109    -189.524     42.6896     2073.99     2295.14     2.78532    -45.6127       0.016     5.98303     4.07567     4.16847     3.88677
       1900    0.112538         1.8     962.564     253.724    -16.2833     3919.64     4086.01     8005.65     2380.46     2429.56    0.400542    -191.282     42.6896     2074.19     2295.37     2.78469    -47.3011       0.016     5.98268     4.07566      4.1678      3.8857
       1800    0.113138         1.8     973.818     253.733    -17.8791     3921.14     4109.95     8031.09     2380.86     2430.15    0.399984    -193.058     42.6896     2074.42     2295.63     2.78401     -48.902       0.016     5.98229     4.07554     4.16712     3.88454
       1700    0.117633         1.8     985.136     253.738    -19.4925     3921.44     4134.84     8056.28     2381.26     2430.72    0.399421      -194.8     42.6896     2074.68     2295.93     2.78329     -50.497       0.016     5.98185     4.07532     4.16634     3.88321
       1600    0.125461         1.8     996.907     253.737    -21.3013     3924.63     4161.39     8086.01     2381.86     2431.65    0.398853    -196.588     42.6896     2074.99     2296.29     2.78249    -52.2508       0.016     5.98133     4.07501     4.16543     3.88158
       1500     0.11744         1.8     1009.45      253.72    -23.1765     3928.36     4186.21     8114.57      2382.8     2433.17    0.398274     -198.47     42.6896     2075.42      2296.8      2.7815    -54.0623       0.016     5.98069     4.07468     4.16424     3.87926
       1400    0.110037         1.8     1021.18       253.7    -25.0866      3931.7     4209.46     8141.16     2383.19     2433.68    0.397718    -200.148     42.6896     2075.85     2297.32     2.78057    -55.9007       0.016     5.97986      4.0743     4.16268     3.87668
       1300    0.113723         1.8     1032.19      253.69    -27.0065     3938.92     4233.51     8172.43     2383.16     2433.46    0.397202    -201.687     42.6896     2076.09     2297.61     2.77987    -57.7414       0.016     5.97887     4.07381     4.16103      3.8746
       1200    0.117382         1.8     1043.57     253.688     -28.647     3958.01     4258.33     8216.34     2383.38     2433.69    0.396685     -203.31     42.6896     2076.24     2297.79     2.77924    -59.3946       0.016     5.97785     4.07322     4.15952     3.87292
       1100    0.120698         1.8     1055.31     253.683    -29.5332     3974.11     4283.86     8257.97     2383.78     2434.27    0.396143    -204.958     42.6896     2076.45     2298.04     2.77852    -60.4214       0.016     5.97685     4.07257      4.1581     3.87117
       1000    0.123391         1.8     1067.38      253.67     -30.091      3988.2     4309.96     8298.16     2384.31     2435.09    0.395585    -206.583     42.6896     2076.74     2298.39     2.77768    -61.1653       0.016     5.97583     4.07185     4.15663     3.86914
        900    0.122984         1.8     1079.72     253.649    -30.2932      4002.8     4335.96     8338.76     2384.93     2436.05    0.395022     -208.15     42.6896      2077.1     2298.82     2.77676    -61.6138       0.016     5.97476     4.07108     4.15501     3.86674
        800    0.140297         1.8     1092.03     253.624    -30.2266     4018.74     4365.65     8384.39     2385.47     2436.86    0.394466    -209.595     42.6896     2077.48     2299.29     2.77582     -61.822       0.016     5.97357     4.07023     4.15317     3.86406
        700    0.144121         1.8     1106.07     253.578    -29.8583     4032.58     4396.14     8428.72     2386.88     2439.21    0.393893    -211.221     42.6896     2078.02     2299.96     2.77461    -61.7888       0.016     5.97225     4.06929     4.15102     3.86046
        600    0.131029         1.8     1120.47     253.507    -29.0305     4056.41     4423.81     8480.22     2388.28     2441.51    0.393317    -212.713     42.6896     2078.78     2300.91     2.77313    -61.3657       0.016     5.97066      4.0682     4.14822     3.85557
        500    0.128853         1.8     1133.57     253.434    -27.9011     4080.82     4451.02     8531.83     2388.81     2442.22    0.392802    -213.781     42.6896     2079.44     2301.75     2.77184      -60.67       0.016      5.9687      4.0669      4.1448     3.85046
        400    0.138886         1.8     1146.46     253.373    -26.4456     4117.72     4480.37     8598.09     2389.21     2442.71    0.392338    -214.684     42.6896     2079.88      2302.3     2.77079    -59.6852       0.016     5.96647     4.06535     4.14117     3.84583
        300    0.115819         1.8     1160.33     253.307    -24.7424     4143.99     4504.79     8648.78     2390.11     2444.11     0.39186    -215.626     42.6896     2080.32     2302.88     2.76965    -58.4726       0.016      5.9641     4.06357     4.13751      3.8411
        200    0.113913         1.8     1171.91     253.256    -22.5248     4177.12     4528.83     8705.95     2389.68     2443.14     0.39141    -216.002     42.6896     2080.62     2303.27     2.76879    -56.8498       0.016     5.96161      4.0616     4.13385      3.8371
        100    0.133495         1.8     1183.32      253.23    -19.3793     4195.42     4557.05     8752.48      2389.3     2442.29    0.390977    -216.247     42.6896      2080.6     2303.28     2.76827    -54.4256       0.016     5.95919     4.05949     4.13067     3.83446
          0    0.133732         1.8     1196.67     253.199    -15.7581     4200.76     4585.31     8786.07     2390.05      2443.5    0.390472    -216.686     42.6896     2080.74     2303.46     2.76747    -51.5778       0.016     5.95697     4.05734     4.12797     3.83179