      20000           0         0.5           0     179.437      354.04     78.9895     14.2831     93.2726     2343.43     2426.93    0.785391      6.5598     39.9574     2049.96      2345.7     2.72671     271.433       0.016     5.73044     4.59858     4.35318     4.39114
      19900           0         0.5           0     179.437      353.13     151.419     29.7361     181.156     2343.43     2426.93    0.785563     6.43382     39.9574     2049.96      2345.7     2.72686     270.633       0.016     5.73044     4.59858     4.35318     4.39114
      19800           0         0.5           0     179.437     352.506     228.894     46.3592     275.253     2343.43     2426.93    0.785735     6.30822     39.9574     2049.96      2345.7     2.72701     270.044       0.016     5.73044     4.59858     4.35318     4.39114
      19700           0         0.5           0     179.437     352.255     299.319     60.5222     359.841     2343.43     2426.93    0.785907     6.19879     39.9574     2049.96      2345.7     2.72716     269.745       0.016     5.73044     4.59858     4.35318     4.39114
      19600           0         0.5           0     179.437      352.29     351.209     72.5053     423.714     2343.43     2426.93    0.786079     6.12087     39.9574     2049.96      2345.7     2.72731     269.689       0.016     5.73044     4.59858     4.35318     4.39114
      19500           0         0.5           0     179.437     350.597     414.692     82.0183      496.71     2343.43     2426.93    0.786251     6.05158     39.9574     2049.96      2345.7     2.72746     268.519       0.016     5.73044     4.59858     4.35318     4.39114
      19400           0         0.5           0     179.437     347.879     487.353     94.1014     581.454     2343.43     2426.93    0.786423     5.90477     39.9574     2049.96      2345.7     2.72761     266.477       0.016     5.73044     4.59858     4.35318     4.39114
      19300           0         0.5           0     179.437     345.374     558.279     106.214     664.494     2343.43     2426.93    0.786595     5.65656     39.9574     2049.96      2345.7     2.72775     264.481       0.016     5.73044     4.59858     4.35318     4.39114
      19200           0         0.5           0     179.437     342.873     620.606     118.358     738.963     2343.43     2426.93    0.786767     5.32496     39.9574     2049.96      2345.7      2.7279     262.498       0.016     5.73044     4.59858     4.35318     4.39114
      19100           0         0.5           0     179.437      342.02     681.386     130.011     811.397     2343.43     2426.93    0.786938     4.94128     39.9574     2049.96      2345.7     2.72805     261.588       0.016     5.73044     4.59858     4.35318     4.39114
      19000           0         0.5           0     179.437     342.156      741.53     142.474     884.004     2343.43     2426.93     0.78711     4.58749     39.9574     2049.96      2345.7      2.7282     261.511       0.016     5.73044     4.59858     4.35318     4.39114
      18900           0         0.5           0     179.437     340.553     800.577     155.747     956.323     2343.43     2426.93    0.787281     4.26219     39.9574     2049.96      2345.7     2.72835      260.36       0.016     5.73044     4.59858     4.35318     4.39114
      18800           0         0.5           0     179.437     337.986     870.831      166.28     1037.11     2343.43     2426.93    0.787452     3.87637     39.9574     2049.96      2345.7      2.7285     258.368       0.016     5.73044     4.59858     4.35318     4.39114
      18700           0         0.5           0     179.437      336.21     952.601     178.113     1130.71     2343.43     2426.93    0.787624     3.41716     39.9574     2049.96      2345.7     2.72864     256.824       0.016     5.73044     4.59858     4.35318     4.39114
      18600           0         0.5           0     179.437     334.818     1047.59     192.576     1240.17     2343.43     2426.93    0.787795     2.92873     39.9574     2049.96      2345.7     2.72879     255.619       0.016     5.73044     4.59858     4.35318     4.39114
      18500           0         0.5           0     179.437     333.482     1150.05     201.259     1351.31     2343.43     2426.93    0.787966     2.42444     39.9574     2049.96      2345.7     2.72894     254.469       0.016     5.73044     4.59858     4.35318     4.39114
      18400           0         0.5           0     179.437     332.205     1219.19     209.492     1428.69     2343.43     2426.93    0.788137      1.9065     39.9574     2049.96      2345.7     2.72909     253.357       0.016     5.73044     4.59858     4.35318     4.39114
      18300           0         0.5           0     179.437     329.228      1275.7     218.075     1493.77     2343.43     2426.93    0.788308     1.34924     39.9574     2049.96      2345.7     2.72924     251.114       0.016     5.73044     4.59858     4.35318     4.39114
      18200           0         0.5           0     179.437       325.2      1360.8     226.658     1587.45     2343.43     2426.93    0.788478    0.672723     39.9574     2049.96      2345.7     2.72938      247.97       0.016     5.73044     4.59858     4.35318     4.39114
      18100           0         0.5           0     179.437     321.768     1469.79     234.714      1704.5     2343.43     2426.93    0.788649   -0.137283     39.9574     2049.96      2345.7     2.72953      245.11       0.016     5.73044     4.59858     4.35318     4.39114
      18000           0         0.5           0     179.437     318.559     1574.09     243.331     1817.42     2343.43     2426.93     0.78882    -1.04056     39.9574     2049.96      2345.7     2.72968     242.443       0.016     5.73044     4.59858     4.35318     4.39114
      17900           0         0.5           0     179.437      317.64     1670.99     253.364     1924.35     2343.43     2426.93     0.78899    -1.98653     39.9574     2049.96      2345.7     2.72983     241.293       0.016     5.73044     4.59858     4.35318     4.39114
      17800           0         0.5           0     179.437     318.134        1766     264.257     2030.25     2343.43     2426.93    0.789161    -2.86227     39.9574     2049.96      2345.7     2.72997     241.331       0.016     5.73044     4.59858     4.35318     4.39114
      17700           0         0.5           0     179.437     316.312     1860.47      274.54     2135.01     2343.43     2426.93    0.789331    -3.66765     39.9574     2049.96      2345.7     2.73012     239.957       0.016     5.73044     4.59858     4.35318     4.39114
      17600           0         0.5           0     179.437     313.229     1943.92     288.828     2232.75     2343.43     2426.93    0.789502    -4.52282     39.9574     2049.96      2345.7     2.73027     237.487       0.016     5.73044     4.59858     4.35318     4.39114
      17500           0         0.5           0     179.437     313.298     2011.35     302.776     2314.12     2343.43     2426.93    0.789672    -5.41147     39.9574     2049.96      2345.7     2.73042     237.026       0.016     5.73044     4.59858     4.35318     4.39114
      17400           0         0.5           0     182.115     344.137     2042.72     312.444     2355.16     2337.81     2427.24    0.817182    -7.03503     39.0482     2090.19     2390.75     2.64272     282.715       0.016      5.7211     4.59193      4.3525     4.39344
      17300           0         0.5           0     182.934     353.815     2073.54     322.233     2395.78     2333.75     2428.42    0.848489    -7.23612     38.2531     2099.33     2400.72     2.62299     291.111       0.016     5.71793     4.58375     4.34297     4.38361
      17200           0         0.5           0      183.39     359.881     2096.59     335.928     2432.52     2330.58     2429.87    0.876868    -7.02974     37.5586     2103.93      2405.7     2.61341     296.236       0.016     5.72125     4.57463     4.32783     4.36492
      17100           0         0.5           0     183.841     363.835     2099.91     350.717     2450.63     2328.02     2431.38    0.901834    -6.64495     36.9519     2107.52     2409.45     2.60581     299.608       0.016     5.72871     4.56346     4.30774     4.33998
      17000           0         0.5           0     184.395     366.328     2106.32     368.422     2474.74     2325.94     2432.88    0.923629    -6.19849      36.422     2110.68     2412.53     2.59894     301.804       0.016     5.73799     4.54879     4.28324     4.31057
      16900           0         0.5           0     185.076     363.157     2119.69     386.971     2506.66     2324.24     2434.34    0.942573    -5.83044     35.9588     2113.56      2415.1     2.59263     299.792       0.016     5.74731     4.52873     4.25519     4.27796
      16800           0         0.5           0     185.879      356.08     2132.94     406.282     2539.22     2322.88     2435.75     0.95898    -5.80695     35.5537     2116.22     2417.24     2.58687      294.26       0.016     5.75543     4.50524     4.22418     4.24311
      16700           0         0.5           0     186.789     347.713     2143.96     427.383     2571.34      2321.8     2437.11     0.97314    -6.22983      35.199      2118.7     2419.03     2.58162     287.424       0.016     5.76158     4.47861      4.5905     4.20736
      16600           0         0.5           0     187.792     338.163     2156.83      452.74     2609.57     2320.95     2438.38    0.985304    -7.09448     34.8882     2121.04     2420.52     2.57681     279.594       0.016     5.76538     4.44944     4.55473     4.57412
      16500           0         0.5           0     188.875     339.172     2164.82     472.218     2637.03      2320.3     2439.58    0.995708    -8.20911     34.6155     2123.26     2421.76      2.5724     279.344       0.016      5.7667     4.41878      4.5183     4.53859
      16400   0.0650992         0.5   0.0650992     190.027      347.24     2171.37     496.159     2667.52     2319.86     2440.72     1.00457    -8.99678      34.376     2125.37     2422.79     2.56833     285.676       0.016     5.76561     4.78854     4.48125     4.50183
      16300    0.112058         0.5     6.62198     191.279     352.202     2187.87     517.396     2705.26     2323.05     2443.55     1.01207    -10.7646     34.1655     2127.47     2423.68     2.56475     290.397       0.016     5.76229     4.75452     4.44455     4.46625
      16200   0.0761051         0.5     17.7918      192.67     355.503     2209.45      544.17     2753.62     2328.18     2447.27     1.01842    -13.0045     33.9801     2129.67     2424.54     2.56189     293.461       0.016     5.75698      4.7189     4.40916     4.43404
      16100   0.0103404         0.5     25.3365     194.154     347.056     2227.37     573.754     2801.12      2330.5     2449.52      1.0238    -13.9732     33.8167     2131.97     2425.39     2.55945     287.821       0.016     5.75001     4.68254     4.77445     4.40523
      16000           0         0.5     26.3602     195.642     330.718     2235.32     601.815     2837.14     2329.05      2449.8     1.02828    -13.9002     33.6725     2134.18     2426.15     2.55684     274.868       0.016      5.7417     4.64645     4.74135     4.77891
      15900           0         0.5     26.3602     197.102     322.398     2238.41     628.565     2866.98     2327.51     2449.91     1.03191    -14.4329     33.5449     2136.21     2426.75      2.5539     267.094       0.016     5.73233     4.61213     4.70897     4.74936
      15800   0.0231414         0.5     26.3834     198.549     318.918     2244.59     652.376     2896.97     2326.41     2450.11     1.03477    -15.2945      33.432     2138.09     2427.19     2.55085     263.977       0.016     5.72211     4.97981     4.67667     4.71819
      15700   0.0336676         0.5      28.708     200.009     316.627     2251.52     675.877     2927.39     2326.85     2450.98     1.03694      -16.76     33.3317     2139.88     2427.54     2.54785     262.057       0.016     5.71119     4.94589     4.64484     4.68713
      15600   0.0381276         0.5     32.0793     201.497     315.362     2259.92     697.139     2957.06     2327.86     2452.05     1.03854    -18.3592     33.2426     2141.66     2427.84     2.54497     260.978       0.016     5.69972     4.91189     4.61376     4.65729
      15500   0.0358982         0.5     35.8898     203.012     313.336     2268.31     717.657     2985.97     2329.02     2453.15     1.03964    -19.8917     33.1631     2143.43     2428.13     2.54216     259.462       0.016     5.68807     4.87827     4.98292     4.62886
      15400   0.0744103         0.5     39.5181     204.544     310.919     2281.59     737.118     3018.71     2329.97     2454.09     1.04032     -21.268     33.0921     2145.21     2428.42     2.53934     257.551       0.016     5.67635     4.84552     4.95241     4.60344
      15300    0.129109         0.5     47.0139     206.112     310.056     2302.97     758.323     3061.29     2332.92     2455.98     1.04061    -23.4122     33.0283     2147.02     2428.72     2.53658     256.789       0.016     5.66465     4.81472     4.92432     4.98283
      15200     0.17042         0.5     59.9661      207.76     310.176     2325.26     778.636     3103.89     2338.36     2459.08     1.04057    -26.4269     32.9709     2148.96      2429.1     2.53411     256.969       0.016     5.65312     5.18736     4.89881      4.9643
      15100    0.247067         0.5     77.0847     209.513     316.482     2356.39     797.896     3154.28     2345.14     2462.87      1.0403    -29.6884      32.919     2151.09      2429.6     2.53201      261.89       0.016       5.642     5.15873     4.87642     4.94942
      15000    0.314156         0.5     101.859     211.405      327.01     2401.35     815.794     3217.14     2354.94      2468.2     1.03985    -33.5591     32.8718     2153.48     2430.29     2.53034     270.787       0.016     5.63148     5.13085     4.85749     4.93966
      14900    0.367865         0.5     133.328     213.466      334.96     2456.77     830.974     3287.74     2366.73      2474.6     1.03928    -37.5379     32.8288     2156.22     2431.21      2.5292     278.182       0.016     5.62177     5.10457     4.84262     4.93617
      14800    0.345933         0.5     170.092     215.703     341.449     2523.16      844.55     3367.71     2379.46     2481.55     1.03865    -41.3852     32.7892     2159.32     2432.39     2.52851      284.18       0.016     5.61313     5.08036      4.8323     4.93908
      14700           0         0.5      204.34     218.007     332.277     2582.43     855.537     3437.97     2388.83     2486.91     1.03801    -43.7257     32.7525     2162.65     2433.81     2.52844     278.296       0.016     5.60589     5.05878     4.82655     4.94632
      14600           0         0.5      204.34     211.384     263.668     2601.06     879.993     3481.05     2382.33     2481.25     1.00825    -39.4463     33.7363     2128.43      2400.5     2.69262     199.382       0.016     6.49288     4.82216     4.96982     4.97647
      14500           0         0.5      204.34     209.479     236.855     2603.37     909.861     3513.23     2377.94     2476.34    0.973065    -40.5491     34.6823     2121.16        2394     2.71645     174.021       0.016     6.71499     4.63528     4.71429     4.63901
      14400           0         0.5      204.34     209.781     220.306     2608.66     941.433     3550.09     2375.43     2472.21    0.936668    -43.5081     35.5885      2116.6     2388.21     2.72462     159.168       0.016     6.51897     4.76875      4.7854     4.70712
      14300           0         0.5      204.34      210.84     206.035     2616.91     969.743     3586.65     2374.29      2468.6     0.89932    -46.9613     36.4418     2112.94     2382.64      2.7314     147.354       0.016       6.501      4.4274     4.40798     4.76906
      14200           0         0.5      204.34     212.094     193.862      2631.9     996.202      3628.1     2374.03     2465.34    0.862142    -50.4168     37.2291     2109.73      2377.4     2.73784     137.425       0.016       6.501     4.43526     4.40734     4.41504
      14100           0         0.5      204.34      213.35     187.294     2647.48     1021.19     3668.67      2374.3     2462.35    0.826238    -53.5927     37.9427     2106.86     2372.58     2.74383     131.723       0.016       6.501     4.42129     4.40087     4.44028
      14000           0         0.5      204.34     214.558     184.243     2672.34     1043.61     3715.95     2374.86     2459.57    0.792383    -56.2509     38.5803     2104.27     2368.15     2.74935     129.069       0.016       6.501     4.40424      4.7937     4.46047
      13900           0         0.5      204.34     215.717     179.215     2702.44     1068.46      3770.9     2375.51     2456.94    0.761028    -58.4206     39.1438     2101.92     2364.09     2.75446     125.331       0.016       6.501       4.792     4.78833     4.47764
      13800           0         0.5      204.34     216.834     173.325     2723.81     1090.15     3813.96     2376.15     2454.41    0.732382    -60.3309     39.6376     2099.78     2360.33     2.75928     120.758       0.016       6.501     4.77979     4.78695      4.4936
      13700           0         0.5      204.34     217.911     169.022     2761.11     1113.58     3874.69     2376.71     2451.96    0.706474    -62.0724     40.0676      2097.8     2356.83     2.76386     117.249       0.016       6.501     4.77022     4.78996     4.50977
      13600           0         0.5      204.34     218.953      165.61     2791.17     1135.84     3927.01     2377.14     2449.57    0.683216     -63.639     40.4403     2095.96     2353.54     2.76826     114.514       0.016       6.501     4.76466     4.79721     4.52706
      13500           0         0.5      204.34     219.961     168.802     2821.61     1151.71     3973.31     2377.43     2447.23    0.662449    -64.9517     40.7621     2094.24     2350.43     2.77249     116.486       0.016       6.501     4.76352     4.40697      4.5459
      13400           0         0.5      204.34      220.94     176.006      2850.7     1169.81      4020.5     2377.57     2444.92    0.643973     -65.741     41.0391     2092.62     2347.48     2.77658     121.982       0.016       6.501     4.76667     4.41725     4.56585
      13300           0         0.5      204.34     221.888     173.004     2880.43     1184.78     4065.21     2377.58     2442.65    0.627576    -66.1448      41.277     2091.09     2344.68     2.78054     120.613       0.016     6.50332     4.77368      4.4288     4.58658
      13200           0         0.5      204.34     225.432     193.869     2892.91     1199.26     4092.17     2370.24     2440.61     0.66487    -66.5843     40.2965     2128.03     2384.69      2.6678     153.493       0.016      6.2146     4.77658     4.45286     4.20536
      13100           0         0.5      204.34     227.676     200.496     2899.36     1207.45     4106.81     2364.29     2439.48    0.703043     -65.975     39.3976     2137.08     2393.14     2.63809     159.928       0.016     6.46715     4.77327     4.46799     4.21229
      13000           0         0.5      204.34     229.489     206.397     2913.84     1216.45     4130.29     2359.26     2438.73    0.737548    -64.9887     38.5929     2141.52     2396.58     2.62267     165.788       0.016     5.87406     4.75588     4.46776      4.2106
      12900   0.0461184         0.5     204.386     230.945     212.702     2914.53     1224.21     4138.74     2354.96     2438.18    0.768023    -63.8322     37.8817     2144.56     2398.71     2.61148     171.715       0.016     6.03576       4.729     4.45781     4.20289
      12800   0.0736432         0.5     209.025      232.08     219.055     2923.44     1233.01     4156.45     2353.72     2438.99    0.794851    -63.5408     37.2566     2146.85      2400.3      2.6031     177.642       0.016     6.16755      4.6983     4.44347     4.59128
      12700    0.019046         0.5     216.335     233.165      221.27     2926.99     1242.45     4169.44     2353.94     2440.41    0.818514    -63.6334      36.708      2148.9     2401.65     2.59573     180.298       0.016     5.46957     4.66695     4.42793     4.57639
      12600           0         0.5     218.221     234.367     220.583      2942.2     1253.23     4195.43     2351.08     2440.19     0.83923    -62.5592      36.226     2150.92     2402.87     2.58787     180.207       0.016     5.54812      4.6353     4.41107     4.55832
      12500           0         0.5     218.221     235.588     220.435      2954.9     1264.63     4219.53     2347.69     2439.59    0.857276    -61.4297     35.8017     2152.83     2403.93     2.57999     180.264       0.016     5.60942     4.60617     4.79194     4.53652
      12400           0         0.5     218.221     236.817     220.415     2969.71     1273.91     4243.63     2344.89     2439.16     0.87295    -60.6437     35.4274     2154.62     2404.86     2.57226     180.483       0.016     5.65686     4.97774     4.76922     4.51185
      12300           0         0.5     218.221     238.057     219.077     2973.56     1282.64     4256.21     2342.55     2438.85    0.886542    -60.1643     35.0963     2156.34      2405.7     2.56475     179.631       0.016     5.69315     4.94915     4.74442     4.48521
      12200   0.0653921         0.5     218.286     239.309     216.757     2984.18     1292.64     4276.81     2340.63     2438.67    0.898313    -60.0251     34.8029     2158.02     2406.49     2.55742     177.835       0.016     5.72056     4.92102     4.71836     4.45738
      12100    0.131618         0.5     224.891     240.619     215.889     3003.76     1304.46     4308.23     2342.54     2440.34    0.908498    -61.5646     34.5423     2159.73     2407.27     2.55046     177.047       0.016     5.74129     4.89344     4.69186     4.43055
      12000    0.196506         0.5     238.118     242.053     215.836     3032.08     1312.51     4344.58     2347.61     2443.57    0.917337    -64.3719     34.3104     2161.62     2408.15      2.5441      177.04       0.016     5.75649     4.86648      4.6672     4.40836
      11900    0.232352         0.5     257.804     243.655      216.58     3065.07     1323.41     4388.47      2355.2     2448.07    0.925034     -68.099     34.1037     2163.78     2409.19     2.53835     177.682       0.016     5.76716     4.84062     4.64715     4.79542
      11800    0.319522         0.5     281.127     245.436     217.864     3103.82     1333.01     4436.83     2363.39     2452.92    0.931754    -71.9062     33.9194     2166.22     2410.42     2.53308     178.823       0.016     5.77432     4.81742     4.63149     4.78725
      11700    0.109074         0.5     312.869     247.427     226.463     3154.54     1342.16      4496.7     2374.72     2459.38    0.937619    -76.6068     33.7547     2168.97     2411.84     2.52828     185.707       0.016     5.77891     5.19718     4.61958     4.78462
      11600   0.0618914         0.5     323.729     235.997     200.744     3186.17     1363.53      4549.7     2377.31     2458.43    0.910569     -75.716     34.6333     2130.01     2376.71     2.71603     145.415       0.016     6.00805     4.95703     4.75438     4.40626
      11500 0.000228205         0.5     329.856     232.232     182.887     3209.62     1397.07     4606.69      2377.2      2456.1      0.8792    -76.5115     35.4829     2122.79     2371.84     2.74193     129.742       0.016     6.49245     4.77226     4.49915     4.46242
      11400  0.00512168         0.5     329.884     231.817     159.234      3221.9      1433.2      4655.1     2374.71     2452.53    0.846903    -77.7322     36.2999     2118.59     2367.29     2.74879     110.163       0.016     6.32148     4.50558     4.57212     4.53218
      11300  0.00742995         0.5     330.398     232.582     148.006      3227.8      1466.1      4693.9      2373.8     2449.62    0.813494    -80.1852     37.0709     2115.21     2362.56     2.75389     99.7261       0.016     6.23053     4.56998     4.59843     4.59496
      11200           0         0.5     331.134      233.73     143.695     3228.85     1497.22     4726.07     2373.81     2447.06    0.779943    -82.7106     37.7829     2112.34     2358.05     2.75891     95.7312       0.016     6.78343     4.58934     4.20091     4.23515
      11100           0         0.5     331.134     234.957     135.949      3248.1     1527.16     4775.26     2373.89     2444.52    0.747341    -84.8284     38.4281     2109.78     2353.86      2.7637     89.8074       0.016     6.76262     4.58347     4.59429     4.26244
      11000           0         0.5     331.134     236.157     126.592     3276.11      1555.8     4831.91     2374.29     2442.16    0.716466    -86.9304     39.0042     2107.45     2349.97     2.76816     82.3446       0.016     6.75965     4.56623     4.58591     4.28274
      10900           0         0.5     331.134     237.306     121.207     3294.77      1586.1     4880.87     2374.82     2439.92    0.687795    -89.0152     39.5127     2105.34     2346.41     2.77231      77.644       0.016     6.76805     4.54599     4.57944     4.29869
      10800           0         0.5     331.134     238.402     118.071     3301.78     1613.25     4915.03     2375.37     2437.77    0.661564    -90.9136     39.9577     2103.43     2343.12     2.77618     74.9396       0.016     6.78368     4.52728     4.57624     4.31252
      10700           0         0.5     331.134      239.45     114.039      3310.4     1640.02     4950.42     2375.87      2435.7    0.637833    -92.6303     40.3448     2101.67     2340.08     2.77983     71.7199       0.016     6.20363     4.51231     4.57669     4.32582
      10600           0         0.5     331.134     240.457     109.613     3323.21     1666.46     4989.67     2376.27     2433.68    0.616539    -94.2757     40.6796     2100.04     2337.24     2.78329     68.0958       0.016     6.22478      4.5019     4.58073     4.33963
      10500           0         0.5     331.134     241.426      106.92     3336.24     1692.54     5028.78     2376.56     2431.71    0.597546    -95.8701     40.9683     2098.53     2334.58     2.78659     65.6946       0.016     6.24729     4.49614     4.58809     4.35456
      10400           0         0.5     331.134     242.364     105.241      3349.9     1716.37     5066.27     2376.72     2429.76    0.580678    -97.3555     41.2164     2097.11     2332.06     2.78976     64.1895       0.016     6.27061     4.49473     4.59845     4.37089
      10300           0         0.5     331.134     243.271     104.152     3356.94        1738     5094.94     2376.76     2427.85    0.565736    -98.7227     41.4292     2095.76     2329.66     2.79283     63.1775       0.016     6.29433     4.49723     4.20948     4.38859
      10200           0         0.5     331.134     244.151     102.983     3364.83     1759.55     5124.39     2376.69     2425.97    0.552524     -99.977     41.6113     2094.49     2327.38     2.79579     62.1968       0.016     6.31818     4.50308     4.22019     4.00594
      10100           0         0.5     331.134         245     100.802     3388.84     1778.25     5167.09     2376.52     2424.14    0.540865    -101.183     41.7671     2093.29     2325.21     2.79866     60.3916       0.016     6.34194     4.51167     4.23051     4.01713
      10000           0         0.5     331.134     245.819     98.2984     3406.25     1796.43     5202.68     2376.28     2422.38    0.530592    -102.392     41.9003     2092.16     2323.16     2.80142      58.309       0.016     6.36542     4.52248     4.24059     4.02672
       9900    0.081718         0.5     331.216     246.609     95.6254     3412.76     1814.12     5226.88     2376.03     2420.71    0.521535    -103.646      42.014     2091.09     2321.22     2.80408     56.0695       0.016     6.38852     4.53507     4.25286     4.03879
       9800   0.0744894         0.5      339.38     247.461     92.6762     3420.45     1830.41     5250.86     2379.96     2421.23    0.513519     -106.53     42.1111      2090.4     2319.66     2.80709     53.5801       0.016     6.41128      4.5492     4.26745     4.05505
       9700   0.0671997         0.5     346.822     248.387     89.5408     3421.17     1845.21     5266.38     2382.51     2421.17    0.506479    -108.942     42.1939     2090.08     2318.49     2.81041     50.9183       0.016     6.43412     4.56481     4.28492      4.0756
       9600   0.0599652         0.5     353.535     249.327     86.3062     3421.44     1858.51     5279.96     2384.05      2420.7    0.500303    -111.022     42.2647     2089.79     2317.33      2.8136     48.1661       0.016     6.45726      4.5819     4.30502     4.09868
       9500   0.0528374         0.5     359.524     250.257     83.0046     3426.25     1870.33     5296.58      2384.8     2419.89    0.494833     -112.87     42.3252     2089.43     2316.11     2.81662     45.3507       0.016      6.4807     4.20043     4.32713     4.12328
       9400    0.063458         0.5     364.818     251.166     80.4741     3448.04     1884.36      5332.4     2384.96     2418.81    0.489935    -114.547     42.3768     2088.99     2314.82     2.81946     43.0873       0.016     6.50431      4.2151     4.35063     4.14877
       9300   0.0524557         0.5     371.153     252.064     78.3759     3469.22      1896.1     5365.32     2385.57     2417.98    0.485502    -116.396      42.421     2088.54     2313.54     2.82223     41.2062       0.016     6.52802     4.22623     4.37494     4.17513
       9200   0.0478337         0.5     376.394     252.942     76.5348     3489.52     1906.86     5396.38     2385.39     2416.78    0.481474    -117.945     42.4588     2088.09     2312.26     2.82491     39.5415       0.016     6.55207     4.23758     4.39977     3.80191
       9100   0.0357263         0.5     381.165     253.792     74.8816      3501.9     1915.06     5416.96     2384.93     2415.46    0.477797    -119.372     42.4911     2087.57     2310.95     2.82742     38.0378       0.016     6.57619     4.25213     4.01965     3.82071
       9000   0.0190792         0.5     384.721     254.603      73.395     3512.24     1919.76        5432     2383.87     2413.89    0.474434    -120.549     42.5188     2087.02     2309.62     2.82975     36.6778       0.016     5.80008     4.26886     4.03474     3.83619
       8900   0.0221431         0.5     386.632     255.355     72.0848     3533.33     1925.06     5458.38     2382.13     2412.01    0.471336    -121.439     42.5426     2086.37     2308.25     2.83183     35.4684       0.016     5.82109     4.28691     4.05053     3.85149
       8800   0.0182539         0.5     388.843     256.064     70.8978     3542.91     1929.52     5472.43     2380.85     2410.38    0.468455    -122.471     42.5629     2085.69     2306.86     2.83377     34.3661       0.016     5.84075     4.30575     4.06749       3.867
       8700   0.0144994         0.5     390.664     256.743     69.8098     3544.99     1933.17     5478.16     2379.55     2408.77    0.465767    -123.465     42.5804     2085.02     2305.52     2.83565     33.3494       0.016     5.85938     4.32506     4.08497     3.88299
       8600    0.012186         0.5     392.112     257.395     68.8116     3548.13     1936.33     5484.46     2378.24     2407.16     0.46326    -124.422     42.5954     2084.34      2304.2     2.83746     32.4115       0.016     5.87717      4.3446     4.10268     3.89937
       8500  0.00997494         0.5     393.329     258.024     67.8904     3551.14        1939     5490.15     2376.99      2405.6    0.460913    -125.366     42.6083     2083.65     2302.89     2.83922     31.5419       0.016     5.89428      4.3642     4.12051     3.91605
       8400   0.0100022         0.5     394.326     258.632     67.4699     3551.64     1941.67     5493.31     2375.79     2404.08    0.458712    -126.284     42.6195     2082.97      2301.6     2.84094     31.0525       0.016     5.91081     4.38376     4.13838     3.93298
       8300           0         0.5     395.316     259.224      67.373     3562.53      1942.6     5505.13     2374.73     2402.63    0.456642    -127.188      42.629     2082.29     2300.33     2.84263     30.8551       0.016     5.92685     4.00292     4.15625     3.95014
       8200           0         0.5     395.316     259.792     67.5135     3568.95     1943.51     5512.47     2373.25     2400.99    0.454693    -127.867     42.6372      2081.6     2299.06     2.84427     30.8664       0.016     5.94247     4.01662     4.17406     3.96729
       8100           0         0.5     395.316      260.33     67.8573     3578.44     1944.39     5522.83     2371.98     2399.46    0.452848     -128.54     42.6443     2080.87     2297.78     2.84584     31.0586       0.016     5.95758     4.02667     4.19152      3.9843
       8000           0         0.5     395.316     260.843     68.3633     3579.93     1945.51     5525.44     2370.85        2398    0.451098    -129.185     42.6505     2080.16     2296.54     2.84738      31.397       0.016     5.97216     4.03572     3.80756     3.60112
       7900           0         0.5     395.316     261.334     69.0791     3590.57     1946.85     5537.42     2369.84     2396.63    0.449446    -129.784     42.6557     2079.47     2295.35     2.84888     31.9147       0.016     5.98617     4.04637     3.81976     3.61286
       7800           0         0.5     395.316     261.803     69.9641      3598.9     1948.95     5547.85     2368.94     2395.35    0.447905    -130.323     42.6603     2078.82     2294.23     2.85033     32.5873       0.016     5.99962     4.05814     3.82934     3.62029
       7700           0         0.5     395.316      262.25     71.0054     3604.96      1950.8     5555.76     2368.14     2394.17    0.446474    -130.793     42.6642     2078.23     2293.18     2.85172     33.3998       0.016     6.01251     4.07045     3.83769     3.62769
       7600           0         0.5     395.316     262.678     72.2118     3613.12     1953.38      5566.5      2367.4     2393.06    0.445141    -131.187     42.6676     2077.67     2292.19     2.85306     34.3623       0.016     6.02485     4.08295     3.84641     3.63577
       7500           0         0.5     395.316      263.09     73.5539     3626.63     1956.64     5583.27     2366.73     2392.02    0.443898    -131.499     42.6706     2077.14     2291.26     2.85435     35.4511       0.016     6.03672     4.09551      3.8561     3.64454
       7400           0         0.5     395.316     263.491     73.9763     3643.36     1960.58     5603.95     2366.11     2391.03    0.442733    -131.745     42.6731     2076.64     2290.36      2.8556     35.8824       0.016     6.04817     4.10807     3.86638     3.65397
       7300           0         0.5     395.316     263.882     73.8741     3661.43     1963.19     5624.62     2365.52     2390.09    0.441637    -131.979     42.6753     2076.15     2289.48     2.85682     35.8454       0.016     6.05928      4.1206     3.87706     3.66398
       7200           0         0.5     395.316     264.265     73.4955     3683.14     1964.46     5647.59     2364.97     2389.18    0.440601    -132.221     42.6772     2075.68     2288.63     2.85802      35.575       0.016     6.07012     4.13308     3.88803     3.67445
       7100           0         0.5     395.316     264.641     72.9273     3705.51      1966.8     5672.31     2364.44     2388.29    0.439616    -132.477     42.6788     2075.21      2287.8      2.8592     35.1423       0.016     6.08072     4.14548     3.89923     3.68529
       7000           0         0.5     395.316     265.012     72.2179     3720.19     1974.21      5694.4     2363.92     2387.43    0.438676    -132.753     42.6803     2074.76     2286.98     2.86036     34.5869       0.016     6.09112      4.1578     3.91059     3.69644
       6900           0         0.5     395.316     265.378     71.4103     3734.84     1981.49     5716.33     2363.43     2386.59    0.437774    -133.051     42.6815     2074.31     2286.18     2.86151     33.9435       0.016     6.10137     4.17003     3.92208     3.70783
       6800           0         0.5     395.316      265.74     70.5246     3747.66     1984.33     5731.99     2362.95     2385.76    0.436907    -133.372     42.6826     2073.86     2285.38     2.86264       33.23       0.016     6.11149     4.18219     3.93367      3.7194
       6700           0         0.5     395.316     266.097     69.5858        3760     1988.32     5748.33     2362.48     2384.94    0.436068    -133.714     42.6835     2073.42     2284.59     2.86377     32.4652       0.016      6.1218     4.19427     3.94534     3.73111
       6600           0         0.5     395.316     266.453     68.6223     3773.03     1995.38     5768.41     2362.02     2384.14    0.435254    -134.077     42.6843     2072.99     2283.82     2.86488     31.6749       0.016     6.13235     3.80546     3.95709     3.74295
       6500           0         0.5     395.316     266.806     67.6254     3783.16     2001.08     5784.24     2361.56     2383.34    0.434463     -134.46      42.685     2072.56     2283.04     2.86598     30.8522       0.016       6.143      3.8137     3.96888     3.75488
       6400           0         0.5     395.316     267.154     66.9058      3792.7     2007.04     5799.74     2361.11     2382.56    0.433691    -134.857     42.6856     2072.13     2282.28     2.86708     30.2285       0.016     6.15365     3.82057     3.98061     3.76687
       6300           0         0.5     395.316     267.495     66.3474     3803.03     2011.58     5814.61     2360.67     2381.78    0.432937    -135.251     42.6861      2071.7     2281.53     2.86815     29.7478       0.016     6.16423     3.82691     3.99226     3.77887
       6200           0         0.5     395.316     267.829     65.8857     3821.34     2015.61     5836.95     2360.23        2381      0.4322    -135.637     42.6866     2071.29     2280.79     2.86921     29.3467       0.016     6.17469     3.83307     3.60352     3.79085
       6100           0         0.5     395.316     268.157      65.511     3840.47     2019.12     5859.59      2359.8     2380.24     0.43148     -136.01      42.687     2070.87     2280.06     2.87024     29.0189       0.016     6.18502     3.83923     3.61305     3.40231
       6000           0         0.5     395.316     268.478     65.1951     3848.69      2022.1     5870.79     2359.38      2379.5    0.430781    -136.369     42.6873     2070.47     2279.35     2.87125     28.7416       0.016     6.19517     3.84541     3.62136     3.41014
       5900           0         0.5     395.316     268.788     64.9266     3858.81     2027.18     5885.99     2358.98     2378.79    0.430112    -136.711     42.6876     2070.09     2278.68     2.87223     28.5047       0.016     5.40461     3.85212     3.62842     3.41549
       5800           0         0.5     395.316     269.088     64.6967     3875.14     2030.77     5905.91      2358.6     2378.12    0.429477    -137.038     42.6879     2069.73     2278.03     2.87318     28.3011       0.016     5.41299     3.85957     3.63458     3.41966
       5700           0         0.5     395.316     269.377        64.5     3881.69     2034.25     5915.94     2358.24     2377.49    0.428874    -137.347     42.6881     2069.39     2277.42     2.87408      28.126       0.016     5.42083      3.8674     3.64033     3.42432
       5600           0         0.5     395.316     269.654     64.3326      3886.5     2037.75     5924.25      2357.9     2376.89    0.428298    -137.642     42.6883     2069.07     2276.84     2.87495     27.9764       0.016     5.42826     3.87538      3.6461     3.42958
       5500           0         0.5     395.316     269.922     64.1911     3901.22     2041.28     5942.49     2357.57     2376.32    0.427746     -137.92     42.6885     2068.76     2276.28     2.87578     27.8495       0.016     5.43534      3.8834     3.65199     3.43524
       5400           0         0.5     395.316     270.181     63.3536     3915.24     2045.03     5960.28     2357.25     2375.76    0.427217    -138.197     42.6886     2068.47     2275.74     2.87659     27.2058       0.016     5.44215     3.89138     3.65802     3.44119
       5300           0         0.5     395.316     270.432     62.0934     3921.67     2049.01     5970.69     2356.95     2375.23    0.426707    -138.511     42.6887     2068.18     2275.22     2.87738      26.179       0.016     5.44871     3.89929     3.66416     3.44734
       5200           0         0.5     395.316     270.677     60.5977     3940.37     2049.89     5990.26     2356.65      2374.7    0.426216    -138.876     42.6888      2067.9     2274.71     2.87814      24.943       0.016     5.45506     3.90711     3.67041     3.45365
       5100           0         0.5     395.316     270.916     58.9483        3946     2051.61     5997.61     2356.36     2374.19     0.42574    -139.297     42.6889     2067.62     2274.21     2.87889     23.5677       0.016     5.46123     3.91482     3.67686      3.4601
       5000           0         0.5     395.316      271.15     57.1615      3946.7     2054.16     6000.86     2356.07     2373.69    0.425279    -139.777      42.689     2067.35     2273.73     2.87962     22.0668       0.016     5.46725     3.92243     3.68356     3.46669
       4900           0         0.5     395.316      271.38     55.2886     3948.89     2055.54     6004.43     2355.79      2373.2    0.424831    -140.316     42.6891     2067.08     2273.25     2.88034     20.4804       0.016     5.47313     3.92995     3.69041     3.47345
       4800           0         0.5     395.316     271.606      53.333     3950.84     2056.39     6007.23     2355.52     2372.71    0.424393    -140.914     42.6891     2066.82     2272.77     2.88105     18.8155       0.016     5.47891     3.93737     3.69733     3.48032
       4700           0         0.5     395.316      271.83     51.3129     3958.65     2056.72     6015.37     2355.25     2372.23    0.423966    -141.569     42.6892     2066.56      2272.3     2.88175     17.0841       0.016     5.48458     3.94472     3.70431     3.48729
       4600           0         0.5     395.316      272.05     49.2584     3959.74     2058.97     6018.71     2354.98     2371.76    0.423546    -142.279     42.6892      2066.3     2271.84     2.88245     15.3143       0.016     5.49018     3.95198     3.71131     3.49434
       4500           0         0.5     395.316     272.268     47.1507     3962.66     2062.14      6024.8     2354.71     2371.29    0.423135    -143.043     42.6893     2066.04     2271.38     2.88313     13.4909       0.016      5.4957     3.95917     3.71832     3.50143
       4400           0         0.5     395.316     272.484     45.3626     3966.26     2063.52     6029.79     2354.45     2370.82     0.42273    -143.853     42.6893     2065.78     2270.92      2.8838     11.8933       0.016     5.50115     3.96628     3.72533     3.50855
       4300           0         0.5     395.316     272.697     43.7511     3967.52     2064.72     6032.24     2354.19     2370.36    0.422331    -144.688     42.6894     2065.53     2270.47     2.88447     10.4508       0.016     5.50654     3.97332     3.73234     3.51569
       4200           0         0.5     395.316     272.908     42.2328     3973.29     2065.43     6038.72     2353.93      2369.9    0.421938    -145.541     42.6894     2065.27     2270.02     2.88514      9.0826       0.016     5.51187      3.9803     3.73932     3.52284
       4100           0         0.5     395.316     273.117     40.7897     3983.13     2066.85     6049.97     2353.67     2369.45     0.42155    -146.406     42.6894     2065.02     2269.57     2.88579     7.77537       0.016     5.51715     3.98722     3.74629     3.52998
       4000           0         0.5     395.316     273.325      39.391     3993.42     2066.87     6060.29     2353.42     2368.99    0.421167    -147.281     42.6894     2064.77     2269.13     2.88644     6.50413       0.016     5.52239     3.99407     3.75323     3.53711
       3900  0.00546894         0.5     395.322      273.53     38.0221     4006.54     2068.24     6074.78     2353.17     2368.55    0.420789    -148.166     42.6894     2064.53      2268.7     2.88709     5.25665       0.016     5.52757     3.60082     3.76014     3.54422
       3800           0         0.5     395.863      273.74     36.6638     4018.21     2068.53     6086.74      2353.2     2368.24    0.420415     -149.16     42.6895      2064.3     2268.28     2.88775     4.01646       0.016     5.53272     3.60627     3.76704     3.55146
       3700           0         0.5     395.863     273.948     34.7482     4034.09     2069.15     6103.24     2352.89     2367.77    0.420051     -150.04     42.6895     2064.08     2267.88     2.88841     2.39671       0.016     5.53782     3.61076     3.77392      3.5587
       3600           0         0.5     395.863     274.147     31.3117     4047.64      2070.1     6117.74      2352.6     2367.32    0.419691    -151.007     42.6895     2063.85     2267.46     2.88903   -0.503805       0.016     5.54286      3.6148      3.7807      3.5658
       3500  0.00221757         0.5     395.865      274.34     27.2098     4060.52     2070.76     6131.28     2352.32     2366.87    0.419334    -152.114     42.6895     2063.61     2267.04     2.88963    -3.98884       0.016      5.5478     3.61865     3.78734     3.57278
       3400           0         0.5     396.085      274.53     22.8584     4069.52     2071.29     6140.81     2352.17     2366.48     0.41898    -153.416     42.6895     2063.38     2266.64     2.89024    -7.73179       0.016     5.55263     3.62242     3.79386     3.57971
       3300           0         0.5     396.085     274.717     18.2645     4069.75     2071.66     6141.41     2351.89     2366.04    0.418633    -154.818     42.6895     2063.15     2266.24     2.89083     -11.695       0.016     5.55736     3.62618     3.40026     3.58654
       3200           0         0.5     396.085     274.897     13.9999     4070.86     2071.85     6142.72     2351.62     2365.61    0.418291    -156.366     42.6895     2062.93     2265.85      2.8914    -15.4934       0.016     5.56199     3.62995     3.40598      3.5932
       3100           0         0.5     396.085     275.073     11.0385     4071.27     2072.28     6143.55     2351.36     2365.18    0.417954     -157.99     42.6895      2062.7     2265.46     2.89195    -18.2176       0.016     5.56652     3.63374     3.41126     3.59959
       3000           0         0.5     396.085     275.244      8.5448     4073.93     2072.92     6146.86     2351.11     2364.77    0.417625    -159.635     42.6895     2062.49     2265.09     2.89249     -20.548       0.016     5.57093     3.63754     3.41621     3.20459
       2900           0         0.5     396.085     275.409     6.38414     4077.07     2073.01     6150.08     2350.88     2364.38    0.417309    -161.278     42.6895     2062.28     2264.72     2.89302    -22.5995       0.016     5.57522     3.64134     3.42057     3.20807
       2800           0         0.5     396.085      275.57     4.45951     4080.61     2073.28     6153.89     2350.66     2364.01    0.417008    -162.906     42.6895     2062.08     2264.38     2.89353    -24.4493       0.016     5.57938     3.64514      3.4244     3.21077
       2700   0.0141309         0.5     396.099     275.724     2.53564     4084.02     2076.46     6160.48     2350.46     2363.67    0.416724    -164.517     42.6895     2061.89     2264.05     2.89403     -26.268       0.016     5.58341      3.6489     3.42782     3.21302
       2600           0         0.5     397.498     275.888    0.261479      4096.6     2078.45     6175.04        2351     2363.71    0.416455    -166.382     42.6895     2061.77     2263.79     2.89457    -28.3793       0.016     5.58732     3.65264       3.431     3.21529
       2500  0.00796179         0.5     397.506     276.049    -2.10236     4096.78      2080.3     6177.07     2350.66     2363.33    0.416216    -167.941     42.6895     2061.66     2263.55     2.89509    -30.5683       0.016     5.59114     3.65636      3.4341     3.21736
       2400  0.00583652         0.5       398.3     276.204    -4.49712     4098.57     2081.69     6180.27      2350.8     2363.21    0.415993    -169.679     42.6895     2061.55     2263.31     2.89556    -32.7888       0.016     5.59487     3.66008     3.43705     3.21932
       2300  0.00304383         0.5     398.881     276.357    -6.91934     4098.76     2082.49     6181.24     2350.76     2363.01    0.415784    -171.372     42.6895     2061.45     2263.09     2.89604    -35.0341       0.016      5.5985     3.66378     3.44002     3.22178
       2200 0.000300767         0.5     399.182     276.502    -9.20237     4105.47     2082.68     6188.15     2350.57     2362.74    0.415585    -173.023     42.6895     2061.35     2262.86     2.89647    -37.1889       0.016     5.60204     3.66748      3.4431     3.22452
       2100 0.000179753         0.5     399.212     276.637    -11.0744     4105.91     2082.85     6188.75     2350.26     2362.42     0.41539    -174.627     42.6895     2061.23     2262.62     2.89687    -38.9991       0.016     5.60545     3.67118     3.44623     3.22732
       2000 8.70427e-05         0.5      399.23     276.763    -12.7745     4106.23     2082.98     6189.22        2350     2362.12    0.415196    -176.226     42.6896     2061.09     2262.38     2.89723    -40.6603       0.016     5.60874     3.67487     3.44937     3.23015
       1900  0.00250205         0.5     399.241     276.883    -14.3441      4106.7     2083.63     6190.33     2349.76     2361.84    0.415002    -177.812     42.6896     2060.95     2262.13     2.89759    -42.2082       0.016      5.6119     3.67855      3.4525     3.23301
       1800  0.00257264         0.5     399.492     277.001    -15.8169     4107.26      2084.3     6191.56     2349.68     2361.63    0.414811    -179.422     42.6896     2060.83      2261.9     2.89795    -43.6702       0.016     5.61495     3.68219     3.45563     3.23599
       1700  0.00649826         0.5     399.753     277.119    -17.3063     4109.15     2085.81     6194.95     2349.59     2361.43    0.414625    -181.002     42.6896     2060.72     2261.69     2.89832    -45.1268       0.016      5.6179     3.68581     3.45878     3.23909
       1600     0.01364         0.5      400.41     277.241     -18.989     4110.02     2088.85     6198.87     2349.71     2361.33    0.414447    -182.632     42.6896     2060.63      2261.5     2.89871    -46.7419       0.016     5.62078      3.6894     3.46199     3.24237
       1500   0.0048569         0.5     401.765     277.374    -20.7395     4111.32     2090.02     6201.34     2350.14      2361.4    0.414279     -184.36     42.6896     2060.58     2261.35     2.89914    -48.4141       0.016     5.62365     3.69298     3.46532     3.24604
       1400           0         0.5     402.246     277.509    -22.5244      4112.1     2090.58     6202.68     2350.01     2361.19    0.414126    -185.878     42.6896     2060.54     2261.21     2.89956    -50.1127       0.016     5.62653     3.69657     3.46882     3.24982
       1300           0         0.5     402.246     277.632    -24.3205     4116.63     2090.69     6207.32     2349.63     2360.85    0.413978    -187.308     42.6896     2060.45     2261.01      2.8999    -51.8187       0.016     5.62942     3.70018     3.47233     3.25337
       1200  0.00308599         0.5     402.249     277.745    -25.8438     4132.91     2091.46     6224.37     2349.32     2360.55    0.413823    -188.757     42.6896     2060.32     2260.78     2.90022    -53.3373       0.016     5.63225     3.70379     3.47576     3.25669
       1100  0.00580926         0.5      402.56     277.855    -26.6253     4146.11     2092.81     6238.92     2349.23     2360.36    0.413661    -190.238     42.6896      2060.2     2260.57     2.90055    -54.2301       0.016     5.63502     3.70737     3.47909     3.25998
       1000  0.00784118         0.5     403.143      277.97    -27.0871     4157.19     2094.61      6251.8     2349.27     2360.23    0.413498    -191.701     42.6896     2060.11     2260.38      2.9009    -54.8422       0.016     5.63774     3.71093     3.48239     3.26336
        900   0.0067277         0.5     403.926      278.09    -27.2045      4168.7     2096.17     6264.87     2349.39     2360.15    0.413341    -193.108     42.6896     2060.04     2260.22     2.90127    -55.1621       0.016     5.64044     3.71445     3.48571      3.2669
        800   0.0231938         0.5     404.616     278.213    -27.0599     4181.48     2101.27     6282.75     2349.41     2360.02    0.413192    -194.392     42.6896     2059.98     2260.06     2.90165    -55.2442       0.016     5.64313     3.71795      3.4891     3.27053
        700   0.0258918         0.5     406.938     278.355    -26.6274     4192.08     2106.99     6299.07     2350.27     2360.31    0.413048    -195.866     42.6896     2059.98     2259.96      2.9021    -55.0873       0.016     5.64585     3.72143      3.4926     3.27461
        600   0.0116375         0.5     409.513     278.521    -25.7513     4212.64     2109.64     6322.28     2351.06     2360.59    0.412921      -197.2     42.6896     2060.07     2259.94     2.90263    -54.5425       0.016     5.64867     3.72494     3.49638     3.27933
        500  0.00844903         0.5     410.673     278.686    -24.5806     4233.73      2111.6     6345.32     2350.93     2360.41    0.412814    -198.094     42.6896     2060.11     2259.88     2.90309    -53.7281       0.016     5.65163     3.72849     3.50044     3.28404
        400   0.0174738         0.5     411.527     278.836    -23.0886     4267.27     2115.49     6382.75     2350.68     2360.16    0.412703    -198.818     42.6896     2060.09     2259.74     2.90347    -52.6279       0.016     5.65466     3.73211      3.5045     3.28837
        300           0         0.5     413.257     278.986    -21.3539     4290.15     2116.75      6406.9     2350.93     2360.17    0.412574    -199.585     42.6896     2060.06      2259.6     2.90385     -51.301       0.016      5.6577     3.73577     3.50849     3.29265
        200           0         0.5     413.257     279.124    -19.1244     4319.88     2118.58     6438.46     2350.21     2359.69    0.412438    -199.884     42.6896        2060     2259.44     2.90418    -49.5757       0.016     5.66073     3.73944      3.5124     3.29659
        100   0.0097957         0.5     413.267     279.241    -15.9868     4334.79     2120.79     6455.59     2349.66     2359.28    0.412286    -200.071     42.6896     2059.87      2259.2     2.90444    -47.0621       0.016     5.66368     3.74309     3.51607     3.29997
          0  0.00921624         0.5     414.246     279.359    -12.3736     4336.74     2122.89     6459.63     2349.72     2359.17    0.412114    -200.275     42.6896     2059.77        2259     2.90474    -44.1179       0.016      5.6665     3.74667     3.51949      3.3033