      20000           0         1.5           0     179.437      354.04     78.9895     14.2831     93.2726     2343.43     2426.93    0.785391      6.5598     39.9574     2049.96      2345.7     2.72671     271.433       0.016     5.73044     4.59858     4.35318     4.39114
      19900           0         1.5           0     179.437      353.13     151.419     29.7361     181.156     2343.43     2426.93    0.785563     6.43382     39.9574     2049.96      2345.7     2.72686     270.633       0.016     5.73044     4.59858     4.35318     4.39114
      19800           0         1.5           0     179.437     352.506     228.894     46.3592     275.253     2343.43     2426.93    0.785735     6.30822     39.9574     2049.96      2345.7     2.72701     270.044       0.016     5.73044     4.59858     4.35318     4.39114
      19700           0         1.5           0     179.437     352.255     299.319     60.5222     359.841     2343.43     2426.93    0.785907     6.19879     39.9574     2049.96      2345.7     2.72716     269.745       0.016     5.73044     4.59858     4.35318     4.39114
      19600           0         1.5           0     179.437      352.29     351.209     72.5053     423.714     2343.43     2426.93    0.786079     6.12087     39.9574     2049.96      2345.7     2.72731     269.689       0.016     5.73044     4.59858     4.35318     4.39114
      19500           0         1.5           0     179.437     350.597     414.692     82.0183      496.71     2343.43     2426.93    0.786251     6.05158     39.9574     2049.96      2345.7     2.72746     268.519       0.016     5.73044     4.59858     4.35318     4.39114
      19400           0         1.5           0     179.437     347.879     487.353     94.1014     581.454     2343.43     2426.93    0.786423     5.90477     39.9574     2049.96      2345.7     2.72761     266.477       0.016     5.73044     4.59858     4.35318     4.39114
      19300           0         1.5           0     179.437     345.374     558.279     106.214     664.494     2343.43     2426.93    0.786595     5.65656     39.9574     2049.96      2345.7     2.72775     264.481       0.016     5.73044     4.59858     4.35318     4.39114
      19200           0         1.5           0     179.437     342.873     620.606     118.358     738.963     2343.43     2426.93    0.786767     5.32496     39.9574     2049.96      2345.7      2.7279     262.498       0.016     5.73044     4.59858     4.35318     4.39114
      19100           0         1.5           0     179.437      342.02     681.386     130.011     811.397     2343.43     2426.93    0.786938     4.94128     39.9574     2049.96      2345.7     2.72805     261.588       0.016     5.73044     4.59858     4.35318     4.39114
      19000           0         1.5           0     179.437     342.156      741.53     142.474     884.004     2343.43     2426.93     0.78711     4.58749     39.9574     2049.96      2345.7      2.7282     261.511       0.016     5.73044     4.59858     4.35318     4.39114
      18900           0         1.5           0     179.437     340.553     800.577     155.747     956.323     2343.43     2426.93    0.787281     4.26219     39.9574     2049.96      2345.7     2.72835      260.36       0.016     5.73044     4.59858     4.35318     4.39114
      18800           0         1.5           0     179.437     337.986     870.831      166.28     1037.11     2343.43     2426.93    0.787452     3.87637     39.9574     2049.96      2345.7      2.7285     258.368       0.016     5.73044     4.59858     4.35318     4.39114
      18700           0         1.5           0     179.437      336.21     952.601     178.113     1130.71     2343.43     2426.93    0.787624     3.41716     39.9574     2049.96      2345.7     2.72864     256.824       0.016     5.73044     4.59858     4.35318     4.39114
      18600           0         1.5           0     179.437     334.818     1047.59     192.576     1240.17     2343.43     2426.93    0.787795     2.92873     39.9574     2049.96      2345.7     2.72879     255.619       0.016     5.73044     4.59858     4.35318     4.39114
      18500           0         1.5           0     179.437     333.482     1150.05     201.259     1351.31     2343.43     2426.93    0.787966     2.42444     39.9574     2049.96      2345.7     2.72894     254.469       0.016     5.73044     4.59858     4.35318     4.39114
      18400           0         1.5           0     179.437     332.205     1219.19     209.492     1428.69     2343.43     2426.93    0.788137      1.9065     39.9574     2049.96      2345.7     2.72909     253.357       0.016     5.73044     4.59858     4.35318     4.39114
      18300           0         1.5           0     179.437     329.228      1275.7     218.075     1493.77     2343.43     2426.93    0.788308     1.34924     39.9574     2049.96      2345.7     2.72924     251.114       0.016     5.73044     4.59858     4.35318     4.39114
      18200           0         1.5           0     179.437       325.2      1360.8     226.658     1587.45     2343.43     2426.93    0.788478    0.672723     39.9574     2049.96      2345.7     2.72938      247.97       0.016     5.73044     4.59858     4.35318     4.39114
      18100           0         1.5           0     179.437     321.768     1469.79     234.714      1704.5     2343.43     2426.93    0.788649   -0.137283     39.9574     2049.96      2345.7     2.72953      245.11       0.016     5.73044     4.59858     4.35318     4.39114
      18000           0         1.5           0     179.437     318.559     1574.09     243.331     1817.42     2343.43     2426.93     0.78882    -1.04056     39.9574     2049.96      2345.7     2.72968     242.443       0.016     5.73044     4.59858     4.35318     4.39114
      17900           0         1.5           0     179.437      317.64     1670.99     253.364     1924.35     2343.43     2426.93     0.78899    -1.98653     39.9574     2049.96      2345.7     2.72983     241.293       0.016     5.73044     4.59858     4.35318     4.39114
      17800           0         1.5           0     179.437     318.134        1766     264.257     2030.25     2343.43     2426.93    0.789161    -2.86227     39.9574     2049.96      2345.7     2.72997     241.331       0.016     5.73044     4.59858     4.35318     4.39114
      17700           0         1.5           0     179.437     316.312     1860.47      274.54     2135.01     2343.43     2426.93    0.789331    -3.66765     39.9574     2049.96      2345.7     2.73012     239.957       0.016     5.73044     4.59858     4.35318     4.39114
      17600           0         1.5           0     179.437     313.229     1943.92     288.828     2232.75     2343.43     2426.93    0.789502    -4.52282     39.9574     2049.96      2345.7     2.73027     237.487       0.016     5.73044     4.59858     4.35318     4.39114
      17500           0         1.5           0     179.437     313.298     2011.35     302.776     2314.12     2343.43     2426.93    0.789672    -5.41147     39.9574     2049.96      2345.7     2.73042     237.026       0.016     5.73044     4.59858     4.35318     4.39114
      17400           0         1.5           0     182.115     344.137     2042.72     312.444     2355.16     2337.81     2427.24    0.817182    -7.03503     39.0482     2090.19     2390.75     2.64272     282.715       0.016      5.7211     4.59193      4.3525     4.39344
      17300           0         1.5           0     182.934     353.815     2073.54     322.233     2395.78     2333.75     2428.42    0.848489    -7.23612     38.2531     2099.33     2400.72     2.62299     291.111       0.016     5.71793     4.58375     4.34297     4.38361
      17200           0         1.5           0      183.39     359.881     2096.59     335.928     2432.52     2330.58     2429.87    0.876868    -7.02974     37.5586     2103.93      2405.7     2.61341     296.236       0.016     5.72125     4.57463     4.32783     4.36492
      17100           0         1.5           0     183.841     363.835     2099.91     350.717     2450.63     2328.02     2431.38    0.901834    -6.64495     36.9519     2107.52     2409.45     2.60581     299.608       0.016     5.72871     4.56346     4.30774     4.33998
      17000           0         1.5           0     184.395     366.328     2106.32     368.422     2474.74     2325.94     2432.88    0.923629    -6.19849      36.422     2110.68     2412.53     2.59894     301.804       0.016     5.73799     4.54879     4.28324     4.31057
      16900           0         1.5           0     185.076     363.157     2119.69     386.971     2506.66     2324.24     2434.34    0.942573    -5.83044     35.9588     2113.56      2415.1     2.59263     299.792       0.016     5.74731     4.52873     4.25519     4.27796
      16800           0         1.5           0     185.879      356.08     2132.94     406.282     2539.22     2322.88     2435.75     0.95898    -5.80695     35.5537     2116.22     2417.24     2.58687      294.26       0.016     5.75543     4.50524     4.22418     4.24311
      16700           0         1.5           0     186.789     347.713     2143.96     427.383     2571.34      2321.8     2437.11     0.97314    -6.22983      35.199      2118.7     2419.03     2.58162     287.424       0.016     5.76158     4.47861      4.5905     4.20736
      16600           0         1.5           0     187.792     338.163     2156.83      452.74     2609.57     2320.95     2438.38    0.985304    -7.09448     34.8882     2121.04     2420.52     2.57681     279.594       0.016     5.76538     4.44944     4.55473     4.57412
      16500           0         1.5           0     188.875     339.172     2164.82     472.218     2637.03      2320.3     2439.58    0.995708    -8.20911     34.6155     2123.26     2421.76      2.5724     279.344       0.016      5.7667     4.41878      4.5183     4.53859
      16400   0.0650992         1.5   0.0650992     190.027      347.24     2171.37     496.159     2667.52     2319.86     2440.76     1.00457    -8.99678      34.376     2125.37     2422.79     2.56833     285.676       0.016     5.76561     4.78854     4.48125     4.50183
      16300    0.112322         1.5     6.62225     191.218     352.218     2187.88     517.457     2705.34     2323.08     2447.13     1.01206    -10.7614     34.1655     2127.45     2423.75      2.5641     290.396       0.016     5.76228     4.75451       4.444     4.46274
      16200   0.0769158         1.5      17.819     192.421     355.576     2209.54     544.481     2754.02     2328.36     2456.29     1.01834    -12.9903     33.9801      2129.7     2424.89     2.55923      293.46       0.016     5.75688     4.71873      4.4056     4.41987
      16100   0.0116898         1.5     25.4454     193.641     347.212     2227.61     574.578     2802.19     2331.02     2461.22     1.02362    -13.9417     33.8167     2132.15     2426.28     2.55426     287.828       0.016     5.74947     4.68175     4.76455     4.77897
      16000           0         1.5     26.6026     194.905     330.951      2235.8     603.376     2839.18     2329.99     2460.39     1.02804    -13.8555     33.6725     2134.59     2427.59     2.55004     274.896       0.016     5.74019     4.64427     4.72346     4.73916
      15900           0         1.5     26.6026      196.22     322.704      2239.2     631.009     2870.21     2328.71     2459.07     1.03169    -14.3494     33.5449     2136.79     2428.57      2.5466     267.152       0.016     5.72922     4.60776     4.68347     4.70155
      15800   0.0256217         1.5     26.6283     197.572     319.287     2245.75     655.797     2901.54     2327.79     2458.15      1.0346    -15.1866      33.432     2138.76     2429.24     2.54349     264.068       0.016     5.71686     4.97178     4.64554     4.66597
      15700   0.0364732         1.5     29.2013     198.945     317.052      2253.1     680.361     2933.46     2328.47     2459.55     1.03683    -16.6924     33.3317     2140.59     2429.72     2.54032      262.18       0.016     5.70345      4.9347     4.60949     4.63147
      15600   0.0412824         1.5     32.8534     200.326     315.845     2261.98     702.795     2964.78     2329.68     2461.66     1.03844    -18.3304     33.2426     2142.39     2430.18      2.5369     261.127       0.016     5.68951      4.8974      4.9736     4.99954
      15500   0.0394303         1.5     36.9798      201.71     313.878     2270.92     724.616     2995.54     2331.03     2463.86     1.03953    -19.8997     33.1631     2144.21     2430.67     2.53331     259.635       0.016     5.67534     4.86067      4.9391     4.96984
      15400   0.0783205         1.5     40.9617     203.096     311.522      2284.8     745.525     3030.33     2332.19     2465.68     1.04018    -21.3108     33.0921     2146.05     2431.19     2.52964     257.748       0.016     5.66103     4.82502     4.90573     4.93927
      15300    0.133546         1.5      48.849     204.474     310.734     2306.86     768.367     3075.22      2335.4     2470.48     1.04043    -23.4845     33.0283     2147.93     2431.78     2.52567     257.012       0.016     5.64668      5.1922     4.87322     4.90758
      15200    0.175755         1.5     62.2459     205.824     310.958     2329.92     790.616     3120.54     2341.19     2479.05     1.04033    -26.5198     32.9709     2149.97     2432.62     2.52098      257.22       0.016     5.63238     5.15916     4.84102     4.87335
      15100    0.253668         1.5     79.8993     207.131     317.434     2362.01     812.259     3174.27     2348.52      2489.8     1.03994    -29.7927      32.919     2152.31     2433.87     2.51544     262.181       0.016     5.61811     5.12611      4.8081     4.83583
      15000    0.322563         1.5     105.335     208.378     328.214     2408.17     833.183     3241.36     2359.13     2505.34     1.03932    -33.6619     32.8718     2155.03     2435.67      2.5089     271.138       0.016     5.60377     5.09318     5.17249     5.19588
      14900    0.378721         1.5     137.648     209.547     336.504     2465.14     852.282     3317.42     2372.09     2524.21      1.0385    -37.6247     32.8288     2158.27     2438.19     2.50117     278.622       0.016     5.58917     5.06028     5.13476     5.15145
      14800    0.359577         1.5       175.5     210.634     343.449     2533.53     870.927     3404.45     2386.39     2544.91     1.03754    -41.4438     32.7892     2162.08      2441.5     2.49237     284.748       0.016     5.57411     5.02732     5.09394     5.09971
      14700           0         1.5     211.099     211.602     334.708     2595.23     888.319     3483.55     2397.73     2560.99     1.03655    -43.7496     32.7525     2166.33     2445.47     2.48364     279.023       0.016     5.55841     5.79637      5.0498     5.04371
      14600           0         1.5     211.099     203.776     266.589     2616.78     920.382     3537.17     2392.08        2543      1.0014    -39.2423     33.7363     2145.14     2429.54     2.63117     199.697       0.016     6.40307     5.14539     5.15565      5.0301
      14500           0         1.5     211.099     201.416     240.028     2622.26     958.314     3580.58     2388.03     2528.73     0.96838    -40.2475     34.6823     2136.04      2421.5     2.65488     174.422       0.016     6.58775     4.94239     4.87169     5.07859
      14400           0         1.5     211.099     201.477     223.617     2624.24     998.191     3622.43     2385.32     2517.07    0.934421    -43.1807     35.5885     2129.23     2413.24     2.66564     159.668       0.016       6.501     4.65583     4.92133     5.15064
      14300           0         1.5     211.099     202.369     209.397     2629.13     1034.97      3664.1      2383.6     2507.29    0.899349    -46.6491     36.4418     2123.49     2405.26     2.67525     147.944       0.016       6.501     4.69344     4.93401     4.81958
      14200           0         1.5     211.099     203.501     197.234     2640.75     1070.02     3710.77     2382.56     2498.95    0.864202    -50.1413     37.2291     2118.46     2397.86     2.68424     138.084       0.016       6.501     4.68778     4.92983     4.87002
      14100           0         1.5     211.099     204.674     190.694     2652.93     1103.68     3756.61     2381.95     2491.72    0.830021    -53.3659     37.9427     2114.01     2391.11     2.69244     132.429       0.016       6.501     4.66021     4.92197     4.91391
      14000           0         1.5     211.099     205.827      187.67     2674.36     1134.84      3809.2     2381.57     2485.35    0.797577    -56.0777     38.5803     2110.05        2385     2.69985     129.812       0.016       6.501     4.62516     4.91689     4.95239
      13900           0         1.5     211.099     206.949     182.621     2701.05     1168.46     3869.52     2381.28     2479.66    0.767351    -58.3005     39.1438     2106.52     2379.45     2.70659     126.107       0.016       6.501      4.9987     4.91682     4.98745
      13800           0         1.5     211.099     208.049     176.694     2719.06     1198.93     3917.99        2381     2474.52    0.739585    -60.2608     39.6376     2103.35     2374.38      2.7128     121.559       0.016       6.501     4.98103     4.92216     4.61624
      13700           0         1.5     211.099     209.132      172.36     2753.02     1231.15     3984.17     2380.71     2469.87    0.714363    -62.0462     40.0676     2100.48     2369.71     2.71864     118.067       0.016       6.501     4.96706     4.93037     4.63691
      13600           0         1.5     211.099     210.193     168.911     2779.78     1262.16     4041.94     2380.37     2465.62    0.691623    -63.6502     40.4403     2097.87     2365.39     2.72416     115.344       0.016       6.501     4.95826     4.94203      4.6605
      13500           0         1.5     211.099     211.231      172.15     2806.87     1286.76     4093.62     2379.95     2461.68    0.671224    -64.9946     40.7621     2095.49     2361.38     2.72941     117.332       0.016       6.501     4.95499     4.95777      4.6866
      13400           0         1.5     211.099     212.248     179.429     2832.53     1313.55     4146.08     2379.45        2458    0.652988    -65.8101     41.0391     2093.29     2357.62     2.73444     122.854       0.016       6.501     4.95712      4.9774     4.71496
      13300           0         1.5     211.099     213.248     176.361     2858.91     1337.16     4196.07     2378.86     2454.52    0.636721    -66.2347      41.277     2091.24     2354.06      2.7393     121.507       0.016       6.501     4.96426     4.60048      4.7454
      13200           0         1.5     211.099     216.755     197.353     2867.91     1360.32     4228.23      2371.1     2451.59    0.672676    -66.6442     40.2965     2127.02     2392.68     2.63068     155.116       0.016     6.57677     4.96152     4.62434     4.76893
      13100    0.019851         1.5     211.118     218.978     204.066     2870.79     1377.21        4248     2364.78     2449.69    0.709563    -65.9987     39.3976     2135.82     2400.76     2.60255     161.646       0.016     6.23339     4.95594     4.63948     4.78284
      13000           0         1.5     213.084     220.775     210.007     2881.66     1394.92     4276.58     2360.44     2449.81    0.742895      -65.39     38.5929     2140.14     2403.98     2.58792      167.56       0.016     6.43792     4.93785     4.64193     4.78679
      12900   0.0700073         1.5     213.154     222.229     216.369     2886.01      1411.4     4297.41     2355.65     2448.39    0.772331     -64.119     37.8817      2143.1     2405.95     2.57728     173.539       0.016     5.80793     4.91126     4.63507     4.78187
      12800   0.0973551         1.5     220.182     223.327      222.77     2898.64     1428.95     4327.59      2355.3     2452.88    0.798235    -64.2341     37.2566     2145.33     2407.44     2.56884     179.501       0.016     5.93781     4.88155     4.62369     4.76833
      12700   0.0432398         1.5     229.863     224.283      224.99     2905.91     1447.27     4353.18     2356.33     2458.74    0.821059    -64.6345      36.708     2147.41     2408.92     2.56037     182.163       0.016      6.0434     4.85169     4.60964     4.74693
      12600           0         1.5     234.144     225.328     224.293     2917.41     1467.09      4384.5     2354.28     2459.36    0.841043     -63.802      36.226      2149.6     2410.43     2.55151     182.063       0.016       6.128      4.8227     4.99089     4.72161
      12500           0         1.5     234.144     226.443     224.167     2926.37     1487.64     4414.01     2350.33     2456.62    0.858498    -62.3554     35.8017     2151.68     2411.75     2.54357     182.134       0.016     6.19625     5.19493     4.96729      4.6958
      12400           0         1.5     234.144     227.614     224.178     2937.42     1506.12     4443.55     2347.05     2454.49    0.873682     -61.323     35.4274     2153.54     2412.75     2.53638     182.388       0.016     5.44648     5.16635     4.94198     4.67008
      12300           0         1.5     234.144     228.823     222.858      2937.5     1524.09     4461.58     2344.26     2452.78    0.886838    -60.6529     35.0963     2155.24     2413.53     2.52957     181.575       0.016     5.48498     5.13795     4.91633     4.64427
      12200    0.090057         1.5     234.234     230.063     220.548      2951.9     1543.33     4495.23     2341.94     2451.45     0.89821    -60.3716     34.8029     2156.83     2414.17       2.523     179.817       0.016     5.51426      5.1102     4.89086     4.61855
      12100    0.155949         1.5     243.305     231.298     219.695      2975.3     1564.47     4539.76     2344.81     2457.63    0.907995     -62.319     34.5423     2158.45     2414.84     2.51599     179.045       0.016     5.53609     5.08326     4.86643     4.99456
      12000    0.220869         1.5     258.965     232.496     219.671     3007.44     1582.07     4589.51     2350.73     2468.07    0.916392    -65.4266     34.3104     2160.37     2415.92     2.50798     179.039       0.016     5.55189     5.05712     4.84336      4.9661
      11900    0.257414         1.5     281.089     233.644     220.495     3044.35     1602.98     4647.33     2359.28     2482.11    0.923622    -69.3631     34.1037     2162.75      2417.6     2.49899     179.687       0.016      5.5627     5.03195     4.81877     4.93101
      11800    0.345765         1.5     306.919     234.741     221.921     3087.16     1623.28     4710.44     2368.69     2497.09    0.929871    -73.3125     33.9194     2165.64     2419.94     2.48923     180.854       0.016     5.56928     5.00869     5.19073     4.89013
      11700    0.128006         1.5     341.277     235.779     230.853     3142.27     1644.08     4786.35     2381.54      2516.9    0.935262    -78.0967     33.7547     2169.05     2422.95     2.47859     187.824       0.016     5.57212      5.7855     5.15699     4.84292
      11600    0.081408         1.5     354.031     223.579     205.437     3178.59     1677.87     4856.45     2385.08     2513.77    0.904858     -77.138     34.6333     2140.23     2401.31     2.65001     146.553       0.016     6.59253     5.14434     4.86997     4.82682
      11500   0.0199596         1.5     362.111     219.405     187.521     3206.67     1724.23      4930.9     2385.74     2507.67    0.874883    -77.9467     35.4829     2132.93     2397.08     2.67167     130.762       0.016     6.25256     4.95367      4.9932     4.86707
      11400   0.0246322         1.5     364.111     218.747     163.639     3223.36     1773.43     4996.79     2383.62     2497.97    0.844472    -79.2294     36.2999     2127.68     2391.55     2.67884     111.118       0.016     6.66211     4.67924     4.64252      4.9309
      11300   0.0267179         1.5     366.577     219.356     152.332     3233.58     1819.55     5053.14     2382.68     2490.37    0.813049    -81.7635     37.0709     2122.92     2385.24     2.68584     100.622       0.016     6.55209     4.73153     4.65329     4.99397
      11200           0         1.5     369.222     220.368      147.96      3238.9     1864.04     5102.94     2382.38     2484.06     0.78131    -84.3698     37.7829     2118.76     2379.22     2.69275     96.5741       0.016       6.501     4.73877     4.64865     4.63771
      11100           0         1.5     369.222     221.494      140.09     3254.01     1907.44     5161.45        2381     2476.51    0.750359    -86.1874     38.4281     2114.88     2373.41     2.69953     90.6376       0.016       6.501     4.72178     4.63882       4.672
      11000           0         1.5     369.222     222.633     130.611        3278     1949.61     5227.61     2380.04     2470.02    0.720933    -88.0784     39.0042     2111.15     2367.79     2.70599     83.1815       0.016       6.501     4.69494     4.63107      4.7024
      10900           0         1.5     369.222     223.751     125.178     3292.69     1993.46     5286.15      2379.3     2464.34    0.693427    -90.0144     39.5127     2107.77     2362.61     2.71192     78.4925       0.016       6.501     4.66686     4.62793     4.73023
      10800           0         1.5     369.222      224.84      122.01     3295.77     2034.17     5329.93     2378.67     2459.28     0.66809    -91.8062     39.9577     2104.73     2357.89     2.71737     75.8036       0.016       6.501     4.64211     4.62994     4.75694
      10700           0         1.5     369.222     225.902     117.922      3300.5     2074.49     5374.99     2378.09     2454.72    0.645014     -93.445     40.3448     2101.98     2353.55     2.72242     72.6015       0.016       6.501     4.62339     4.63679      4.7836
      10600           0         1.5     369.222     226.943     113.439     3309.48     2114.45     5423.93      2377.5     2450.56     0.62417    -95.0319     40.6796      2099.5     2349.55     2.72714     68.9943       0.016     6.50709     4.61561     4.64804     4.40914
      10500           0         1.5     369.222     227.971     110.717     3318.72     2153.98     5472.69      2376.9     2446.76     0.60547    -96.5804     40.9683     2097.22     2345.84     2.73162     66.6118       0.016     6.53203     4.61465     4.66146     4.42621
      10400           0         1.5     369.222     228.984     109.017     3328.59     2191.19     5519.79     2376.28     2443.27    0.588772    -98.0276     41.2164     2095.14     2342.37      2.7359     65.1268       0.016     6.55886     4.61745     4.67644     4.44546
      10300           0         1.5     369.222     229.978     107.915     3331.87     2226.11     5557.99     2375.62     2440.03    0.573891    -99.3615     41.4292     2093.23     2339.12     2.74001     64.1385       0.016     6.58694     4.62269       4.694     4.46775
      10200           0         1.5     369.222     230.952     106.728     3336.02     2260.86     5596.88     2374.92     2436.97    0.560647    -100.586     41.6113     2091.44     2336.06     2.74397     63.1822       0.016     6.61581     4.62977     4.71417     4.49241
      10100           0         1.5     369.222     231.906     104.513     3356.32     2292.66     5648.97     2374.17     2434.08     0.54886    -101.766     41.7671     2089.76     2333.16      2.7478     61.3988       0.016     6.64512     4.63836     4.73668     4.51904
      10000           0         1.5     369.222     232.841     101.968     3370.05     2323.82     5693.87     2373.38     2431.31    0.538363    -102.952     41.9003     2088.17     2330.38     2.75151     59.3342       0.016     6.67463      4.6494     4.76115     4.54732
       9900           0         1.5     369.222     233.761     99.2474     3372.94     2354.36      5727.3     2372.54     2428.64       0.529    -104.167      42.014     2086.66     2327.72     2.75512     57.1091       0.016     6.70422     4.66417     4.78733     4.57697
       9800           0         1.5     369.222     234.668     96.3878     3376.92     2383.43     5760.35     2371.65     2426.06    0.520629    -105.421     42.1111     2085.21     2325.14     2.75866     54.7602       0.016     6.73383     4.68199     4.41276      4.2068
       9700 0.000642086         1.5     369.222     235.562     93.4179     3380.08     2411.06     5791.14     2370.75     2423.59    0.513141    -106.719     42.1939     2083.82     2322.66     2.76212     52.3073       0.016     6.76338     4.70213      4.4313     4.22618
       9600  0.00331444         1.5     369.289     236.432     90.3606     3383.86     2437.26     5821.12     2369.89      2421.3     0.50644    -108.076     42.2647     2082.51     2320.31     2.76546     49.7673       0.016      6.7927     4.72384     4.45011     4.24522
       9500           0         1.5     369.617     237.281     87.2247     3384.45     2462.05      5846.5     2369.15      2419.3    0.500418    -109.532     42.3252     2081.31      2318.1     2.76866     47.1467       0.016     6.21997     4.74675     4.47137     4.26615
       9400           0         1.5     369.617     238.114     84.8609     3401.85     2489.14     5890.99     2368.21     2417.08    0.494992    -110.943     42.3768     2080.15     2315.97     2.77179     45.0642       0.016     6.24596     4.77069     4.49432     4.28885
       9300           0         1.5     369.617     238.934     82.9435     3418.46        2514     5932.47     2367.28     2414.94    0.490083    -112.353      42.421     2078.99     2313.86     2.77489     43.3728       0.016     6.27143     4.79548     4.51859     4.31311
       9200           0         1.5     369.617     239.744     81.2748     3434.02     2537.96     5971.98     2366.34     2412.86    0.485611    -113.744     42.4588     2077.86     2311.79     2.77793      41.888       0.016     6.29651     4.41578      4.5439     4.33865
       9100    0.100355         1.5     369.718     240.536     79.7795      3441.5     2559.42     6000.93     2365.46     2410.92    0.481517    -115.131     42.4911     2076.74     2309.76     2.78092     40.5479       0.016     6.32119     4.42934     4.56984     4.36521
       9000   0.0842402         1.5     379.737     241.255     78.2736     3446.97     2577.47     6024.44     2369.83     2416.88    0.477584    -118.421     42.5188     2076.54     2308.87     2.78264     39.1655       0.016     6.34534     4.44472      4.5956     4.38944
       8900   0.0877007         1.5     388.165     241.904      76.844      3463.3     2596.21     6059.51     2372.39     2420.06    0.473934    -120.902     42.5426     2077.24     2309.12      2.7836     37.8188       0.016     6.36848      4.4628      4.2162     4.00839
       8800   0.0842607         1.5     396.931     242.515     75.5087     3468.27     2614.22     6082.49     2374.61     2422.73    0.470739    -123.151     42.5629     2077.89     2309.34     2.78459     36.5504       0.016     6.39026     4.48231     4.22989     4.01784
       8700   0.0809406         1.5     405.354     243.093     74.2645     3470.65     2631.53     6102.18     2376.23      2424.5    0.467939    -125.088     42.5804     2078.44     2309.46     2.78561     35.3604       0.016      6.4106     4.50228     4.24152     4.02428
       8600   0.0790174         1.5     413.446     243.648     73.1114     3478.09     2648.43     6126.53     2377.36     2425.57    0.465462    -126.788     42.5954     2078.81     2309.41      2.7867     34.2524       0.016     6.42959     4.52219     4.25362     4.03178
       8500   0.0771528         1.5     421.346     244.187     72.0405     3479.23     2664.95     6144.18     2378.16     2426.19    0.463233    -128.326     42.6083     2079.03     2309.19     2.78786     33.2203       0.016     6.44745      4.5418     4.26607     4.04044
       8400   0.0774907         1.5     429.062     244.713     71.4856     3483.75     2681.53     6165.28     2378.69     2426.43    0.461192    -129.727     42.6195     2079.12     2308.83     2.78907     32.5794       0.016     6.46438     4.56104      4.2789     4.05021
       8300   0.0606095         1.5     436.794      245.23     71.2644     3490.75      2694.6     6185.35      2379.1     2426.53    0.459293    -131.028      42.629     2079.12     2308.37      2.7903     32.2404       0.016     6.48057     4.57985     4.29209     4.06093
       8200   0.0608284         1.5     442.855     245.747     71.2989     3493.39     2707.73     6201.12     2378.51     2425.16    0.457528    -131.904     42.6372     2078.91     2307.67     2.79172     32.1309       0.016      6.4962     4.59826      4.3057     4.07294
       8100   0.0610828         1.5     448.938     246.266     71.5462     3499.18     2720.91     6220.09        2378     2423.95    0.455854    -132.758     42.6443     2078.48     2306.72     2.79329      32.217       0.016     6.51145      4.2124     4.31989     4.08628
       8000   0.0599619         1.5     455.045     246.778     71.9609     3501.29     2733.86     6235.15     2377.53     2422.84     0.45422    -133.568     42.6505     2078.02     2305.73     2.79483     32.4564       0.016     6.52655     4.22182     4.33451     4.10054
       7900   0.0588958         1.5      461.04     247.277      72.592     3508.41     2746.58        6255     2377.01     2421.69    0.452621    -134.296     42.6557     2077.54     2304.74     2.79634      32.882       0.016     6.54166     4.22961     4.34936     4.11544
       7800   0.0551129         1.5     466.926     247.765     73.3971     3513.31     2758.52     6271.83     2376.47     2420.51    0.451059    -134.936     42.6603     2077.06     2303.76     2.79781     33.4686       0.016     6.55664     4.23799      4.3644     4.13083
       7700   0.0561227         1.5     472.438     248.248     74.3661     3516.01     2770.67     6286.68     2375.75      2419.1    0.449535    -135.434     42.6642     2076.54     2302.73     2.79928     34.2048       0.016     6.57146     4.24829     4.37965     4.14668
       7600   0.0523586         1.5     478.047     248.728     75.5014     3520.88     2782.04     6302.93     2375.14     2417.87    0.448038    -135.889     42.6676     2076.01      2301.7     2.80072     35.0949       0.016     6.58618     4.25995     4.39519     4.16288
       7500     0.04871         1.5     483.279     249.208     76.7771     3531.17     2792.66     6323.83     2374.36     2416.41    0.446568    -136.196     42.6706     2075.47     2300.65     2.80217     36.1184       0.016     5.80077      4.2726     4.00956     4.17935
       7400   0.0450724         1.5     488.146     249.689     77.1206     3544.76     2802.52     6347.28     2373.46     2414.77    0.445127    -136.389     42.6731     2074.88     2299.55     2.80367     36.4899       0.016     5.81386     4.28592     4.02162     4.19555
       7300   0.0510265         1.5      492.66     250.168     76.9416     3559.76     2813.63     6373.38     2372.46        2413    0.443714    -136.533     42.6753     2074.24      2298.4     2.80519     36.4004       0.016     5.82646     4.29958     4.03281     3.80885
       7200   0.0570501         1.5     497.768     250.637     76.4751     3578.49     2825.99     6404.48     2371.89      2411.9    0.442326    -136.835     42.6772     2073.66     2297.32     2.80663     36.0694       0.016     5.83874     4.31336      4.0426     3.81675
       7100   0.0516019         1.5     503.468     251.089     75.8026     3597.98      2837.2     6435.18     2371.68     2411.35    0.440966    -137.263     42.6788     2073.23     2296.44     2.80788     35.5589       0.016     5.85071     4.32709     4.05186     3.82286
       7000   0.0270469         1.5     508.604     251.526     74.9891     3609.89     2843.27     6453.16     2371.16     2410.34    0.439661    -137.577     42.6803     2072.87     2295.65     2.80907     34.9248       0.016     5.86234     4.34069     4.06147     3.83029
       6900    0.027279         1.5     511.308     251.967     74.1154     3621.83     2849.41     6471.24     2369.39     2407.48    0.438448    -137.455     42.6815     2072.28     2294.58     2.81055     34.2432       0.016     5.87365     4.35415     4.07168     3.83967
       6800   0.0480513         1.5     514.057     252.415     73.1825        3632     2859.89     6491.89     2367.93     2405.09    0.437276    -137.476     42.6826     2071.44     2293.23      2.8122     33.5148       0.016     5.88482     4.36749     4.08282     3.85094
       6700   0.0422029         1.5     518.856     252.851     72.1706     3641.76     2869.14      6510.9     2367.74     2404.64    0.436057    -137.992     42.6835      2070.8     2292.12     2.81356      32.708       0.016     5.89596      4.3808     4.09475     3.86282
       6600   0.0272895         1.5     523.062     253.275     71.1281     3652.28     2875.27     6527.54     2367.18     2403.62    0.434833    -138.381     42.6843     2070.36     2291.26     2.81475     31.8653       0.016     5.90702      4.3941     4.10707      3.8749
       6500   0.0333428         1.5     525.797     253.701     70.0745     3659.95     2882.67     6542.62     2365.87     2401.49    0.433667    -138.512      42.685      2069.8     2290.25     2.81612     31.0134       0.016     5.91796     4.00619      4.1197      3.8878
       6400   0.0318171         1.5      529.13     254.126     69.3058      3667.1     2889.74     6556.84     2365.06      2400.1    0.432523    -138.839     42.6856     2069.15     2289.14     2.81752     30.3657       0.016     5.92883     4.01442      4.1327     3.90141
       6300   0.0382001         1.5     532.318     254.542     68.7009     3675.08     2898.15     6573.22     2364.24      2398.7    0.431377    -139.159     42.6861     2068.56      2288.1     2.81886     29.8613       0.016     5.93959     4.02105     4.14587     3.91534
       6200   0.0403734         1.5      536.14     254.945     68.1871     3691.08        2907     6598.08     2363.82     2397.92    0.430235    -139.615     42.6866     2068.04     2287.17     2.82008     29.4283       0.016     5.95021     4.02713     4.15905     3.92928
       6100    0.042609         1.5     540.179     255.332      67.754     3707.97     2916.32     6624.29     2363.52     2397.29    0.429104    -140.089      42.687     2067.65     2286.39     2.82116     29.0593       0.016     5.96061     4.03309     4.17208     3.94296
       6000   0.0448986         1.5     544.443     255.706     67.3748     3714.01     2926.11     6640.12     2363.33     2396.82       0.428    -140.573     42.6873     2067.32     2285.71     2.82216     28.7335       0.016     5.97074     4.03962     4.18488     3.95632
       5900   0.0346467         1.5     548.922     256.068     67.0371     3722.02     2933.75     6655.76     2363.22     2396.47    0.426928    -141.061     42.6876     2067.06     2285.11     2.82307     28.4413       0.016     5.98059     4.04751     4.19741      3.9693
       5800    0.041474         1.5     552.394     256.427     66.7503      3736.3     2942.82     6679.12     2362.54     2395.26    0.425906    -141.314     42.6879     2066.74     2284.44     2.82407     28.1953       0.016     5.99019     4.05634     3.80846     3.98219
       5700   0.0417105         1.5     556.541     256.782     66.4937     3740.85     2951.94     6692.79     2362.29      2394.7    0.424911    -141.707     42.6881     2066.38     2283.73     2.82505     27.9768       0.016     5.99957     4.06572     3.81776     3.99453
       5600   0.0412775         1.5     560.712     257.127     66.2627     3743.73     2960.96     6704.69     2362.03     2394.13     0.42393    -142.078     42.6883     2066.09     2283.12     2.82595     27.7795       0.016     6.00875      4.0754     3.82634     3.60498
       5500    0.040887         1.5     564.839     257.464     66.0577     3756.58      2969.9     6726.48     2361.76     2393.55    0.422986    -142.414     42.6885     2065.83     2282.54     2.82683     27.6049       0.016     6.01771     4.08519     3.83387     3.61132
       5400   0.0394774         1.5     568.927     257.793     65.1459     3768.82     2978.53     6747.35     2361.48     2392.96    0.422086    -142.736     42.6886     2065.58     2281.98     2.82767     26.9115       0.016     6.02644     4.09495     3.84034     3.61567
       5300   0.0381105         1.5     572.873     258.112     63.8107     3773.53     2986.87     6760.39     2361.15      2392.3    0.421229    -143.064     42.6887     2065.32     2281.43     2.82851     25.8361       0.016      6.0349     4.10457     3.84609     3.61914
       5200   0.0525057         1.5     576.698     258.422     62.2407     3790.58     2998.24     6788.83     2360.79      2391.6     0.42041    -143.425     42.6888     2065.07     2280.88     2.82933     24.5534       0.016     6.04311       4.114     3.85158      3.6232
       5100   0.0483449         1.5     581.945     258.716     60.4961     3794.67     3008.73     6803.39     2361.22      2392.1      0.4196    -144.121     42.6889     2064.94      2280.5     2.82996     23.1096       0.016     6.05106     4.12321     3.85744     3.62771
       5000   0.0442109         1.5     586.775     258.995     58.6087     3796.81     3018.33     6815.15     2361.32      2392.1    0.418816    -144.739      42.689     2064.94     2280.27     2.83048     21.5324       0.016      6.0587     4.13221     3.86359     3.63246
       4900   0.0495308         1.5     591.202     259.269     56.6421     3800.36     3029.06     6829.42     2361.17     2391.72    0.418083    -145.316     42.6891     2064.87     2279.98     2.83106     19.8766       0.016     6.06603       4.141     3.86991     3.63773
       4800   0.0518268         1.5     596.157     259.536     54.5886     3801.05     3040.28     6841.33     2361.32     2391.78    0.417374    -146.054     42.6891      2064.8     2279.68      2.8316      18.138       0.016      6.0731      4.1496     3.87641     3.64333
       4700   0.0541598         1.5     601.342     259.794     52.4652     3807.71     3051.99     6859.69     2361.53     2391.94    0.416678    -146.869     42.6892     2064.79     2279.46     2.83207     16.3262       0.016     6.07994     4.15801     3.88299     3.64903
       4600   0.0449808         1.5     606.749     260.044      50.303     3809.84     3061.74     6871.58     2361.81      2392.2    0.415999    -147.754     42.6892     2064.82      2279.3     2.83247     14.4701       0.016     6.08654     4.16623     3.88954     3.65473
       4500   0.0404827         1.5     611.242     260.292        48.1     3813.71     3070.55     6884.27     2361.54     2391.62    0.415355    -148.491     42.6893     2064.79     2279.07     2.83296     12.5725       0.016     6.09293     4.17426     3.89608     3.66071
       4400   0.0486994         1.5     615.299     260.544     46.2369     3818.19     3081.11     6899.29     2361.07     2390.76    0.414738    -149.209     42.6893     2064.61     2278.66     2.83359     10.9181       0.016     6.09916     4.18211     3.90273     3.66725
       4300    0.049415         1.5      620.17     260.794     44.5469     3820.24     3091.81     6912.05      2361.1     2390.65    0.414109     -150.14     42.6894     2064.43     2278.26     2.83416     9.41475       0.016     6.10531     4.18981     3.90957       3.674
       4200   0.0515625         1.5     625.113     261.038     42.9477     3826.73     3102.97      6929.7     2361.14     2390.55    0.413467    -151.089     42.6894     2064.35     2277.97     2.83463     7.98055       0.016     6.11141     4.19738     3.91646     3.68069
       4100   0.0480911         1.5     630.266     261.277     41.4213     3837.19      3113.4     6950.59     2361.26     2390.58    0.412828    -152.077     42.6894      2064.3     2277.73     2.83507     6.60349       0.016     6.11762     3.80413     3.92332     3.68728
       4000   0.0545021         1.5     635.081     261.513     39.9443     3848.04     3125.18     6973.22     2361.16     2390.27    0.412203    -152.993     42.6894     2064.25     2277.48     2.83551      5.2662       0.016     6.12391     3.80912     3.93011      3.6939
       3900   0.0609557         1.5     640.538     261.744     38.4917     3861.63     3138.34     6999.97      2361.4     2390.48    0.411582    -154.039     42.6894     2064.21     2277.26     2.83591     3.94665       0.016     6.13016     3.81331      3.9368      3.7004
       3800   0.0531513         1.5     646.626     261.962     37.0467     3873.68     3149.83     7023.51     2361.92     2391.09    0.410956    -155.184     42.6895     2064.29     2277.18     2.83617     2.62832       0.016     6.13632     3.81718     3.94328     3.70648
       3700   0.0515543         1.5     651.939     262.175     35.0363     3889.85     3160.98     7050.83     2361.92     2390.92    0.410356    -156.147     42.6895     2064.37      2277.1     2.83645     0.93023       0.016      6.1423      3.8209     3.94947     3.71238
       3600   0.0499587         1.5     657.093     262.388     31.4929     3903.59     3171.79     7075.37     2361.83     2390.63    0.409783    -157.161     42.6895     2064.35     2276.91     2.83681    -2.04847       0.016      6.1481     3.82458     3.95552     3.71841
       3500   0.0574009         1.5     662.097       262.6     27.2793     3916.53     3184.19     7100.72     2361.67     2390.23    0.409219    -158.288     42.6895     2064.27     2276.65     2.83722    -5.61091       0.016     6.15375     3.82827     3.96153     3.72456
       3400   0.0517496         1.5     667.831     262.808     22.8084     3925.48     3195.38     7120.86     2361.91     2390.44    0.408643    -159.714     42.6895     2064.24     2276.45     2.83754    -9.43927       0.016     6.15931     3.83199      3.9675     3.73057
       3300   0.0524205         1.5     673.007     263.012     18.0931     3925.88     3206.72      7132.6      2361.8     2390.12    0.408072    -161.158     42.6895     2064.23     2276.28     2.83786    -13.4887       0.016     6.16476     3.83577     3.97337     3.73648
       3200   0.0530993         1.5     678.249     263.216     13.7169     3926.71      3218.2     7144.92     2361.74     2389.87    0.407511    -162.764     42.6895     2064.17     2276.06      2.8382    -17.3706       0.016      6.1701     3.83962      3.9792     3.74245
       3100    0.051912         1.5     683.558     263.418      10.657     3927.51     3229.44     7156.94     2361.72     2389.68    0.406949    -164.458     42.6895     2064.12     2275.84     2.83854    -20.1752       0.016     6.17537     3.84354     3.98498     3.74838
       3000   0.0507249         1.5     688.748     263.619     8.07381      3929.7     3240.42     7170.11     2361.62     2389.39     0.40639    -166.144     42.6895     2064.06     2275.62     2.83887     -22.581       0.016     6.18057     3.84754     3.99074     3.75431
       2900   0.0539898         1.5     693.824     263.819     5.83246     3932.28      3252.1     7184.38     2361.47     2389.03    0.405835     -167.81     42.6895     2063.98     2275.37     2.83923    -24.7014       0.016     6.18572     3.85162     3.99649     3.76028
       2800   0.0521194         1.5     699.221     264.018     3.82805     3935.19     3263.38     7198.57     2361.51     2388.95    0.405275    -169.527     42.6895     2063.92     2275.15     2.83955    -26.6207       0.016     6.19083     3.85579     3.60208     3.76619
       2700   0.0680332         1.5     704.449     264.216     1.82467     3939.31     3278.06     7217.38     2361.44      2388.7    0.404717    -171.183     42.6895     2063.88     2274.94     2.83986    -28.5072       0.016      6.1959     3.86004     3.60705     3.77195
       2600   0.0437918         1.5     711.228     264.403   -0.530394     3952.68     3287.56     7240.24      2362.2      2389.7    0.404142    -173.121     42.6895     2063.97      2274.9     2.83998    -30.6877       0.016     5.40083     3.86435     3.61168     3.77703
       2500   0.0615938         1.5     715.625     264.591    -2.96225     3953.72     3300.87     7254.59     2361.55     2388.57    0.403605    -174.568     42.6895        2064      2274.8     2.84026    -32.9323       0.016     5.40512      3.8687     3.61602     3.78204
       2400   0.0593496         1.5     721.782     264.778    -5.43121     3954.58     3313.69     7268.27     2361.96     2389.05    0.403076    -176.407     42.6895     2063.96      2274.6     2.84052     -35.213       0.016     5.40915     3.87304     3.62032     3.78699
       2300   0.0564195         1.5     727.714     264.956    -7.93224     3955.78     3325.89     7281.66     2362.17     2389.21    0.402536    -178.186     42.6895     2064.04     2274.57     2.84066    -37.5247       0.016       5.413     3.87738     3.62446     3.79148
       2200   0.0534889         1.5     733.353     265.131    -10.2922     3963.58     3337.45     7301.03     2362.18     2389.08    0.402016     -179.91     42.6895      2064.1      2274.5     2.84085    -39.7459       0.016     5.41667      3.8817     3.62846     3.79583
       2100   0.0531246         1.5     738.702     265.307    -12.2379      3964.3     3348.95     7313.25     2362.04     2388.73    0.401513    -181.578     42.6895      2064.1     2274.36     2.84109    -41.6209       0.016     5.42021       3.886     3.63239     3.40024
       2000   0.0527654         1.5     744.014     265.482    -14.0097     3965.21     3360.37     7325.58     2361.91      2388.4    0.401017    -183.232     42.6896     2064.05     2274.16     2.84136    -43.3452       0.016     5.42366     3.89027     3.63622     3.40364
       1900   0.0549106         1.5     749.292     265.657     -15.649     3966.98     3372.24     7339.22     2361.79     2388.08    0.400523    -184.866     42.6896     2063.99     2273.96     2.84163    -44.9543       0.016     5.42705     3.89453     3.63971     3.40613
       1800   0.0547451         1.5     754.783     265.827    -17.1889      3967.8     3384.08     7351.88      2361.8     2387.98    0.400031    -186.518     42.6896     2063.95     2273.79     2.84186    -46.4756       0.016     5.43039     3.89876     3.64288     3.40808
       1700   0.0584614         1.5     760.262     265.994    -18.7445     3968.25     3396.71     7364.97     2361.81     2387.88    0.399543    -188.135     42.6896     2063.95     2273.66     2.84206    -47.9903       0.016     5.43366     3.90295     3.64577     3.40972
       1600   0.0654837         1.5     766.115     266.154     -20.493     3970.63     3410.85     7381.48     2362.03     2388.08    0.399062    -189.798     42.6896     2063.99     2273.59      2.8422    -49.6628       0.016     5.43685     3.90709     3.64845     3.41108
       1500   0.0566897         1.5     772.654     266.303    -22.3063     3973.49     3423.09     7396.58     2362.57     2388.78    0.398582    -191.556     42.6896     2064.14     2273.65     2.84221    -51.3917       0.016     5.43992     3.91117      3.6509     3.41204
       1400   0.0485512         1.5     778.315     266.448    -24.1528      3975.9     3433.59     7409.49     2362.57     2388.64    0.398132    -193.107     42.6896      2064.3     2273.72     2.84225    -53.1463       0.016     5.44283     3.91517     3.65312     3.41296
       1300   0.0515036         1.5     783.173     266.597    -26.0069     3982.12     3444.73     7426.85     2362.16      2387.9     0.39772    -194.516     42.6896     2064.29     2273.59     2.84246    -54.9025       0.016     5.44559     3.91907     3.65529     3.41422
       1200   0.0544297         1.5     788.326     266.748    -27.5856     4000.15      3456.5     7456.64     2361.99     2387.54     0.39731     -196.01     42.6896     2064.21     2273.38      2.8427    -56.4712       0.016      5.4483     3.92288     3.65753     3.41561
       1100   0.0570051         1.5     793.772     266.895    -28.4169     4015.13     3468.81     7483.94     2362.02     2387.48    0.396886    -197.531     42.6896     2064.18     2273.24     2.84288    -57.4137       0.016     5.45098     3.92661     3.65979     3.41688
       1000   0.0589496         1.5     799.474     267.036    -28.9237     4028.05     3481.54      7509.6     2362.19     2387.62    0.396455    -199.029     42.6896     2064.22     2273.18     2.84298    -58.0739       0.016     5.45361     3.93029     3.66197     3.41796
        900   0.0577988         1.5     805.368     267.171    -29.0799     4041.44     3494.02     7535.46     2362.44     2387.88    0.396029    -200.469     42.6896     2064.32     2273.19     2.84302    -58.4398       0.016     5.45617     3.93389     3.66404     3.41893
        800   0.0742855         1.5     811.165     267.302    -28.9702     4056.13     3510.04     7566.16      2362.6     2388.02    0.395617    -201.786     42.6896     2064.43     2273.23     2.84304     -58.566       0.016     5.45863     3.93742     3.66605     3.42012
        700   0.0772626         1.5     818.596      267.42    -28.5644     4068.67     3526.69     7595.35     2363.62     2389.44    0.395197    -203.288     42.6896     2064.69     2273.44     2.84287    -58.4513       0.016     5.46097     3.94085       3.668     3.42103
        600   0.0633714         1.5     826.309     267.523    -27.7054     4091.17     3540.34     7631.51     2364.62      2390.8    0.394784    -204.654     42.6896     2065.14     2273.88     2.84252     -57.947       0.016     5.46312     3.94417     3.66967     3.42135
        500   0.0603941         1.5     832.643     267.624    -26.5479     4114.23     3553.36     7667.59     2364.74     2390.83    0.394427    -205.589     42.6896     2065.49     2274.22     2.84232    -57.1709       0.016     5.46503     3.94733     3.67107     3.42174
        400   0.0695826         1.5     838.691      267.73    -25.0674     4149.75     3568.35      7718.1     2364.73     2390.67    0.394109    -206.358     42.6896     2065.65     2274.32     2.84228    -56.1068       0.016     5.46675     3.95032     3.67245     3.42261
        300      0.0458         1.5     845.626     267.835    -23.3418     4174.63     3578.24     7752.87     2365.22     2391.27    0.393777    -207.166     42.6896     2065.82     2274.43     2.84218    -54.8149       0.016     5.46839     3.95315      3.6739     3.42358
        200    0.043175         1.5     850.203     267.948    -21.1086     4206.34     3587.59     7793.93     2364.38     2389.88    0.393465      -207.4     42.6896     2065.85     2274.38     2.84229    -53.1138       0.016     5.46996     3.95583     3.67543     3.42514
        100   0.0619548         1.5     854.539     268.075    -17.9552     4223.22     3600.97     7824.19      2363.6      2388.6    0.393159    -207.504     42.6896     2065.62     2274.02     2.84264    -50.6125       0.016     5.47157     3.95841     3.67734     3.42772
          0   0.0614078         1.5     860.734       268.2     -14.332     4227.12     3614.23     7841.35     2363.95     2389.03    0.392789    -207.807     42.6896      2065.5     2273.79     2.84278    -47.6885       0.016     5.47332     3.96095     3.67964     3.43038