    20000         0         0         0   179.437   415.631    17.399   14.2831    31.682   2343.43   2426.93  0.785391   51.8336   39.9574   2049.96    2345.7   2.72671   328.445     0.016   5.73044   4.59858   4.35318   4.39114
    19900         0         0         0   179.437    414.68   28.2793   29.7361   58.0154   2343.43   2426.93  0.785563   51.7019   39.9574   2049.96    2345.7   2.72686   327.608     0.016   5.73044   4.59858   4.35318   4.39114
    19800         0         0         0   179.437   414.027   44.2321   46.3592   90.5912   2343.43   2426.93  0.785735   51.5707   39.9574   2049.96    2345.7   2.72701   326.992     0.016   5.73044   4.59858   4.35318   4.39114
    19700         0         0         0   179.437   413.765   53.1471   60.5222   113.669   2343.43   2426.93  0.785907   51.4563   39.9574   2049.96    2345.7   2.72716    326.68     0.016   5.73044   4.59858   4.35318   4.39114
    19600         0         0         0   179.437   413.802   62.7691   72.5053   135.274   2343.43   2426.93  0.786079   51.3749   39.9574   2049.96    2345.7   2.72731   326.622     0.016   5.73044   4.59858   4.35318   4.39114
    19500         0         0         0   179.437   412.032   64.8168   82.0183   146.835   2343.43   2426.93  0.786251   51.3025   39.9574   2049.96    2345.7   2.72746   325.399     0.016   5.73044   4.59858   4.35318   4.39114
    19400         0         0         0   179.437   409.192   76.1643   94.1014   170.266   2343.43   2426.93  0.786423   51.1491   39.9574   2049.96    2345.7   2.72761   323.265     0.016   5.73044   4.59858   4.35318   4.39114
    19300         0         0         0   179.437   406.574   85.8898   106.214   192.104   2343.43   2426.93  0.786595   50.8897   39.9574   2049.96    2345.7   2.72775   321.179     0.016   5.73044   4.59858   4.35318   4.39114
    19200         0         0         0   179.437   403.961   87.1286   118.358   205.486   2343.43   2426.93  0.786767   50.5432   39.9574   2049.96    2345.7    2.7279   319.107     0.016   5.73044   4.59858   4.35318   4.39114
    19100         0         0         0   179.437   403.069   87.3978   130.011   217.408   2343.43   2426.93  0.786938   50.1422   39.9574   2049.96    2345.7   2.72805   318.156     0.016   5.73044   4.59858   4.35318   4.39114
    19000         0         0         0   179.437   403.212   88.3098   142.474   230.783   2343.43   2426.93   0.78711   49.7725   39.9574   2049.96    2345.7    2.7282   318.076     0.016   5.73044   4.59858   4.35318   4.39114
    18900         0         0         0   179.437   401.537    90.247   155.747   245.994   2343.43   2426.93  0.787281   49.4326   39.9574   2049.96    2345.7   2.72835   316.873     0.016   5.73044   4.59858   4.35318   4.39114
    18800         0         0         0   179.437   398.854   99.6332    166.28   265.913   2343.43   2426.93  0.787452   49.0294   39.9574   2049.96    2345.7    2.7285   314.792     0.016   5.73044   4.59858   4.35318   4.39114
    18700         0         0         0   179.437   396.998   120.615   178.113   298.728   2343.43   2426.93  0.787624   48.5495   39.9574   2049.96    2345.7   2.72864   313.178     0.016   5.73044   4.59858   4.35318   4.39114
    18600         0         0         0   179.437   395.544   154.881   192.576   347.457   2343.43   2426.93  0.787795   48.0391   39.9574   2049.96    2345.7   2.72879   311.919     0.016   5.73044   4.59858   4.35318   4.39114
    18500         0         0         0   179.437   394.148   196.673   201.259   397.932   2343.43   2426.93  0.787966   47.5121   39.9574   2049.96    2345.7   2.72894   310.716     0.016   5.73044   4.59858   4.35318   4.39114
    18400         0         0         0   179.437   392.813    205.21   209.492   414.702   2343.43   2426.93  0.788137   46.9709   39.9574   2049.96    2345.7   2.72909   309.555     0.016   5.73044   4.59858   4.35318   4.39114
    18300         0         0         0   179.437   389.702   209.182   218.075   427.257   2343.43   2426.93  0.788308   46.3885   39.9574   2049.96    2345.7   2.72924   307.211     0.016   5.73044   4.59858   4.35318   4.39114
    18200         0         0         0   179.437   385.493   233.989   226.658   460.647   2343.43   2426.93  0.788478   45.6816   39.9574   2049.96    2345.7   2.72938   303.925     0.016   5.73044   4.59858   4.35318   4.39114
    18100         0         0         0   179.437   381.906   282.843   234.714   517.557   2343.43   2426.93  0.788649   44.8351   39.9574   2049.96    2345.7   2.72953   300.936     0.016   5.73044   4.59858   4.35318   4.39114
    18000         0         0         0   179.437   378.553    327.15   243.331   570.481   2343.43   2426.93   0.78882   43.8912   39.9574   2049.96    2345.7   2.72968    298.15     0.016   5.73044   4.59858   4.35318   4.39114
    17900         0         0         0   179.437   377.593   364.097   253.364   617.461   2343.43   2426.93   0.78899   42.9027   39.9574   2049.96    2345.7   2.72983   296.948     0.016   5.73044   4.59858   4.35318   4.39114
    17800         0         0         0   179.437   378.109   399.129   264.257   663.386   2343.43   2426.93  0.789161   41.9875   39.9574   2049.96    2345.7   2.72997   296.988     0.016   5.73044   4.59858   4.35318   4.39114
    17700         0         0         0   179.437   376.205   433.714    274.54   708.254   2343.43   2426.93  0.789331   41.1459   39.9574   2049.96    2345.7   2.73012   295.551     0.016   5.73044   4.59858   4.35318   4.39114
    17600         0         0         0   179.437   372.983   457.411   288.828   746.239   2343.43   2426.93  0.789502   40.2522   39.9574   2049.96    2345.7   2.73027    292.97     0.016   5.73044   4.59858   4.35318   4.39114
    17500         0         0         0   179.437   373.055   465.076   302.776   767.852   2343.43   2426.93  0.789672   39.3236   39.9574   2049.96    2345.7   2.73042   292.489     0.016   5.73044   4.59858   4.35318   4.39114
    17400         0         0         0   182.115   405.285    494.85   312.444   807.294   2337.81   2427.24  0.817182   37.6234   39.0482   2090.19   2390.75   2.64272   340.236     0.016    5.7211   4.59193    4.3525   4.39344
    17300         0         0         0   182.934   415.399   525.609   322.233   847.842   2333.75   2428.42  0.848489   37.4103   38.2531   2099.33   2400.72   2.62299   349.012     0.016   5.71793   4.58375   4.34297   4.38361
    17200         0         0         0    183.39   421.739   564.418   335.928   900.346   2330.58   2429.87  0.876868   37.6233   37.5586   2103.93    2405.7   2.61341   354.367     0.016   5.72125   4.57463   4.32783   4.36492
    17100         0         0         0   183.841   425.872    623.14   350.717   973.857   2328.02   2431.38  0.901834   38.0231   36.9519   2107.52   2409.45   2.60581   357.892     0.016   5.72871   4.56346   4.30774   4.33998
    17000         0         0         0   184.395   428.477   678.877   368.422    1047.3   2325.94   2432.88  0.923629   38.4877    36.422   2110.68   2412.53   2.59894   360.188     0.016   5.73799   4.54879   4.28324   4.31057
    16900         0         0         0   185.076   425.165   727.512   386.971   1114.48   2324.24   2434.34  0.942573   38.8707   35.9588   2113.56    2415.1   2.59263   358.085     0.016   5.74731   4.52873   4.25519   4.27796
    16800         0         0         0   185.879    417.77   775.951   406.282   1182.23   2322.88   2435.75   0.95898   38.8937   35.5537   2116.22   2417.24   2.58687   352.305     0.016   5.75543   4.50524   4.22418   4.24311
    16700         0         0         0   186.789   409.026   826.248   427.383   1253.63    2321.8   2437.11   0.97314   38.4506    35.199    2118.7   2419.03   2.58162   345.162     0.016   5.76158   4.47861    4.5905   4.20736
    16600         0         0         0   187.792   399.048   874.266    452.74   1327.01   2320.95   2438.38  0.985304    37.546   34.8882   2121.04   2420.52   2.57681    336.98     0.016   5.76538   4.44944   4.55473   4.57412
    16500         0         0         0   188.875   400.102   927.208   472.218   1399.43    2320.3   2439.58  0.995708   36.3803   34.6155   2123.26   2421.76    2.5724    336.72     0.016    5.7667   4.41878    4.5183   4.53859
    16400         0         0         0   190.027   408.534   995.052   496.159   1491.21   2319.82    2440.7   1.00457   35.5738    34.376   2125.37   2422.79   2.56833   343.337     0.016   5.76561   4.78854   4.48125   4.50183
    16300         0         0         0   191.236   413.821   1073.17   517.439   1590.61    2319.5   2441.76   1.01207   35.2909   34.1655   2127.39   2423.65   2.56453   348.349     0.016   5.76229   4.75451    4.4443   4.46465
    16200         0         0         0   192.494   417.538   1156.79    544.39   1701.18    2319.3   2442.77   1.01838    35.295   33.9801   2129.33   2424.36   2.56096   351.771     0.016   5.75692    4.7188   4.40752   4.42761
    16100         0         0         0   193.792   409.029   1236.68   574.336   1811.02    2319.2   2443.71   1.02364   35.3058   33.8167   2131.21   2424.94   2.55756   346.153     0.016    5.7497    4.6821   4.76989   4.79386
    16000         0         0         0   195.122   392.182    1306.1   602.917   1909.02   2319.19   2444.57   1.02796   34.6826   33.6725   2133.03   2425.43    2.5543    332.82     0.016   5.74084   4.64526   4.73328   4.76146
    15900         0         0         0   196.481   383.634   1370.43   630.289   2000.72   2319.25   2445.36   1.03146   33.3556   33.5449   2134.79   2425.82   2.55112   324.819     0.016    5.7306   4.60998   4.69748   4.72845
    15800         0         0         0   197.862   380.096   1437.78   654.788   2092.57   2319.36    2446.1   1.03424   31.8698    33.432    2136.5   2426.15   2.54801    321.64     0.016   5.71924   4.97559   4.66274   4.69552
    15700         0         0         0   199.261   377.803   1505.89   679.036   2184.92   2319.53   2446.79   1.03639   30.4317   33.3317   2138.18   2426.42   2.54493   319.712     0.016   5.70703   4.94012   4.62912   4.66318
    15600         0         0         0   200.676   376.607   1575.53    701.12   2276.65   2319.74   2447.44   1.03798   29.0927   33.2426   2139.81   2426.64   2.54185   318.683     0.016   5.69429   4.90452   4.99636   4.63168
    15500         0         0         0     202.1   374.635   1645.23    722.55   2367.78   2319.99   2448.04   1.03908   27.8702   33.1631   2141.42   2426.83   2.53876   317.217     0.016    5.6814   4.86941   4.96311   4.60285
    15400         0         0         0   203.532   372.263   1719.85   743.022   2462.87   2320.26   2448.58   1.03973   26.7041   33.0921   2143.01      2427   2.53563   315.348     0.016    5.6684    4.8352   4.93187   4.97775
    15300         0         0         0   204.969    371.58   1802.75    765.37   2568.12   2320.53   2449.06   1.03999   25.6039   33.0283   2144.56   2427.14   2.53245   314.731     0.016   5.65541   4.80408   4.90221   4.95205
    15200         0         0         0   206.411   372.061   1886.92   787.032   2673.95   2320.82    2449.5    1.0399   24.6536   32.9709    2146.1   2427.27    2.5292   315.215     0.016   5.64257    5.1736   4.87395   4.92649
    15100         0         0         0   207.855    379.19   1980.76    807.95   2788.71   2321.13    2449.9   1.03952   23.9897    32.919   2147.62   2427.39   2.52589   320.804     0.016   5.62995   5.14278   4.84701   4.90153
    15000         0         0         0     209.3   390.982   2089.69   827.952   2917.65   2321.43   2450.27   1.03887   23.9355   32.8718   2149.12   2427.51    2.5225   330.755     0.016   5.61757   5.11253   4.82117   4.87737
    14900         0         0         0   210.743   400.361   2210.51   845.856   3056.37   2321.75   2450.61   1.03799   24.5422   32.8288   2150.62   2427.62   2.51902   339.381     0.016   5.60545   5.08305   5.19621   4.85412
    14800         0         0         0   212.182   408.507   2343.96   862.953   3206.91   2322.07   2450.92   1.03691   25.5932   32.7892    2152.1   2427.75   2.51544   346.796     0.016   5.59358   5.05447    5.1711   4.83175
    14700         0         0         0   213.557   400.337   2471.29    878.39   3349.68   2322.39    2451.2   1.03568   26.7193   32.7525   2153.53    2427.9   2.51227   341.893     0.016     5.582   5.02709   5.14692   4.81082
    14600         0         0         0   206.061   330.036   2556.29   908.169   3464.46   2328.41   2451.33   1.00888    25.755   33.7363   2111.33    2386.2   2.66919   260.444     0.016   6.44583   5.18301   4.87147   4.82221
    14500         0         0         0   203.808   302.344   2624.09   943.709    3567.8   2333.25   2450.75  0.973397   20.4919   34.6823   2104.18   2380.29   2.69214   234.017     0.016   6.65093   4.98913   4.60586   4.87851
    14400         0         0         0    203.92   285.102   2683.59   981.143   3664.74   2337.73   2449.98  0.937079    14.297   35.5885   2100.28    2375.5   2.70098   218.421     0.016     6.501   4.71053   4.66258   4.95218
    14300         0         0         0    204.84   270.085   2739.39   1015.45   3754.85   2341.94   2449.02  0.900211   8.34317   36.4418   2097.29   2370.84   2.70876   205.931     0.016     6.501   4.76351   4.67993   4.61786
    14200         0         0         0    205.99   257.196   2787.73   1048.02   3835.75   2345.82   2447.89  0.863795   2.95383   37.2291   2094.67   2366.36   2.71617   195.387     0.016     6.501   4.77184   4.67802    4.6616
    14100         0         0         0   207.172   250.183   2835.04   1079.18   3914.22   2349.31   2446.61  0.828779  -1.72058   37.9427   2092.28   2362.13   2.72305    189.27     0.016     6.501   4.75641   4.67025   4.69724
    14000         0         0         0   208.325   246.866   2872.81   1107.84   3980.65   2352.36   2445.16  0.795837  -5.53638   38.5803   2090.07   2358.17   2.72937    186.36     0.016     6.501   4.73157   4.66363   4.72664
    13900         0         0         0   209.436   241.464   2904.96   1138.97   4043.93   2354.96   2443.58  0.765372  -8.60211   39.1438   2088.01   2354.45   2.73519   182.331     0.016     6.501   4.70578   4.66077   4.75222
    13800         0         0         0   210.508   235.173   2945.43   1166.98   4112.41   2357.12   2441.88  0.737558  -11.2158   39.6376   2086.09   2350.94   2.74061   177.447     0.016     6.501   4.68346   4.66244   4.77605
    13700         0         0         0   211.543   230.569   2969.68   1196.78   4166.46   2358.86   2440.07  0.712406  -13.5154   40.0676   2084.27   2347.62   2.74571   173.693     0.016     6.501   4.66659   4.66863   4.79958
    13600         0         0         0   212.549   226.912   3000.92   1225.44   4226.36   2360.23   2438.19  0.689826  -15.5259   40.4403   2082.55   2344.46   2.75055   170.764     0.016     6.501   4.65578   4.67829   4.41685
    13500         0         0         0   213.526   230.246   3031.93   1247.74   4279.67   2361.28   2436.29  0.669676  -17.1878   40.7621   2080.92   2341.45   2.75518   172.789     0.016     6.501   4.65086    4.6893   4.43084
    13400         0         0         0   214.475   237.818   3064.65   1272.31   4336.96   2362.04   2434.37  0.651754  -18.2368   41.0391   2079.38   2338.58   2.75961   178.525     0.016     6.501   4.65128   4.70264   4.44829
    13300         0         0         0   215.398   234.615   3096.53   1293.77    4390.3   2362.54   2432.42   0.63584  -18.8326    41.277   2077.92   2335.84   2.76387   177.072     0.016     6.501   4.65641   4.71891   4.46855
    13200         0         0         0   218.895   256.529   3146.71   1314.79    4461.5   2355.52   2430.56   0.67232  -19.3912   40.2965   2115.24   2376.33   2.65328   211.987     0.016   6.70493   4.65881   4.74455   4.48856
    13100         0         0         0   221.093   263.525   3203.29   1329.56   4532.85   2349.83   2429.58   0.71003  -18.8225   39.3976   2124.27   2384.75   2.62445   218.784     0.016   6.35827   4.65595   4.76189   4.50027
    13000         0         0         0   222.867   269.749   3252.16   1345.18   4597.34   2344.99   2428.92  0.744146  -17.8434   38.5929   2128.66   2388.11   2.60952    224.97     0.016   6.56657   4.63984   4.76432   4.50319
    12900         0         0         0   224.297   276.408   3316.55   1359.59   4676.15   2340.84   2428.43  0.774274  -16.6627   37.8817   2131.65   2390.18   2.59868   231.227     0.016   5.92897   4.61682   4.75674   4.49758
    12800         0         0         0   225.388    283.18   3389.59   1375.09   4764.68   2337.25   2428.05  0.800789  -15.3535   37.2566   2133.86   2391.67   2.59044   237.534     0.016    6.0593   4.99211   4.74381   4.48508
    12700         0         0         0   226.373    285.68   3457.55   1391.32   4848.86   2334.14   2427.77  0.824135  -14.0475    36.708   2135.71   2392.86    2.5829   240.489     0.016   6.16547   4.96537   4.72754   4.46767
    12600         0         0         0    227.46   285.112   3506.86   1409.01   4915.87   2331.47   2427.56  0.844512  -12.9997    36.226   2137.49   2393.85    2.5749   240.555     0.016    5.4477   4.93635   4.70724   4.44662
    12500         0         0         0   228.598   285.063    3558.8    1427.4   4986.19   2329.18   2427.44  0.862247  -12.2814   35.8017    2139.2   2394.74   2.56717   240.721     0.016   5.51012   4.90619   4.68406   4.42277
    12400         0         0         0   229.767   285.113   3608.68   1443.73   5052.41   2327.22   2427.37  0.877666  -11.8142   35.4274   2140.88   2395.55   2.55974   241.023     0.016   5.55849   4.87601   4.65948   4.79988
    12300         0         0         0   230.961   283.753    3669.5   1459.55   5129.06   2325.53   2427.34  0.891051  -11.5872   35.0963   2142.53   2396.31   2.55257   240.181     0.016   5.59553    4.8473   4.63654   4.77738
    12200         0         0         0   232.179   281.343    3744.7   1476.68   5221.38   2324.08   2427.34  0.902658  -11.6392   34.8029   2144.15   2397.02    2.5456   238.332     0.016   5.62352   4.82125   4.61511   4.75343
    12100         0         0         0   233.421   280.547   3828.95    1495.7   5324.65   2322.84   2427.37  0.912703  -11.9333   34.5423   2145.74   2397.68   2.53881   237.606     0.016   5.64432   5.19716   4.99383   4.72915
    12000         0         0         0   234.689   280.763   3922.19   1511.11   5433.29   2321.79   2427.42  0.921365  -12.3358   34.3104   2147.31    2398.3   2.53214   237.842     0.016   5.65935   5.17296   4.97135   4.70492
    11900         0         0         0   235.982   282.021   4020.62   1529.68    5550.3   2320.89    2427.5  0.928797  -12.7691   34.1037   2148.86   2398.88   2.52557    238.94     0.016    5.6697   5.14895   4.94864   4.68086
    11800         0         0         0   237.298   284.042   4125.56   1547.42   5672.98   2320.14   2427.59  0.935131  -13.1622   33.9194    2150.4   2399.43   2.51906   240.739     0.016   5.67618   5.12512   4.92585   4.65712
    11700         0         0         0   238.638    294.07   4243.88   1565.37   5809.24   2319.52   2427.71  0.940479  -13.3364   33.7547   2151.93   2399.96   2.51258   248.808     0.016   5.67946   5.10191   4.90306   4.63377
    11600         0         0         0   226.624   268.468   4343.23   1596.11   5939.33   2324.73   2427.65  0.915713  -13.6293   34.6333   2107.03   2358.74   2.69388   207.197     0.016   5.90504   4.86219   4.62924   4.63611
    11500         0         0         0   222.534   250.148   4433.94   1639.34   6073.28    2328.7   2426.97  0.884525  -16.3441   35.4829   2098.86   2353.24    2.7173   191.051     0.016   6.37919   4.67285   4.76391   4.68935
    11400         0         0         0   221.923   225.333   4512.32   1685.37   6197.69   2332.32   2426.16  0.852404    -20.31   36.2999    2094.6   2348.83   2.72397   170.557     0.016    6.2052   4.40714   4.42727   4.76095
    11300         0         0         0   222.562   213.518   4583.73   1728.28   6312.02   2335.73   2425.21  0.819375   -24.792   37.0709   2091.55   2344.56   2.72983   159.548     0.016   6.70384   4.45839   4.44371   4.42253
    11200         0         0         0   223.592   208.924   4650.02   1769.54   6419.56   2338.92   2424.15  0.786434  -28.8271   37.7829      2089   2340.48   2.73572   155.265     0.016    6.6499   4.46682   4.44123   4.46366
    11100         0         0         0   224.709   200.633   4695.46   1809.73   6505.19   2341.82   2422.97  0.754552  -32.2505   38.4281   2086.74   2336.67   2.74134   148.933     0.016   6.62547   4.45242   4.43263   4.49606
    11000         0         0         0   225.815   190.634   4731.49   1848.72   6580.21   2344.39   2421.67  0.724438  -35.3684   39.0042   2084.69   2333.13   2.74655   140.985     0.016   6.61975   4.42864   4.42457   4.52172
    10900         0         0         0   226.885   184.856   4776.47   1889.43   6665.91    2346.6   2420.27  0.696522  -38.2528   39.5127    2082.8   2329.83   2.75135   135.947     0.016   6.62608   4.40789   4.42103   4.54335
    10800         0         0         0   227.925   181.454   4832.84   1927.06    6759.9   2348.45   2418.77  0.671001  -40.7792   39.9577   2081.05   2326.73   2.75582   133.018     0.016   6.64034   4.79704   4.42179   4.56334
    10700         0         0         0   228.946   177.105   4887.29   1964.34   6851.63   2349.96   2417.19  0.647906  -42.9922   40.3448   2079.41   2323.79   2.76004   129.561     0.016   6.65994   4.78903    4.4258   4.58296
    10600         0         0         0   229.946   172.353   4937.23   2001.29   6938.52   2351.14   2415.54  0.627163   -45.037   40.6796   2077.86   2320.98   2.76408   125.694     0.016   6.68311   4.78414    4.4325   4.20256
    10500         0         0         0   230.922    169.45   4986.72   2037.87   7024.59   2352.04   2413.85  0.608641  -46.9565   40.9683   2076.39    2318.3   2.76795   123.125     0.016   6.70861   4.78303   4.44206    4.2162
    10400         0         0         0   231.873   167.628   5035.46    2072.2   7107.65   2352.69   2412.15  0.592182  -48.7053   41.2164   2074.99   2315.73   2.77168   121.507     0.016   6.73558   4.78579   4.45292    4.2276
    10300         0         0         0     232.8    166.44    5090.7    2104.3      7195   2353.13   2410.44  0.577588  -50.2863   41.4292   2073.66   2313.28   2.77526   120.418     0.016   6.76342   4.79213   4.46569   4.24225
    10200         0         0         0   233.704   165.172      5145   2136.29   7281.29   2353.37   2408.72  0.564658  -51.7156   41.6113   2072.39   2310.93   2.77872   119.369     0.016   6.79171   4.40158   4.48085   4.25956
    10100         0         0         0   234.587   162.837   5183.02    2165.4   7348.43   2353.44   2406.99  0.553204  -53.0691   41.7671   2071.18   2308.67   2.78208    117.46     0.016    6.2186   4.41053   4.49829   4.27907
    10000         0         0         0   235.446   160.163   5227.48   2193.96   7421.44   2353.36   2405.24  0.543048  -54.4084   41.9003   2069.99   2306.48   2.78534    115.26     0.016   6.24441   4.41898   4.51763   4.30043
     9900         0         0         0   236.281   157.309   5282.66   2221.98   7504.63   2353.15   2403.48  0.534032   -55.761    42.014   2068.84   2304.35   2.78852   112.897     0.016    6.2698    4.4277   4.53848   4.32334
     9800         0         0         0   237.093   154.316    5336.6   2248.63   7585.23   2352.82   2401.71  0.526011  -57.1415   42.1111   2067.72   2302.28    2.7916   110.406     0.016   6.29473   4.43695   4.56054    4.3475
     9700         0         0         0   237.882    151.21   5397.55   2273.93   7671.48    2352.4   2399.93  0.518857  -58.5596   42.1939   2066.63   2300.26    2.7946   107.809     0.016   6.31921   4.44869   4.58359   4.37267
     9600         0         0         0   238.655   148.012   5458.98   2297.91   7756.89   2351.89   2398.15  0.512456  -60.0212   42.2647   2065.55    2298.3   2.79752   105.123     0.016   6.34327   4.46347   4.20674   4.39865
     9500         0         0         0   239.412   144.737   5515.91   2320.57   7836.48   2351.32   2396.38  0.506716  -61.5295   42.3252   2064.51   2296.38   2.80037   102.359     0.016   6.36695   4.48046   4.22457   4.01782
     9400         0         0         0   240.148   142.266   5555.91   2345.63   7901.54   2350.73   2394.67  0.501572  -63.0695   42.3768   2063.51   2294.54   2.80314   100.157     0.016   6.39019   4.49886    4.2392   4.03215
     9300         0         0         0    240.86   140.262   5596.62   2368.57   7965.18   2350.11   2393.02   0.49695  -64.5983    42.421   2062.55   2292.79   2.80581   98.3632     0.016   6.41292   4.51814   4.25561   4.04806
     9200         0         0         0   241.555   138.518    5638.3   2390.71   8029.01   2349.47   2391.41  0.492778  -66.1005   42.4588   2061.64   2291.09   2.80839   96.7853     0.016   6.43515    4.5381   4.27363   4.06548
     9100         0         0         0   242.235   136.955      5688   2410.48   8098.47   2348.82   2389.84  0.488992  -67.5696   42.4911   2060.75   2289.45    2.8109   95.3583     0.016   6.45694   4.55864    4.2928   4.08419
     9000         0         0         0   242.904   135.534   5739.79   2426.87   8166.66   2348.14    2388.3  0.485538  -69.0027   42.5188   2059.88   2287.83   2.81336   94.0538     0.016   6.47837   4.57966   4.31287     4.104
     8900         0         0         0   243.565    134.25   5780.87   2443.96   8224.83   2347.46   2386.77  0.482369   -70.398   42.5426   2059.03   2286.25   2.81578   92.8643     0.016   6.49948   4.20103   4.33366    4.1247
     8800         0         0         0   244.217   133.074   5833.46   2460.26   8293.73   2346.76   2385.26  0.479444   -71.754   42.5629   2058.18   2284.69   2.81817   91.7697     0.016   6.52035   4.21675   4.35499   4.14614
     8700         0         0         0   244.855   131.988   5893.57   2475.81   8369.38   2346.04   2383.76  0.476731    -73.07   42.5804   2057.34   2283.15   2.82051   90.7549     0.016    6.5413   4.22795   4.37656   4.16815
     8600         0         0         0   245.476   130.984   5958.89   2490.88   8449.77   2345.32   2382.27  0.474204  -74.3458   42.5954   2056.51   2281.64    2.8228   89.8117     0.016    6.5622   4.23978   4.39821   4.19054
     8500         0         0         0   246.084    130.05   6018.04    2505.5   8523.54   2344.59   2380.79   0.47184  -75.5811   42.6083   2055.69   2280.16   2.82503   88.9321     0.016   6.58292   4.25416   4.01642   3.81048
     8400         0         0         0   246.679   129.642   6080.71   2520.12   8600.83   2343.87   2379.36  0.469639  -76.7664   42.6195   2054.91   2278.72   2.82721   88.4482     0.016    5.8031   4.27018   4.03008   3.82261
     8300         0         0         0   247.257   129.576   6132.02   2531.16   8663.19   2343.17      2378  0.467591  -77.8776    42.629   2054.16   2277.36   2.82931   88.2712     0.016   5.82102    4.2871   4.04259   3.83448
     8200         0         0         0   247.817   129.746   6187.83   2542.22   8730.05   2342.49   2376.68  0.465678  -78.9062   42.6372   2053.45   2276.05   2.83133   88.3005     0.016   5.83798   4.30448   4.05666   3.84746
     8100         0         0         0   248.363   130.122   6240.61   2553.31   8793.92   2341.83   2375.42  0.463882  -79.8476   42.6443   2052.76   2274.78   2.83329   88.5127     0.016   5.85425   4.32213   4.07171   3.86149
     8000         0         0         0   248.897   130.666   6301.42   2564.14   8865.56   2341.18   2374.18  0.462188  -80.6995   42.6505   2052.09   2273.55    2.8352   88.8782     0.016   5.86999   4.33994   4.08743   3.87641
     7900         0         0         0   249.421   131.431   6353.14   2574.72   8927.85   2340.54   2372.97  0.460581  -81.4597   42.6557   2051.44   2272.34   2.83706   89.4336     0.016   5.88532   4.35783   4.10363   3.89206
     7800         0         0         0   249.938   132.373   6407.22   2584.48    8991.7    2339.9   2371.78  0.459049  -82.1242   42.6603   2050.79   2271.14    2.8389   90.1535     0.016   5.90032   4.37574   4.12021   3.90828
     7700         0         0         0   250.447   133.479   6463.63   2594.43   9058.06   2339.27    2370.6  0.457583  -82.6916   42.6642   2050.15   2269.97    2.8407   91.0226     0.016   5.91505   4.39365   4.13707   3.92497
     7600         0         0         0    250.95   134.758   6518.01   2603.58   9121.59   2338.65   2369.43  0.456173    -83.16   42.6676   2049.51    2268.8   2.84248   92.0512     0.016   5.92956   4.00945   4.15414   3.94202
     7500         0         0         0   251.445    136.18   6567.13   2611.96   9179.09   2338.02   2368.28  0.454813  -83.5281   42.6706   2048.88   2267.65   2.84424   93.2149     0.016   5.94385   4.02022   4.17128   3.95936
     7400         0         0         0   251.925   136.624   6613.04   2619.59   9232.63    2337.4   2367.13  0.453499  -83.8164   42.6731   2048.25   2266.52   2.84596   93.6855     0.016   5.95784   4.02895   4.18829   3.97685
     7300         0         0         0   252.391   136.514   6657.62   2628.47   9286.09   2336.79      2366  0.452228  -84.0829   42.6753   2047.63   2265.42   2.84763   93.6631     0.016   5.97149   4.03752   3.80466   3.99438
     7200         0         0         0   252.844   136.111   6698.52   2638.63   9337.15   2336.17   2364.88  0.450999  -84.3494   42.6772   2047.02   2264.34   2.84925   93.3933     0.016    5.9848   4.04785   3.81768    3.6092
     7100         0         0         0   253.281   135.506   6738.73   2647.64   9386.37   2335.58    2363.8  0.449825  -84.6259   42.6788   2046.44    2263.3   2.85082   92.9515     0.016   5.99774   4.05935   3.82807   3.61812
     7000         0         0         0   253.703   134.753   6786.59   2651.54   9438.13   2335.02   2362.78  0.448714  -84.9173   42.6803   2045.89   2262.32   2.85232   92.3797     0.016   6.01029   4.07145   3.83683   3.62566
     6900         0         0         0   254.109   133.899   6834.43   2655.53   9489.96   2334.48   2361.81  0.447659  -85.2271   42.6815   2045.38   2261.39   2.85376   91.7148     0.016   6.02241   4.08381   3.84555   3.63399
     6800         0         0         0   254.501   132.963   6884.05   2663.93   9547.98   2333.97   2360.89  0.446654  -85.5566   42.6826   2044.89    2260.5   2.85514   90.9759     0.016   6.03414   4.09626   3.85529   3.64301
     6700         0         0         0   254.883   131.972   6934.09   2671.15   9605.24   2333.47      2360  0.445692  -85.9068   42.6835   2044.42   2259.64   2.85647   90.1829     0.016   6.04551   4.10875   3.86568   3.65269
     6600         0         0         0   255.256   130.957   6983.39   2675.29   9658.69   2332.99   2359.14  0.444769  -86.2772   42.6843   2043.96    2258.8   2.85777   89.3633     0.016   6.05658   4.12124    3.8765   3.66294
     6500         0         0         0   255.623   129.907   7035.55   2680.77   9716.32   2332.52    2358.3  0.443877  -86.6671    42.685    2043.5   2257.97   2.85904   88.5094     0.016   6.06739   4.13372   3.88764   3.67365
     6400         0         0         0   255.985   129.153   7088.26   2685.98   9774.24   2332.06   2357.47  0.443014  -87.0705   42.6856   2043.06   2257.17   2.86029   87.8659     0.016   6.07799   4.14615     3.899   3.68473
     6300         0         0         0   256.341    128.57   7140.14   2692.59   9832.74    2331.6   2356.66  0.442175  -87.4705   42.6861   2042.62   2256.37   2.86152   87.3733     0.016   6.08841   4.15852   3.91053   3.69609
     6200         0         0         0   256.694    128.09   7184.04    2699.7   9883.74   2331.16   2355.86  0.441356  -87.8609   42.6866   2042.18   2255.58   2.86273   86.9653     0.016   6.09868   4.17083   3.92219   3.70768
     6100         0         0         0   257.043   127.702    7227.1   2707.31   9934.41   2330.71   2355.06  0.440555  -88.2379    42.687   2041.75    2254.8   2.86393   86.6352     0.016   6.10882   4.18307   3.93394   3.71945
     6000         0         0         0   257.388   127.376   7281.06   2715.42   9996.48   2330.28   2354.27   0.43977  -88.5994   42.6873   2041.32   2254.02   2.86511   86.3584     0.016   6.11905   4.19525   3.94575   3.73134
     5900         0         0         0   257.732   127.099   7333.12   2721.39   10054.5   2329.84   2353.49  0.438998  -88.9447   42.6876    2040.9   2253.25   2.86628   86.1243     0.016   6.12956   3.80628   3.95764   3.74335
     5800         0         0         0   258.072   126.861   7378.95   2728.81   10107.8   2329.41   2352.72  0.438238  -89.2734   42.6879   2040.47   2252.49   2.86745   85.9253     0.016    6.1402   3.81436   3.96955   3.75543
     5700         0         0         0   258.408   126.658   7434.56   2736.31   10170.9   2328.98   2351.95   0.43749  -89.5856   42.6881   2040.05   2251.73    2.8686   85.7564     0.016   6.15085   3.82116   3.98139   3.76756
     5600         0         0         0   258.737   126.485    7491.9   2743.72   10235.6   2328.55   2351.18  0.436753  -89.8815   42.6883   2039.63   2250.99   2.86973   85.6143     0.016   6.16142   3.82745   3.99313   3.77969
     5500         0         0         0    259.06   126.339   7539.33   2751.06   10290.4   2328.13   2350.43  0.436027  -90.1612   42.6885   2039.22   2250.25   2.87083   85.4961     0.016   6.17189    3.8336   3.60436   3.79178
     5400         0         0         0   259.376   125.452    7587.4   2758.11   10345.5   2327.71   2349.68  0.435313  -90.4393   42.6886   2038.82   2249.53   2.87192   84.8316     0.016   6.18222   3.83975   3.61384   3.40314
     5300         0         0         0   259.685   124.117      7643   2764.87   10407.9    2327.3   2348.95  0.434616  -90.7556   42.6887   2038.42   2248.84   2.87298   83.7628     0.016   6.19236   3.84596   3.62205   3.41074
     5200         0         0         0   259.984   122.532   7686.23   2774.69   10460.9   2326.91   2348.25  0.433948  -91.1249   42.6888   2038.05   2248.16     2.874   82.4717     0.016   5.40209   3.85292   3.62902   3.41595
     5100         0         0         0   260.274   120.783   7742.44   2783.61   10526.1   2326.54   2347.59  0.433311  -91.5527   42.6889   2037.69   2247.52   2.87499   81.0321     0.016   5.41058   3.86056   3.63513   3.42013
     5000         0         0         0   260.553   118.889   7804.87   2791.66   10596.5   2326.19   2346.97  0.432703  -92.0417    42.689   2037.36   2246.92   2.87594   79.4591     0.016   5.41849   3.86854   3.64091   3.42489
     4900         0         0         0   260.822   116.905   7868.68   2800.84   10669.5   2325.85   2346.38   0.43212  -92.5927   42.6891   2037.04   2246.34   2.87685   77.7954     0.016   5.42595   3.87666   3.64672   3.43023
     4800         0         0         0   261.081   114.834   7928.23   2810.51   10738.7   2325.53   2345.81  0.431559  -93.2048   42.6891   2036.74   2245.79   2.87772   76.0483     0.016   5.43307   3.88479   3.65266   3.43596
     4700         0         0         0   261.331   112.696    7981.8   2820.68   10802.5   2325.22   2345.26  0.431019  -93.8776   42.6892   2036.44   2245.25   2.87857   74.2311     0.016    5.4399   3.89288   3.65873   3.44196
     4600         0         0         0   261.575   110.523   8044.15    2828.9   10873.1   2324.92   2344.73  0.430498  -94.6088   42.6892   2036.16   2244.73    2.8794   72.3731     0.016   5.44648   3.90088   3.66492   3.44817
     4500         0         0         0   261.812   108.295   8108.22   2836.19   10944.4   2324.62   2344.21  0.429994  -95.3965   42.6893   2035.88   2244.23    2.8802   70.4588     0.016   5.45285   3.90877   3.67127   3.45454
     4400         0         0         0   262.044   106.407   8172.87   2845.25   11018.1   2324.34    2343.7  0.429505  -96.2326   42.6893   2035.61   2243.73   2.88099    68.783     0.016   5.45904   3.91656   3.67794   3.46107
     4300         0         0         0   262.271   104.707   8235.08   2854.48   11089.6   2324.06   2343.21   0.42903  -97.0956   42.6894   2035.34   2243.25   2.88176   67.2712     0.016   5.46507   3.92425    3.6848   3.46779
     4200         0         0         0   262.495   103.108   8301.72   2864.18   11165.9   2323.78   2342.72  0.428567  -97.9772   42.6894   2035.07   2242.76   2.88251   65.8387     0.016   5.47098   3.93184   3.69176   3.47466
     4100         0         0         0   262.715   101.589   8372.36   2873.17   11245.5   2323.51   2342.23  0.428113  -98.8723   42.6894   2034.81   2242.29   2.88326   64.4713     0.016   5.47678   3.93935    3.6988   3.48165
     4000         0         0         0   262.932   100.119   8443.38   2883.53   11326.9   2323.24   2341.75  0.427669  -99.7781   42.6894   2034.55   2241.82     2.884   63.1426     0.016   5.48249   3.94677   3.70587   3.48873
     3900         0         0         0   263.147   98.6815   8517.16   2895.29   11412.4   2322.97   2341.28  0.427233  -100.693   42.6894   2034.29   2241.35   2.88472   61.8395     0.016   5.48812    3.9541   3.71296   3.49588
     3800         0         0         0   263.359   97.2651   8589.43   2905.38   11494.8   2322.71   2340.81  0.426804  -101.616   42.6895   2034.03   2240.89   2.88544    60.553     0.016   5.49367   3.96137   3.72007   3.50308
     3700         0         0         0   263.569    95.251   8665.81   2915.13   11580.9   2322.44   2340.34  0.426381  -102.552   42.6895   2033.77   2240.43   2.88615   58.8615     0.016   5.49915   3.96855   3.72717    3.5103
     3600         0         0         0   263.777   91.6219   8739.68   2924.56   11664.2   2322.18   2339.88  0.425965  -103.573   42.6895   2033.52   2239.98   2.88686   55.8149     0.016   5.50457   3.97567   3.73425   3.51753
     3500         0         0         0   263.982   87.2827   8812.62   2935.57   11748.2   2321.93   2339.42  0.425553  -104.738   42.6895   2033.27   2239.53   2.88756   52.1473     0.016   5.50994   3.98272   3.74132   3.52477
     3400         0         0         0   264.186   82.6791   8881.45   2945.39   11826.8   2321.67   2338.96  0.425147  -106.062   42.6895   2033.02   2239.09   2.88825   48.2068     0.016   5.51526    3.9897   3.74837     3.532
     3300         0         0         0   264.388   77.8129   8940.76   2955.35   11896.1   2321.42   2338.51  0.424746  -107.542   42.6895   2032.77   2238.64   2.88893    44.029     0.016   5.52052   3.99663   3.75539   3.53922
     3200         0         0         0   264.588   73.2957   9001.17   2965.46   11966.6   2321.16   2338.06  0.424349  -109.174   42.6895   2032.52   2238.21   2.88961   40.0225     0.016   5.52574    3.6031   3.76238   3.54642
     3100         0         0         0   264.786   70.1566   9059.88   2975.33   12035.2   2320.91   2337.61  0.423957  -110.883   42.6895   2032.28   2237.77   2.89028   37.1472     0.016   5.53091   3.60817   3.76931   3.55359
     3000         0         0         0    264.98   67.5153   9121.51   2984.94   12106.5   2320.66   2337.17  0.423569  -112.612   42.6895   2032.03   2237.34   2.89094   34.6888     0.016     5.536   3.61249   3.77615   3.56072
     2900         0         0         0    265.17     65.23   9183.49   2995.28   12178.8   2320.42   2336.73  0.423187  -114.338   42.6895   2031.79   2236.92   2.89159   32.5272     0.016     5.541   3.61648   3.78287   3.56778
     2800         0         0         0   265.355   63.1974   9245.77   3005.22     12251   2320.17    2336.3   0.42281  -116.048   42.6895   2031.56   2236.51   2.89223   30.5807     0.016    5.5459   3.62032   3.78948   3.57477
     2700         0         0         0   265.535   61.1664   9300.99   3018.58   12319.6   2319.93   2335.87   0.42244  -117.736   42.6895   2031.32    2236.1   2.89285   28.6684     0.016    5.5507    3.6241   3.79597   3.58167
     2600         0         0         0   265.712   58.7897   9346.95   3026.77   12373.7   2319.69   2335.44  0.422076  -119.421   42.6895   2031.09    2235.7   2.89346   26.4704     0.016   5.55539   3.62789   3.40221   3.58847
     2500         0         0         0   265.885   56.3092   9405.18   3038.79     12444   2319.46   2335.02  0.421718  -121.118   42.6895   2030.87   2235.31   2.89406   24.1827     0.016   5.55998   3.63169   3.40776    3.5951
     2400         0         0         0   266.054   53.7995   9465.27   3050.33   12515.6   2319.23   2334.61  0.421368  -122.833   42.6895   2030.65   2234.93   2.89464   21.8642     0.016   5.56447    3.6355   3.41298   3.20134
     2300         0         0         0   266.218   51.2624   9523.27   3061.27   12584.5      2319   2334.22  0.421029  -124.566   42.6895   2030.44   2234.56   2.89521   19.5213     0.016   5.56885   3.63933   3.41779    3.2058
     2200         0         0         0   266.378   48.8683   9574.63   3071.59   12646.2   2318.78   2333.84  0.420704  -126.316   42.6895   2030.23    2234.2   2.89577   17.2688     0.016   5.57312   3.64317     3.422   3.20904
     2100         0         0         0   266.532    46.902   9633.05   3081.86   12714.9   2318.58   2333.48  0.420396  -128.062   42.6895   2030.04   2233.86    2.8963   15.3727     0.016   5.57726   3.64699   3.42572   3.21161
     2000         0         0         0    266.68   45.1147   9691.26   3092.08   12783.3   2318.39   2333.14  0.420104  -129.788   42.6896   2029.85   2233.54   2.89682   13.6306     0.016   5.58127   3.65078   3.42907   3.21378
     1900         0         0         0   266.823   43.4651    9748.6   3102.79   12851.4    2318.2   2332.82  0.419829  -131.488   42.6896   2029.68   2233.23   2.89731   12.0074     0.016   5.58513   3.65454   3.43216   3.21569
     1800         0         0         0    266.96   41.9225    9806.9   3113.49   12920.4   2318.03   2332.53  0.419569  -133.157   42.6896   2029.52   2232.94   2.89778   10.4787     0.016   5.58886   3.65827   3.43506   3.21743
     1700         0         0         0   267.091   40.3651   9866.46   3125.03   12991.5   2317.87   2332.25  0.419325  -134.795   42.6896   2029.37   2232.67   2.89824   8.95845     0.016   5.59244   3.66196   3.43781   3.21912
     1600         0         0         0   267.217   38.6113   9923.19    3138.1   13061.3   2317.72   2331.98  0.419094  -136.412   42.6896   2029.22   2232.41   2.89868   7.27805     0.016   5.59588   3.66561   3.44053   3.22119
     1500         0         0         0   267.338   36.8023   9979.43   3149.31   13128.7   2317.57   2331.73  0.418875  -138.019   42.6896   2029.08   2232.16    2.8991   5.55227     0.016    5.5992   3.66923   3.44333   3.22357
     1400         0         0         0   267.455   34.9517   10036.1    3158.8   13194.9   2317.43   2331.48  0.418666  -139.617   42.6896   2028.95   2231.91   2.89951   3.79337     0.016   5.60239   3.67282   3.44622   3.22619
     1300         0         0         0   267.569   33.0757     10089   3168.97     13258   2317.29   2331.24  0.418465   -141.21   42.6896   2028.82   2231.68    2.8999   2.01358     0.016   5.60548    3.6764   3.44919   3.22896
     1200         0         0         0    267.68   31.4839     10130    3179.8   13309.8   2317.16   2331.01  0.418272  -142.795   42.6896   2028.69   2231.45   2.90029   0.42591     0.016   5.60848   3.67995   3.45222   3.23187
     1100         0         0         0   267.789   30.6799   10174.1   3191.22   13365.4   2317.03   2330.78  0.418085  -144.338   42.6896   2028.57   2231.23   2.90067 -0.499185     0.016    5.6114   3.68349    3.4553   3.23486
     1000         0         0         0   267.896   30.2223   10220.4   3203.09   13423.5    2316.9   2330.56  0.417904   -145.81   42.6896   2028.45   2231.01   2.90105   -1.1209     0.016   5.61425   3.68702   3.45841   3.23793
      900         0         0         0   268.001   30.1384   10266.2   3214.74   13480.9   2316.78   2330.33  0.417728  -147.199   42.6896   2028.33   2230.79   2.90142  -1.42631     0.016   5.61704   3.69053   3.46154   3.24105
      800         0         0         0   268.104   30.3352   10310.8   3229.96   13540.8   2316.65   2330.12  0.417557  -148.492   42.6896   2028.21   2230.57   2.90178  -1.47793     0.016   5.61978   3.69403   3.46469   3.24421
      700         0         0         0   268.206   30.8665   10357.7   3245.82   13603.5   2316.53    2329.9   0.41739  -149.684   42.6896   2028.09   2230.36   2.90214  -1.25101     0.016   5.62247   3.69751   3.46786   3.24739
      600         0         0         0   268.306    31.891   10394.8   3258.69   13653.5   2316.41   2329.69  0.417226  -150.758   42.6896   2027.97   2230.15    2.9025 -0.593676     0.016   5.62513   3.70097   3.47102    3.2506
      500         0         0         0   268.406   33.2153   10431.5   3270.92   13702.4   2316.29   2329.47  0.417066  -151.704   42.6896   2027.85   2229.94   2.90285  0.336184     0.016   5.62775   3.70441   3.47419   3.25382
      400         0         0         0   268.504   34.8661   10455.9   3285.15   13741.1   2316.17   2329.26  0.416908  -152.515   42.6896   2027.74   2229.73    2.9032   1.55408     0.016   5.63034   3.70783   3.47735   3.25704
      300         0         0         0   268.602   36.7833   10491.2   3294.27   13785.4   2316.05   2329.05  0.416753  -153.185   42.6896   2027.62   2229.53   2.90355   3.01974     0.016    5.6329   3.71122   3.48051   3.26026
      200         0         0         0   268.699   39.2051   10519.8   3302.86   13822.6   2315.93   2328.84  0.416601  -153.711   42.6896   2027.51   2229.32    2.9039   4.88772     0.016   5.63543   3.71458   3.48366   3.26348
      100         0         0         0   268.794   42.5733   10563.4   3315.53   13878.9   2315.82   2328.64  0.416451  -154.056   42.6896   2027.39   2229.12   2.90424   7.57344     0.016   5.63794   3.71792   3.48679   3.26669
        0         0         0         0   268.889   46.4576   10620.3   3328.09   13948.4    2315.7   2328.43  0.416302  -154.196   42.6896   2027.28   2228.92   2.90458   10.7261     0.016   5.64043   3.72122   3.48991    3.2699