   20000        0        0        0  187.948  413.373  19.6574   5.7719  25.4293  2341.68  2425.58   0.6884  51.4486  2.49734  2048.25  2344.34  2.72726  327.415    0.001  107.636  92.0964  89.5112  88.8986        0        0        0        0        0
   19900        0        0        0  187.948   412.48  32.7377  12.7138  45.4515  2341.68  2425.58 0.688551  51.2975  2.49734  2048.25  2344.34  2.72741  326.617    0.001  107.636  92.0964  89.5112  88.8986        0        0        0        0        0
   19800        0        0        0  187.948  411.874  50.8434  20.8257  71.6691  2341.68  2425.58 0.688701  51.1513  2.49734  2048.25  2344.34  2.72756  326.033    0.001  107.636  92.0964  89.5112  88.8986        0        0        0        0        0
   19700        0        0        0  187.948  411.658  61.8651  26.4776  88.3427  2341.68  2425.58 0.688851  51.0257  2.49734  2048.25  2344.34   2.7277  325.754    0.001  107.636  92.0964  89.5112  88.8986        0        0        0        0        0
   19600        0        0        0  187.948   411.74  69.4248  29.9495  99.3742  2341.68  2425.58 0.689002  50.9365  2.49734  2048.25  2344.34  2.72785  325.728    0.001  107.636  92.0964  89.5112  88.8986        0        0        0        0        0
   19500        0        0        0  187.948  409.947  73.5573  30.9514  104.509  2341.68  2425.58 0.689152  50.8582  2.49734  2048.25  2344.34    2.728  324.491    0.001  107.636  92.0964  89.5112  88.8986        0        0        0        0        0
   19400        0        0        0  187.948  407.043  87.0544  34.5233  121.578  2341.68  2425.58 0.689302  50.6966  2.49734  2048.25  2344.34  2.72815  322.302    0.001  107.636  92.0964  89.5112  88.8986        0        0        0        0        0
   19300        0        0        0  187.948  404.385  98.9694  38.1252  137.095  2341.68  2425.58 0.689452  50.4261  2.49734  2048.25  2344.34   2.7283  320.176    0.001  107.636  92.0964  89.5112  88.8986        0        0        0        0        0
   19200        0        0        0  187.948  401.751  102.419  41.7571  144.176  2341.68  2425.58 0.689602  50.0674  2.49734  2048.25  2344.34  2.72845  318.081    0.001  107.636  92.0964  89.5112  88.8986        0        0        0        0        0
   19100        0        0        0  187.948  400.898  104.321   44.899   149.22  2341.68  2425.58 0.689752  49.6547  2.49734  2048.25  2344.34  2.72859   317.15    0.001  107.636  92.0964  89.5112  88.8986        0        0        0        0        0
   19000        0        0        0  187.948  401.116  105.505  48.8509  154.356  2341.68  2425.58 0.689901   49.277  2.49734  2048.25  2344.34  2.72874  317.126    0.001  107.636  92.0964  89.5112  88.8986        0        0        0        0        0
   18900        0        0        0  187.948  399.441  105.664  53.6128  159.277  2341.68  2425.58 0.690051  48.9325  2.49734  2048.25  2344.34  2.72889  315.925    0.001  107.636  92.0964  89.5112  88.8986        0        0        0        0        0
   18800        0        0        0  187.948  396.708  117.197  55.6346  172.831  2341.68  2425.58 0.690201  48.5231  2.49734  2048.25  2344.34  2.72904  313.802    0.001  107.636  92.0964  89.5112  88.8986        0        0        0        0        0
   18700        0        0        0  187.948  394.841  140.335  58.9565  199.292  2341.68  2425.58  0.69035  48.0348  2.49734  2048.25  2344.34  2.72919  312.172    0.001  107.636  92.0964  89.5112  88.8986        0        0        0        0        0
   18600        0        0        0  187.948  393.404  176.742  64.9084   241.65  2341.68  2425.58   0.6905  47.5166  2.49734  2048.25  2344.34  2.72933  310.921    0.001  107.636  92.0964  89.5112  88.8986        0        0        0        0        0
   18500        0        0        0  187.948  392.023  220.659  65.0803  285.739  2341.68  2425.58 0.690649   46.983  2.49734  2048.25  2344.34  2.72948  309.727    0.001  107.636  92.0964  89.5112  88.8986        0        0        0        0        0
   18400        0        0        0  187.948  390.701  231.308  65.3584  296.667  2341.68  2425.58 0.690799   46.436  2.49734  2048.25  2344.34  2.72963  308.573    0.001  107.636  92.0964  89.5112  88.8986        0        0        0        0        0
   18300        0        0        0  187.948  387.545  233.123  65.4303  298.553  2341.68  2425.58 0.690948  45.8478  2.49734  2048.25  2344.34  2.72978  306.193    0.001  107.636  92.0964  89.5112  88.8986        0        0        0        0        0
   18200        0        0        0  187.948  383.255  260.168  65.5022   325.67  2341.68  2425.58 0.691097  45.1314  2.49734  2048.25  2344.34  2.72992  302.837    0.001  107.636  92.0964  89.5112  88.8986        0        0        0        0        0
   18100        0        0        0  187.948  379.629  311.299   65.957  377.256  2341.68  2425.58 0.691246  44.2719  2.49734  2048.25  2344.34  2.73007  299.806    0.001  107.636  92.0964  89.5112  88.8986        0        0        0        0        0
   18000        0        0        0  187.948  376.266  357.893  66.0622  423.955  2341.68  2425.58 0.691395  43.3143  2.49734  2048.25  2344.34  2.73022  297.003    0.001  107.636  92.0964  89.5112  88.8986        0        0        0        0        0
   17900        0        0        0  187.948  375.373   397.06  67.5841  464.644  2341.68  2425.58 0.691544  42.3133  2.49734  2048.25  2344.34  2.73037  295.842    0.001  107.636  92.0964  89.5112  88.8986        0        0        0        0        0
   17800        0        0        0  187.948  376.003  434.197   69.966  504.163  2341.68  2425.58 0.691693  41.3917  2.49734  2048.25  2344.34  2.73051  295.968    0.001  107.636  92.0964  89.5112  88.8986        0        0        0        0        0
   17700        0        0        0  187.948  374.109  470.878  71.7379  542.616  2341.68  2425.58 0.691842  40.5485  2.49734  2048.25  2344.34  2.73066  294.546    0.001  107.636  92.0964  89.5112  88.8986        0        0        0        0        0
   17600        0        0        0  187.948  370.827  496.731  77.5148  574.246  2341.68  2425.58 0.691991  39.6514  2.49734  2048.25  2344.34  2.73081  291.916    0.001  107.636  92.0964  89.5112  88.8986        0        0        0        0        0
   17500        0        0        0  187.948  370.957  506.494  82.9517  589.445  2341.68  2425.58 0.692139  38.7177  2.49734  2048.25  2344.34  2.73095   291.47    0.001  107.636  92.0964  89.5112  88.8986        0        0        0        0        0
   17400        0        0        0   190.68  404.785  535.769  84.0543  619.823  2336.05  2425.89 0.732029  37.0459  2.44051  2088.38   2389.4  2.64408  340.294    0.001  107.812  92.2071  89.5236  88.8622        0        0        0        0        0
   17300        0        0        0  191.542  415.147  566.276  85.2359  651.512  2331.99  2427.07 0.764708  36.9082  2.39082  2097.52  2399.37  2.62407  349.361    0.001  107.871  92.3431  89.6804  89.0217        0        0        0        0        0
   17200        0        0        0  192.028  421.445   604.79   90.293  695.083  2328.82  2428.51 0.793068  37.1954  2.34741  2102.13  2404.34  2.61438  354.726    0.001  107.809  92.4958  89.9298  89.3245        0        0        0        0        0
   17100        0        0        0  192.504  425.448  663.088  96.4193  759.508  2326.26  2430.02 0.817909  37.6579   2.3095  2105.72   2408.1  2.60676  358.174    0.001  107.671  92.6836   90.262  89.7308        0        0        0        0        0
   17000        0        0        0  193.083  427.893  718.241  105.437  823.678  2324.16  2431.52 0.839658  38.1712  2.27638  2108.88  2411.18  2.59989  360.354    0.001    107.5  92.9302  90.6702  90.2146        0        0        0        0        0
   16900        0        0        0  193.791   424.26  765.972   115.27  881.242  2322.47  2432.98 0.858652   38.587  2.24743  2111.75  2413.75  2.59358  358.002    0.001   107.33  93.2699  91.1417  90.7569        0        0        0        0        0
   16800        0        0        0  194.625  416.428   813.07  125.836  938.905   2321.1   2434.4 0.875196  38.6187   2.2221   2114.4  2415.89   2.5878  351.848    0.001  107.182  93.6708  91.6685  91.3439        0        0        0        0        0
   16700        0        0        0   195.57  407.292  861.632  138.156  999.788  2320.01  2435.75 0.889565  38.1601  2.19994  2116.88  2417.68  2.58253  344.353    0.001  107.071  94.1299  92.2406  91.9516        0        0        0        0        0
   16600        0        0        0  196.611  396.982  907.583  154.695  1062.28  2319.16  2437.03 0.902004  37.2221  2.18051  2119.21  2419.17   2.5777  335.866    0.001  107.004  94.6378  92.8369  92.5072        0        0        0        0        0
   16500        0        0        0  197.735  398.121  958.545  165.313  1123.86  2318.51  2438.22 0.912736  36.0156  2.16347  2121.41  2420.41  2.57327   335.63    0.001  106.982  95.1784  93.4527  93.1037        0        0        0        0        0
   16400        0        0        0  198.931  406.984  1024.84  180.349  1205.19  2318.03  2439.35 0.921966  35.1891   2.1485  2123.52  2421.44  2.56916  342.603    0.001  107.006  95.7062  94.0883  93.7288        0        0        0        0        0
   16300        0        0        0  200.187   412.52  1101.66  192.679  1294.34   2317.7  2440.41 0.929874  34.9119  2.13534  2125.53   2422.3  2.56533  347.851    0.001   107.07  96.2926   94.731  94.3699        0        0        0        0        0
   16200        0        0        0  201.494   416.29  1184.03   210.63  1394.66  2317.49  2441.41 0.936617  34.9302  2.12376  2127.46     2423  2.56172  351.329    0.001  107.173  96.9157  95.3792  95.0175        0        0        0        0        0
   16100        0        0        0  202.842  407.434  1262.32  231.525  1493.85  2317.39  2442.35 0.942334  34.9509  2.11354  2129.33  2423.59  2.55829   345.44    0.001   107.31  97.5654  96.0296  95.6143        0        0        0        0        0
   16000        0        0        0  204.225  389.924  1329.49  251.003  1580.49  2317.37  2443.22 0.947139  34.3073  2.10453  2131.14  2424.08  2.55498  331.526    0.001  107.478  98.2269  96.6656  96.1707        0        0        0        0        0
   15900        0        0        0  205.637  381.091  1391.27  269.219  1660.49  2317.42  2444.01 0.951143  32.9295  2.09656  2132.89  2424.48  2.55177   323.22    0.001  107.673  98.8731  97.2956  96.7447        0        0        0        0        0
   15800        0        0        0  207.072  377.636  1456.16  284.506  1740.67  2317.53  2444.75 0.954445  31.3937   2.0895   2134.6   2424.8  2.54862  320.082    0.001  107.889  99.4851  97.9162  97.3246        0        0        0        0        0
   15700        0        0        0  208.528  375.462  1521.93  299.488  1821.41   2317.7  2445.44 0.957128  29.9174  2.08323  2136.27  2425.08   2.5455  318.241    0.001  108.122  100.118  98.5238  97.9015        0        0        0        0        0
   15600        0        0        0  209.998  374.376  1589.34   312.25  1901.59   2317.9  2446.09 0.959266  28.5509  2.07766   2137.9   2425.3  2.54238  317.295    0.001   108.37  100.762  99.1203  98.4701        0        0        0        0        0
   15500        0        0        0  211.479  372.463  1656.87  324.301  1981.17  2318.14  2446.69 0.960924  27.3095  2.07269   2139.5  2425.49  2.53925  315.875    0.001  108.626  101.407  99.7104  99.0053        0        0        0        0        0
   15400        0        0        0  212.967  370.102  1729.33  335.339  2064.67   2318.4  2447.24 0.962153  26.1283  2.06825  2141.08  2425.66  2.53609  314.008    0.001  108.884  102.044  100.274  99.4514        0        0        0        0        0
   15300        0        0        0  214.461  369.471  1810.12  348.195  2158.31  2318.68  2447.73 0.963003  25.0152  2.06427  2142.63  2425.81  2.53287  313.424    0.001  109.142  102.639  100.813  99.9089        0        0        0        0        0
   15200        0        0        0  215.958  370.042  1892.27   360.31  2252.58  2318.96  2448.17 0.963521  24.0572  2.06068  2144.16  2425.94   2.5296   313.98    0.001  109.398  103.193  101.334  100.369        0        0        0        0        0
   15100        0        0        0  217.459   377.43  1984.35  371.624  2355.97  2319.26  2448.57  0.96375  23.3937  2.05744  2145.68  2426.06  2.52625  319.781    0.001  109.649  103.761  101.835  100.824        0        0        0        0        0
   15000        0        0        0   218.96   389.62  2091.92  381.967  2473.89  2319.56  2448.94 0.963724   23.359  2.05449  2147.18  2426.18  2.52283  330.083    0.001  109.897  104.326   102.32  101.268        0        0        0        0        0
   14900        0        0        0  220.459  399.244  2211.62  390.155  2601.78  2319.87  2449.28 0.963476  24.0037   2.0518  2148.66  2426.31  2.51931  338.948    0.001   110.14  104.882   102.79  101.699        0        0        0        0        0
   14800        0        0        0  221.953  407.474  2344.04  397.481  2741.52  2320.19   2449.6 0.963034  25.0975  2.04932  2150.14  2426.44  2.51571  346.454    0.001  110.378  105.427  103.249  102.118        0        0        0        0        0
   14700        0        0        0  223.383  398.904  2469.94  403.092  2873.03   2320.5  2449.89 0.962429  26.2584  2.04703  2151.57  2426.58   2.5125  341.243    0.001  110.612  105.957  103.696   102.52        0        0        0        0        0
   14600        0        0        0  215.781  325.596   2550.5  423.151  2973.65  2326.53  2450.02 0.916859  25.2485  2.10852  2109.62   2384.9  2.66814  257.702    0.001  125.925   103.01   101.38  102.321        0        0        0        0        0
   14500        0        0        0  213.412  297.352   2613.3  449.087  3062.39  2331.39  2449.45 0.879807  19.8436  2.16764  2102.47     2379  2.69174   230.71    0.001  134.718    99.28  98.9893  101.272        0        0        0        0        0
   14400        0        0        0   213.47  280.289     2668  476.971  3144.97  2335.88  2448.69 0.843877  13.5106  2.22428  2098.53  2374.22  2.70064  215.162    0.001  139.598  97.1263   97.977  99.9422        0        0        0        0        0
   14300        0        0        0  214.384  265.522  2719.23  501.737  3220.97  2340.09  2447.74 0.808194  7.44267  2.27761  2095.51  2369.57  2.70831  202.799    0.001  142.335  96.2149  97.6726  98.7744        0        0        0        0        0
   14200        0        0        0  215.555  252.865  2763.24  524.735  3287.98  2343.97  2446.62 0.773397  1.95923  2.32682  2092.86   2365.1  2.71559  192.376    0.001  143.782  96.0764  97.7073  97.9889        0        0        0        0        0
   14100        0        0        0   216.77  246.189  2806.56  546.299  3352.85  2347.46  2445.34 0.740254 -2.79051  2.37142  2090.46  2360.87  2.72237  186.473    0.001   144.42  96.3438  97.8453  97.3581        0        0        0        0        0
   14000        0        0        0   217.96  243.251  2840.71  565.323  3406.03  2350.51   2443.9  0.70932 -6.65897  2.41127  2088.24  2356.91   2.7286  183.834    0.001  144.544  96.7751  97.9633  96.8443        0        0        0        0        0
   13900        0        0        0   219.11  238.067  2869.46  586.783  3456.24  2353.11  2442.32 0.680903 -9.75949  2.44648  2086.17  2353.19  2.73435  179.963    0.001   144.34  97.2265  98.0145  96.4015        0        0        0        0        0
   13800        0        0        0   220.22   231.87  2906.63  605.078  3511.71  2355.27  2440.62 0.655109 -12.4023  2.47735  2084.24  2349.69   2.7397  175.133    0.001  143.927  97.6208  97.9853  95.9929        0        0        0        0        0
   13700        0        0        0  221.294   227.38  2927.69  625.134  3552.82  2357.01  2438.81 0.631901 -14.7287  2.50423  2082.42  2346.37  2.74474  171.446    0.001  143.382  97.9213  97.8759   95.593        0        0        0        0        0
   13600        0        0        0  222.336  223.849  2955.87  644.003  3599.87  2358.37  2436.93 0.611154  -16.762  2.52752   2080.7  2343.21  2.74952  168.602    0.001  142.753  98.1153  97.7007  95.2638        0        0        0        0        0
   13500        0        0        0   223.35  227.457  2984.08  656.483  3640.57  2359.41  2435.02 0.592707 -18.4397  2.54763  2079.07  2340.19  2.75409  170.829    0.001  142.075  98.2043  97.5016  95.0219        0        0        0        0        0
   13400        0        0        0  224.335  235.387  3014.38  671.188  3685.56  2360.17   2433.1 0.576355 -19.4877  2.56494  2077.52  2337.32  2.75848  176.858    0.001  141.368  98.1977  97.2671  94.7237        0        0        0        0        0
   13300        0        0        0  225.294  232.154   3043.8  682.754  3726.55  2360.67  2431.15 0.561883 -20.0715  2.57981  2076.05  2334.58   2.7627  175.406    0.001  140.648  98.1068  96.9841  94.3774        0        0        0        0        0
   13200        0        0        0   228.87  255.078  3092.52  693.799  3786.32  2353.64  2429.29 0.606363 -20.6071  2.51853  2113.27  2375.06  2.65312  210.981    0.001  133.377  98.0671  96.5405  94.0384        0        0        0        0        0
   13100        0        0        0  231.149  262.227   3147.8  698.515  3846.32  2347.93   2428.3 0.644503 -19.9901  2.46235  2122.29  2383.48  2.62408   217.93    0.001  127.678  98.1243  96.2486  93.8436        0        0        0        0        0
   13000        0        0        0  232.996  268.558  3195.48  704.005  3899.49  2343.09  2427.65 0.678118 -18.9616  2.41206  2126.67  2386.84  2.60906  224.221    0.001  123.236  98.4181  96.2137  93.7996        0        0        0        0        0
   12900        0        0        0  234.488  275.305  3258.77  708.224     3967  2338.93  2427.15 0.707694 -17.7324  2.36761  2129.66  2388.91   2.5982  230.565    0.001  119.771  98.8345    96.35   93.901        0        0        0        0        0
   12800        0        0        0  235.632  282.163   3330.8  713.474  4044.27  2335.33  2426.77 0.733707 -16.3747  2.32854  2131.88   2390.4  2.58995   236.96    0.001  117.088  99.2823  96.5781  94.1204        0        0        0        0        0
   12700        0        0        0  236.663  284.612  3397.68  719.414   4117.1  2332.22  2426.49 0.756663 -15.0226  2.29425  2133.72  2391.59  2.58243  239.893    0.001  114.986    99.76  96.8653  94.4249        0        0        0        0        0
   12600        0        0        0  237.794  283.869  3445.76   726.77  4172.53  2329.54  2426.29 0.776828 -13.9399  2.26412   2135.5  2392.58  2.57446  239.813    0.001  113.334  100.282  97.2247  94.7945        0        0        0        0        0
   12500        0        0        0  238.976  283.686  3496.31  734.781  4231.09  2327.24  2426.16 0.794498 -13.1996  2.23761  2137.21  2393.47  2.56674   239.86    0.001  112.072   100.83  97.6373  95.2157        0        0        0        0        0
   12400        0        0        0   240.19  283.662  3544.75  740.691  4285.44  2325.27  2426.09 0.809972  -12.718  2.21421  2138.88  2394.28  2.55932  240.096    0.001  111.114  101.383  98.0737  95.6014        0        0        0        0        0
   12300        0        0        0  241.429  282.209  3604.02  746.048  4350.07  2323.58  2426.06 0.823514 -12.4816  2.19352  2140.52  2395.04  2.55216  239.172    0.001  110.392  101.914  98.4813  95.9937        0        0        0        0        0
   12200        0        0        0  242.693  279.683  3677.56  752.658  4430.22  2322.12  2426.05  0.83536 -12.5303  2.17518  2142.14  2395.75  2.54521  237.219    0.001  109.853    102.4  98.8702  96.4109        0        0        0        0        0
   12100        0        0        0  243.982  278.833   3760.1  761.117  4521.21  2320.87  2426.08  0.84571  -12.826  2.15889  2143.72  2396.41  2.53843  236.437    0.001  109.457  102.852  99.2541  96.8361        0        0        0        0        0
   12000        0        0        0  245.298   279.06  3851.63  765.917  4617.55  2319.81  2426.13 0.854732 -13.2297   2.1444  2145.28  2397.02  2.53177  236.678    0.001  109.173  103.294  99.6508  97.2628        0        0        0        0        0
   11900        0        0        0  246.639  280.354  3948.39  773.833  4722.23  2318.91   2426.2 0.862571 -13.6618  2.13148  2146.82   2397.6  2.52521  237.806    0.001   108.98  103.736  100.057  97.6899        0        0        0        0        0
   11800        0        0        0  248.004  282.426  4051.72  780.869  4832.58  2318.15   2426.3  0.86935 -14.0497  2.11996  2148.35  2398.15  2.51871  239.649    0.001   108.86  104.178  100.469  98.1155        0        0        0        0        0
   11700        0        0        0  249.394  292.692  4168.66  788.057  4956.71  2317.52  2426.41 0.875179 -14.2124  2.10967  2149.87  2398.67  2.51225  247.919    0.001  108.802  104.612  100.885  98.5381        0        0        0        0        0
   11600        0        0        0  237.207  265.738  4265.28  808.214  5073.49  2322.74  2426.35 0.832576 -14.5054  2.16458  2105.27  2357.45  2.69192  205.488    0.001  120.446  101.612   98.592   98.489        0        0        0        0        0
   11500        0        0        0  232.927  246.954   4352.8  841.054  5193.85  2326.72  2425.68 0.799768 -17.2583  2.21768  2097.11  2351.95  2.71619  188.972    0.001  127.351  97.8318  96.2336  97.5344        0        0        0        0        0
   11400        0        0        0   232.21   221.56   4427.4  876.796   5304.2  2330.35  2424.86 0.768065 -21.2912  2.26874  2092.79  2347.54  2.72302   167.95    0.001  131.267  95.5035  95.1283   96.284        0        0        0        0        0
   11300        0        0        0  232.813  209.696     4495  909.461  5404.46  2333.77  2423.91 0.736297 -25.8597  2.31693  2089.68  2343.27  2.72881  156.815    0.001    133.5  94.6021   94.852  95.2003        0        0        0        0        0
   11200        0        0        0  233.846   205.42  4557.78  940.465  5498.24  2336.96  2422.84 0.705044 -29.9653  2.36143   2087.1  2339.19  2.73461  152.742    0.001  134.716  94.4621  94.8959  94.4894        0        0        0        0        0
   11100        0        0        0  234.986  197.283  4599.86  970.379  5570.24  2339.86  2421.66 0.675077 -33.4378  2.40176  2084.82  2335.38  2.74015  146.514    0.001  135.276  94.7148   95.047  93.9366        0        0        0        0        0
   11000        0        0        0  236.122  187.293  4632.56  999.057  5631.61  2342.43  2420.36 0.646978 -36.5989  2.43776  2082.75  2331.84  2.74529  138.543    0.001  135.408  95.1314  95.1748  93.5021        0        0        0        0        0
   10900        0        0        0  237.229  181.629  4674.32  1029.43  5703.74  2344.64  2418.96 0.621084 -39.5237  2.46954  2080.85  2328.53  2.75004  133.565    0.001  135.263  95.4542  95.2191  93.1326        0        0        0        0        0
   10800        0        0        0   238.31  178.415  4727.65  1056.67  5784.31  2346.48  2417.46 0.597531 -42.0804  2.49736  2079.09  2325.42  2.75447  130.769    0.001  134.933  95.6383  95.1989  92.7918        0        0        0        0        0
   10700        0        0        0  239.371  174.181  4779.17  1083.52  5862.69  2347.98  2415.87 0.576308 -44.3145  2.52155  2077.44  2322.46  2.75867  127.396    0.001  134.483   95.786  95.1254  92.4606        0        0        0        0        0
   10600        0        0        0   240.41  169.482  4826.23  1110.01  5936.25  2349.16  2414.21 0.557317 -46.3769  2.54248  2075.87  2319.64  2.76268   123.56    0.001  133.954  95.8771  95.0085  92.1292        0        0        0        0        0
   10500        0        0        0  241.423  166.664  4872.94  1136.09  6009.03  2350.04  2412.49 0.540411 -48.3123  2.56052  2074.39  2316.94  2.76653  121.046    0.001  133.377  95.9014  94.8461  91.8498        0        0        0        0        0
   10400        0        0        0  242.411  164.948     4919  1159.88  6078.87  2350.68  2410.77 0.525426 -50.0724  2.57602  2072.98  2314.37  2.77022  119.507    0.001  132.773  95.8585  94.6533  91.6571        0        0        0        0        0
   10300        0        0        0  243.374  163.853  4971.65   1181.4  6153.06   2351.1  2409.05 0.512176   -51.66  2.58932  2071.64   2311.9  2.77378  118.489    0.001  132.155  95.7532  94.4347  91.4227        0        0        0        0        0
   10200        0        0        0  244.312  162.654  5023.43  1202.79  6226.22  2351.34  2407.32 0.500468 -53.0922  2.60071  2070.36  2309.55  2.77722  117.496    0.001  131.535  95.5926  94.1782  91.1411        0        0        0        0        0
   10100        0        0        0  245.228  160.328  5058.95  1221.26  6280.21   2351.4  2405.58  0.49012 -54.4476  2.61045  2069.13  2307.28  2.78054  115.591    0.001  130.929  95.4063  93.8845  90.8226        0        0        0        0        0
   10000        0        0        0  246.121  157.649  5100.89  1239.14  6340.04  2351.31  2403.82 0.480965 -55.7901  2.61877  2067.95  2305.08  2.78378  113.383    0.001  130.334  95.2486  93.5598  90.4744        0        0        0        0        0
    9900        0        0        0  246.988   154.79  5153.55  1256.45  6410.01  2351.09  2402.06 0.472852 -57.1471  2.62587  2066.79  2302.94  2.78693   111.01    0.001  129.753  95.0964  93.2115  90.1026        0        0        0        0        0
    9800        0        0        0   247.83  151.794  5204.97  1272.37  6477.34  2350.76  2400.29 0.465647 -58.5329  2.63194  2065.67  2300.87  2.78998  108.511    0.001  129.187  94.9395  92.8454  89.7128        0        0        0        0        0
    9700        0        0        0  248.648  148.686   5263.4  1286.91  6550.31  2350.34  2398.51 0.459234 -59.9568  2.63712  2064.57  2298.86  2.79295  105.906    0.001  128.635  94.7485  92.4659  89.3095        0        0        0        0        0
    9600        0        0        0  249.447  145.488  5322.31  1300.09   6622.4  2349.83  2396.73 0.453505 -61.4246  2.64155  2063.49  2296.89  2.79584  103.214    0.001  128.098  94.5026  92.0754  88.8965        0        0        0        0        0
    9500        0        0        0  250.231  142.214  5376.71  1311.94  6688.65  2349.25  2394.95 0.448371 -62.9395  2.64532  2062.44  2294.97  2.79866  100.444    0.001  127.573  94.2169  91.7362  88.5164        0        0        0        0        0
    9400        0        0        0  250.997  139.765  5414.21  1326.14  6740.35  2348.64  2393.22 0.443771 -64.4861  2.64855  2061.42  2293.12  2.80142  98.2535    0.001  127.062  93.9055  91.4783  88.2759        0        0        0        0        0
    9300        0        0        0  251.739  137.798  5452.46   1338.2  6790.66  2348.01  2391.55 0.439645 -66.0194  2.65131  2060.46  2291.34  2.80407   96.486    0.001  126.565  93.5798  91.2141  88.0279        0        0        0        0        0
    9200        0        0        0  252.461   136.09  5491.71  1349.44  6841.15  2347.36  2389.93 0.435927 -67.5237  2.65367  2059.53  2289.64  2.80664   94.934    0.001  126.083  93.2448  90.9216  87.7555        0        0        0        0        0
    9100        0        0        0  253.166  134.556  5539.01  1358.27  6897.28   2346.7  2388.36  0.43256 -68.9931   2.6557  2058.64  2287.99  2.80914  93.5298    0.001  125.614  92.9027  90.6102  87.4624        0        0        0        0        0
    9000        0        0        0   253.86  133.162  5588.43  1363.71  6952.14  2346.02  2386.81 0.429493 -70.4251  2.65743  2057.77  2286.38  2.81157  92.2452    0.001  125.157  92.5551  90.2851  87.1525        0        0        0        0        0
    8900        0        0        0  254.543  131.901  5627.16  1369.82  6996.98  2345.33  2385.28 0.426682 -71.8183  2.65891  2056.91  2284.79  2.81397  91.0732    0.001  124.709  92.2034  89.9499  86.8296        0        0        0        0        0
    8800        0        0        0  255.219  130.745  5677.42  1375.13  7052.55  2344.63  2383.77 0.424092 -73.1713  2.66018  2056.06  2283.23  2.81632  89.9939    0.001  124.261  91.8814  89.6071  86.4966        0        0        0        0        0
    8700        0        0        0  255.884  129.675  5735.21  1379.64  7114.86  2343.91  2382.27 0.421691 -74.4839  2.66128  2055.22  2281.69  2.81865  88.9921    0.001  123.816  91.6649  89.2603  86.1561        0        0        0        0        0
    8600        0        0        0  256.534  128.684  5798.23  1383.66  7181.89  2343.18  2380.79 0.419455 -75.7558  2.66222  2054.39  2280.18  2.82093  88.0604    0.001  123.376  91.4796  88.9138  85.8109        0        0        0        0        0
    8500        0        0        0   257.17  127.763   5855.1  1387.19  7242.28  2342.45  2379.31 0.417363 -76.9871  2.66302  2053.57  2278.69  2.82316   87.191    0.001  122.944  91.2535   88.578  85.4639        0        0        0        0        0
    8400        0        0        0  257.794  127.375   5915.5  1390.69  7306.19  2341.71  2377.85 0.415403 -78.1688  2.66372  2052.77  2277.23  2.82533  86.7245    0.001  122.532  90.9941  88.3157  85.2012        0        0        0        0        0
    8300        0        0        0  258.401  127.336  5964.58  1390.79  7355.37     2341  2376.46  0.41358 -79.2753  2.66431     2052  2275.83  2.82745  86.5716    0.001  122.143   90.717  88.1092  85.0231        0        0        0        0        0
    8200        0        0        0  258.988  127.531  6018.17  1390.91  7409.08   2340.3  2375.12 0.411881 -80.2977  2.66483  2051.27   2274.5  2.82948   86.624    0.001  121.774  90.4327  87.8941  84.8306        0        0        0        0        0
    8100        0        0        0  259.556   127.93  6068.76  1391.01  7459.77  2339.63  2373.83 0.410291 -81.2318  2.66527  2050.57  2273.22  2.83144  86.8576    0.001   121.42  90.1456  87.6604  84.6212        0        0        0        0        0
    8000        0        0        0   260.11  128.495   6127.4   1391.4   7518.8  2338.97  2372.59 0.408794 -82.0755  2.66565  2049.89  2271.98  2.83334  87.2426    0.001  121.079  89.8577  87.4153  84.3973        0        0        0        0        0
    7900        0        0        0  260.653  129.279  6176.96  1392.05  7569.01  2338.32  2371.37 0.407377 -82.8267  2.66598  2049.23  2270.77  2.83519  87.8168    0.001  120.749  89.5701  87.1625  84.1619        0        0        0        0        0
    7800        0        0        0  261.186   130.24  6228.91  1393.54  7622.44  2337.68  2370.18 0.406029 -83.4817  2.66627  2048.58  2269.58  2.83701  88.5549    0.001  120.428  89.2838  86.9043  83.9178        0        0        0        0        0
    7700        0        0        0  261.712  131.362   6283.2  1394.85  7678.05  2337.05     2369 0.404741 -84.0393  2.66651  2047.94   2268.4  2.83879  89.4408    0.001  120.114  88.9993  86.6424   83.667        0        0        0        0        0
    7600        0        0        0  262.231  132.657  6335.48  1396.98  7732.46  2336.42  2367.84 0.403504 -84.4974  2.66673   2047.3  2267.24  2.84055  90.4857    0.001  119.808   88.717  86.3781  83.4114        0        0        0        0        0
    7500        0        0        0  262.744  134.093  6382.52   1399.9  7782.41   2335.8  2366.69 0.402311  -84.855  2.66691  2046.67   2266.1  2.84228  91.6641    0.001  119.507  88.4888  86.1126  83.1523        0        0        0        0        0
    7400        0        0        0  263.246  134.524  6426.33   1403.6  7829.92  2335.18  2365.55 0.401159 -85.1332  2.66707  2046.04  2264.97  2.84399  92.1281    0.001  119.212  88.3264  85.8489  82.8913        0        0        0        0        0
    7300        0        0        0  263.734   134.38  6468.77  1406.05  7874.82  2334.56  2364.41 0.400044 -85.3916  2.66721  2045.42  2263.86  2.84566  92.0801    0.001  118.925  88.1887  85.5892  82.6302        0        0        0        0        0
    7200        0        0        0  264.208  133.946  6507.51  1407.26  7914.77  2333.95  2363.29 0.398964 -85.6526  2.66733  2044.81  2262.77  2.84728  91.7854    0.001  118.646  88.0451  85.3417  82.3708        0        0        0        0        0
    7100        0        0        0  264.667  133.316  6545.53  1409.63  7955.16  2333.34  2362.19 0.397921 -85.9263  2.66743  2044.22  2261.71  2.84885  91.3219    0.001  118.376  87.8738  85.1411  82.1509        0        0        0        0        0
    7000        0        0        0  265.113  132.542  6591.17  1417.14  8008.32  2332.76  2361.13 0.396925 -86.2168  2.66752  2043.64  2260.69  2.85038  90.7321    0.001  118.114  87.6865  84.9795  82.0172        0        0        0        0        0
    6900        0        0        0  265.543   131.67  6636.78  1424.59  8061.37   2332.2  2360.13 0.395982 -86.5261  2.66759   2043.1  2259.73  2.85184  90.0529    0.001  117.861  87.4916   84.843  81.9055        0        0        0        0        0
    6800        0        0        0  265.956  130.722  6684.16  1427.64   8111.8  2331.67  2359.18 0.395088 -86.8556  2.66766   2042.6  2258.81  2.85323  89.3029    0.001  117.618  87.2942  84.7073  81.7814        0        0        0        0        0
    6700        0        0        0  266.356  129.723  6731.95   1431.9  8163.85  2331.16  2358.27 0.394237 -87.2059  2.66772  2042.11  2257.94  2.85457  88.5016    0.001  117.383  87.0966  84.5566  81.6466        0        0        0        0        0
    6600        0        0        0  266.746  128.704  6779.01  1439.24  8218.25  2330.67   2357.4 0.393422 -87.5764  2.66777  2041.65  2257.09  2.85587  87.6764    0.001  117.157  86.8997  84.3966   81.502        0        0        0        0        0
    6500        0        0        0  267.127  127.652  6828.91  1445.27  8274.18  2330.19  2356.55 0.392638 -87.9664  2.66781   2041.2  2256.27  2.85714  86.8186    0.001  116.937  86.7038  84.2305  81.3493        0        0        0        0        0
    6400        0        0        0  267.501  126.905  6879.36  1451.57  8330.94  2329.73  2355.72 0.391881 -88.3696  2.66785  2040.75  2255.46  2.85837  86.1783    0.001  116.723  86.5093  84.0603  81.1902        0        0        0        0        0
    6300        0        0        0   267.87  126.335  6929.02  1456.49  8385.51  2329.27  2354.91 0.391147 -88.7689  2.66788  2040.31  2254.67  2.85959  85.6951    0.001  116.513  86.3165  83.8873  81.0262        0        0        0        0        0
    6200        0        0        0  268.233  125.868   6970.7  1460.93  8431.62  2328.82  2354.12 0.390432 -89.1579  2.66791  2039.88  2253.88  2.86078  85.2968    0.001  116.307  86.1255  83.7124  80.8585        0        0        0        0        0
    6100        0        0        0  268.593  125.493  7011.55  1464.87  8476.41  2328.38  2353.33 0.389734 -89.5328  2.66794  2039.45  2253.11  2.86196  84.9762    0.001  116.098  85.9362  83.5361  80.6881        0        0        0        0        0
    6000        0        0        0   268.95  125.179  7063.31  1468.32  8531.63  2327.95  2352.55  0.38905 -89.8919  2.66796  2039.02  2252.34  2.86313  84.7081    0.001  115.885   85.748  83.3584  80.5157        0        0        0        0        0
    5900        0        0        0  269.307  124.911  7113.18  1473.93   8587.1  2327.51  2351.77 0.388378 -90.2343  2.66798   2038.6  2251.57  2.86429  84.4817    0.001  115.672  85.5606  83.1796  80.3416        0        0        0        0        0
    5800        0        0        0  269.662  124.682  7156.83  1478.09  8634.92  2327.08  2351.01 0.387716 -90.5601  2.66799  2038.18  2250.81  2.86544  84.2892    0.001  115.459  85.3796  82.9999  80.1664        0        0        0        0        0
    5700        0        0        0  270.017  124.484  7210.26   1482.2  8692.47  2326.66  2350.24 0.387062 -90.8693  2.66801  2037.76  2250.05  2.86659  84.1257    0.001  115.246  85.2421  82.8201  79.9902        0        0        0        0        0
    5600        0        0        0  270.366  124.316  7265.44  1486.42  8751.86  2326.23  2349.48 0.386417 -91.1622  2.66802  2037.34   2249.3  2.86773  83.9885    0.001  115.035  85.1294  82.6417  79.8137        0        0        0        0        0
    5500        0        0        0  270.709  124.174   7310.7  1490.73  8801.43  2325.81  2348.73 0.385779 -91.4388  2.66803  2036.92  2248.56  2.86884  83.8745    0.001  114.826  85.0267  82.4655  79.6375        0        0        0        0        0
    5400        0        0        0  271.046  123.273   7356.6  1495.35  8851.95  2325.39  2347.97  0.38515 -91.7143  2.66804  2036.51  2247.83  2.86994  83.2003    0.001  114.621  84.9274  82.2916  79.4623        0        0        0        0        0
    5300        0        0        0  271.377  121.912  7409.99  1500.28  8910.26  2324.97  2347.23  0.38453 -92.0299  2.66805  2036.11   2247.1  2.87102  82.1087    0.001  114.422  84.8287  82.1358  79.2904        0        0        0        0        0
    5200        0        0        0    271.7  120.302  7450.99  1502.18  8953.17  2324.56  2346.49 0.383921 -92.4009  2.66805  2035.71   2246.4  2.87208  80.7959    0.001  114.236    84.73  81.9991  79.1439        0        0        0        0        0
    5100        0        0        0  272.012  118.533  7504.95  1504.99  9009.94  2324.16  2345.78 0.383332 -92.8319  2.66806  2035.32  2245.72  2.87311  79.3384    0.001  114.061  84.6246  81.8824  79.0489        0        0        0        0        0
    5000        0        0        0  272.312  116.624  7565.11   1508.7  9073.81  2323.78  2345.11 0.382769 -93.3246  2.66806  2034.96  2245.07  2.87409  77.7505    0.001  113.896  84.5082  81.7829  78.9803        0        0        0        0        0
    4900        0        0        0    272.6  114.629  7626.64   1511.3  9137.94  2323.42  2344.48 0.382234 -93.8796  2.66807  2034.62  2244.46  2.87504   76.075    0.001  113.738  84.3865  81.6945  78.9191        0        0        0        0        0
    4800        0        0        0  272.876  112.551  7683.91  1513.43  9197.34  2323.08  2343.88 0.381725 -94.4955  2.66807  2034.29  2243.87  2.87594   74.319    0.001  113.587  84.2629  81.6088  78.8472        0        0        0        0        0
    4700        0        0        0  273.142  110.408   7735.2  1515.07  9250.27  2322.75  2343.31 0.381238  -95.172  2.66808  2033.99  2243.32   2.8768  72.4948    0.001  113.443  84.1391  81.5219  78.7679        0        0        0        0        0
    4600        0        0        0  273.399  108.234  7795.26  1518.67  9313.93  2322.44  2342.76 0.380771 -95.9066  2.66808  2033.69  2242.79  2.87764  70.6325    0.001  113.305  84.0163  81.4329  78.6838        0        0        0        0        0
    4500        0        0        0  273.648  106.005  7857.04  1523.22  9380.26  2322.14  2342.23 0.380321 -96.6977  2.66808  2033.41  2242.27  2.87845  68.7149    0.001  113.172   83.895  81.3422  78.5961        0        0        0        0        0
    4400        0        0        0  273.891  104.127   7919.4  1526.01  9445.41  2321.84  2341.71 0.379886 -97.5367  2.66808  2033.13  2241.77  2.87923  67.0437    0.001  113.043  83.7756  81.2498  78.5058        0        0        0        0        0
    4300        0        0        0  274.127  102.445  7979.36  1528.64  9507.99  2321.56  2341.21 0.379466 -98.4016  2.66808  2032.86  2241.29     2.88  65.5435    0.001  112.918  83.6581  81.1562  78.4136        0        0        0        0        0
    4200        0        0        0  274.358  100.862  8043.75  1530.79  9574.55  2321.28  2340.72 0.379058 -99.2842  2.66809   2032.6  2240.81  2.88075  64.1226    0.001  112.797  83.5426  81.0589  78.3195        0        0        0        0        0
    4100        0        0        0  274.585  99.3595  8112.16  1533.68  9645.84  2321.01  2340.24 0.378661 -100.179  2.66809  2032.34  2240.34  2.88149  62.7663    0.001  112.679  83.4289  80.9589  78.2235        0        0        0        0        0
    4000        0        0        0  274.809  97.9034  8180.96  1535.19  9716.15  2320.74  2339.76 0.378274 -101.085  2.66809  2032.08  2239.87  2.88221  61.4474    0.001  112.564   83.317  80.8575  78.1257        0        0        0        0        0
    3900        0        0        0  275.029  96.4781  8252.54  1535.32  9787.86  2320.47   2339.3 0.377895 -101.999  2.66809  2031.82  2239.41  2.88293  60.1529    0.001   112.45  83.2067  80.7555  78.0266        0        0        0        0        0
    3800        0        0        0  275.246  95.0728  8322.62  1537.11  9859.73  2320.21  2338.83 0.377524 -102.921  2.66809  2031.57  2238.96  2.88363  58.8739    0.001  112.339  83.0979  80.6531  77.9265        0        0        0        0        0
    3700        0        0        0   275.46  93.0611  8396.81  1539.25  9936.06  2319.95  2338.37 0.377159 -103.855  2.66809  2031.32  2238.51  2.88433  57.1834    0.001  112.229  82.9905  80.5507  77.8258        0        0        0        0        0
    3600        0        0        0  275.672  89.3824  8468.44  1541.72  10010.2  2319.69  2337.92   0.3768 -104.876  2.66809  2031.07  2238.06  2.88502  54.0923    0.001  112.121  82.8846  80.4485  77.7248        0        0        0        0        0
    3500        0        0        0  275.882  84.9911  8539.09   1542.6  10081.7  2319.44  2337.47 0.376446 -106.045  2.66809  2030.82  2237.62   2.8857  50.3749    0.001  112.015  82.7799  80.3467  77.6237        0        0        0        0        0
    3400        0        0        0  276.089  80.3481  8605.59  1544.69  10150.3  2319.19  2337.02 0.376098 -107.375  2.66809  2030.57  2237.19  2.88638  46.3936    0.001   111.91  82.6766  80.2452  77.5227        0        0        0        0        0
    3300        0        0        0  276.295  75.4552  8662.54  1546.63  10209.2  2318.94  2336.58 0.375753 -108.864  2.66809  2030.33  2236.75  2.88704  42.1852    0.001  111.806  82.5744  80.1443  77.4219        0        0        0        0        0
    3200        0        0        0  276.499  70.9253  8720.58  1548.43    10269  2318.69  2336.14 0.375414 -110.505  2.66809  2030.09  2236.32  2.88771  38.1588    0.001  111.703  82.4734  80.0439  77.3216        0        0        0        0        0
    3100        0        0        0  276.701  67.8292  8776.96  1550.48  10327.4  2318.44   2335.7 0.375078 -112.222   2.6681  2029.85   2235.9  2.88836  35.3121    0.001  111.602  82.3735  79.9442  77.2217        0        0        0        0        0
    3000        0        0        0  276.901  65.2364  8836.31  1552.79  10389.1   2318.2  2335.26 0.374746 -113.957   2.6681  2029.61  2235.47  2.88901    32.89    0.001  111.501  82.2754  79.8452  77.1223        0        0        0        0        0
    2900        0        0        0    277.1  62.9953  8896.06  1554.39  10450.4  2317.95  2334.83 0.374417 -115.685   2.6681  2029.37  2235.05  2.88965   30.763    0.001  111.402  82.1946  79.7471  77.0235        0        0        0        0        0
    2800        0        0        0  277.294  61.0011  8956.14  1556.38  10512.5  2317.71   2334.4 0.374092 -117.394   2.6681  2029.13  2234.64  2.89029  28.8474    0.001  111.304  82.1272  79.6504  76.9255        0        0        0        0        0
    2700        0        0        0  277.485  59.0003   9009.2   1557.8    10567  2317.47  2333.98 0.373772  -119.08   2.6681   2028.9  2234.23  2.89092  26.9601    0.001  111.208  82.0662  79.5556  76.8286        0        0        0        0        0
    2600        0        0        0  277.671  56.6332     9053  1561.57  10614.6  2317.24  2333.56 0.373456 -120.763   2.6681  2028.67  2233.83  2.89153  24.7696    0.001  111.113  82.0081  79.4625  76.7329        0        0        0        0        0
    2500        0        0        0  277.853  54.1571  9109.08  1561.61  10670.7     2317  2333.14 0.373146 -122.458   2.6681  2028.44  2233.43  2.89213  22.4847    0.001  111.021  81.9512  79.3713  76.6386        0        0        0        0        0
    2400        0        0        0  278.031  51.6513  9167.02  1562.04  10729.1  2316.77  2332.73 0.372841 -124.171   2.6681  2028.22  2233.05  2.89272  20.1682    0.001  110.931  81.8946  79.2818  76.5459        0        0        0        0        0
    2300        0        0        0  278.205  49.1182  9222.87   1563.1    10786  2316.54  2332.33 0.372542 -125.903   2.6681     2028  2232.67   2.8933  17.8274    0.001  110.843  81.8378  79.1954  76.4547        0        0        0        0        0
    2200        0        0        0  278.376  46.7299   9272.1  1564.78  10836.9  2316.31  2331.93 0.372248 -127.652   2.6681  2027.79   2232.3  2.89386  15.5785    0.001  110.758  81.7807  79.1162  76.3664        0        0        0        0        0
    2100        0        0        0  278.542  44.7833  9328.39  1566.52  10894.9  2316.09  2331.54 0.371961 -129.397   2.6681  2027.58  2231.93  2.89442  13.6983    0.001  110.674  81.7234  79.0413  76.2817        0        0        0        0        0
    2000        0        0        0  278.705   43.016  9384.51  1568.32  10952.8  2315.88  2331.16 0.371682 -131.121   2.6681  2027.37  2231.58  2.89496  11.9734    0.001  110.592  81.6658   78.971  76.2154        0        0        0        0        0
    1900        0        0        0  278.863  41.3843  9439.77  1569.65  11009.4  2315.67   2330.8 0.371414 -132.818   2.6681  2027.18  2231.24  2.89548  10.3664    0.001  110.512  81.6082   78.909  76.1681        0        0        0        0        0
    1800        0        0        0  279.017  39.8572     9496     1571    11067  2315.47  2330.45  0.37116 -134.484   2.6681  2026.99  2230.91  2.89599  8.85232    0.001  110.434  81.5508  78.8543   76.131        0        0        0        0        0
    1700        0        0        0  279.165   38.312  9553.51  1571.54  11125.1  2315.28  2330.13  0.37092 -136.118   2.6681  2026.81   2230.6  2.89648  7.34422    0.001  110.359  81.4939  78.8052  76.0999        0        0        0        0        0
    1600        0        0        0  279.307  36.5602  9608.19  1572.52  11180.7  2315.11  2329.82 0.370693 -137.731   2.6681  2026.64  2230.31  2.89696  5.66719    0.001  110.287  81.4374  78.7601  76.0726        0        0        0        0        0
    1500        0        0        0  279.444  34.7513  9662.38  1573.42  11235.8  2314.94  2329.53 0.370479 -139.333   2.6681  2026.49  2230.03  2.89741  3.94286    0.001  110.217  81.3816   78.718  76.0479        0        0        0        0        0
    1400        0        0        0  279.575  32.9009  9717.03  1576.05  11293.1  2314.79  2329.26 0.370278 -140.927   2.6681  2026.34  2229.76  2.89785  2.18507    0.001   110.15  81.3264  78.6782  76.0251        0        0        0        0        0
    1300        0        0        0  279.702  31.0257  9767.84  1578.01  11345.8  2314.64  2329.01 0.370088 -142.515   2.6681   2026.2  2229.51  2.89827 0.406538    0.001  110.085  81.2719  78.6399  76.0019        0        0        0        0        0
    1200        0        0        0  279.823  29.4389  9806.84  1579.32  11386.2   2314.5  2328.77 0.369909 -144.097   2.6681  2026.07  2229.27  2.89867  -1.1768    0.001  110.023  81.2181  78.6017  75.9732        0        0        0        0        0
    1100        0        0        0  279.941  28.6657  9848.93  1580.05    11429  2314.36  2328.53 0.369738 -145.635   2.6681  2025.94  2229.04  2.89907 -2.07518    0.001  109.963  81.1648  78.5622  75.9404        0        0        0        0        0
    1000        0        0        0  280.055  28.2406  9893.17  1580.34  11473.5  2314.23  2328.31 0.369575   -147.1   2.6681  2025.82  2228.81  2.89945 -2.66746    0.001  109.905  81.1121  78.5216  75.9046        0        0        0        0        0
     900        0        0        0  280.166  28.1884  9937.06  1580.86  11517.9  2314.11  2328.09 0.369418  -148.48   2.6681  2025.69  2228.59  2.89982 -2.94335    0.001  109.849  81.0598  78.4799  75.8667        0        0        0        0        0
     800        0        0        0  280.274  28.4152  9979.76   1583.9  11563.7  2313.98  2327.87 0.369267 -149.763   2.6681  2025.58  2228.38  2.90019 -2.96626    0.001  109.795  81.0079  78.4374   75.827        0        0        0        0        0
     700        0        0        0   280.38  28.9739  10024.8  1587.59  11612.3  2313.86  2327.66 0.369121 -150.944   2.6681  2025.46  2228.17  2.90054 -2.71245    0.001  109.742  80.9564  78.3944  75.7862        0        0        0        0        0
     600        0        0        0  280.484  30.0316    10060  1588.28  11648.3  2313.74  2327.45 0.368978 -152.007   2.6681  2025.35  2227.96   2.9009 -2.02263    0.001   109.69  80.9052  78.3508  75.7444        0        0        0        0        0
     500        0        0        0  280.586  31.3863  10094.9  1588.34  11683.2  2313.62  2327.24  0.36884  -152.94   2.6681  2025.23  2227.76  2.90124  -1.0619    0.001   109.64  80.8545  78.3071   75.702        0        0        0        0        0
     400        0        0        0  280.688  33.0651  10117.5  1590.38  11707.9  2313.51  2327.04 0.368705 -153.737   2.6681  2025.12  2227.56  2.90159 0.185231    0.001   109.59  80.8041  78.2631  75.6591        0        0        0        0        0
     300        0        0        0  280.787  35.0079  10150.9  1593.44  11744.4  2313.39  2326.84 0.368572 -154.393   2.6681  2025.01  2227.36  2.90193  1.67853    0.001  109.541  80.7542  78.2191  75.6159        0        0        0        0        0
     200        0        0        0  280.886  37.4549  10177.8  1597.03  11774.8  2313.28  2326.64 0.368442 -154.903   2.6681  2024.89  2227.16  2.90227  3.57395    0.001  109.493  80.7047  78.1751  75.5724        0        0        0        0        0
     100        0        0        0  280.983  40.8683  10219.7   1597.5  11817.2  2313.17  2326.44 0.368315 -155.232   2.6681  2024.78  2226.96   2.9026  6.30505    0.001  109.445  80.6557  78.1312  75.5289        0        0        0        0        0
       0        0        0        0   281.08  44.7962    10275  1597.88  11872.8  2313.05  2326.24 0.368189 -155.354   2.6681  2024.67  2226.77  2.90293  9.50313    0.001  109.398  80.6071  78.0874  75.4853        0        0        0        0        0