    20000         0         1         0   187.948   413.373   19.6574    5.7719   25.4293   2341.68   2425.58    0.6884   51.4486   2.49734   2048.25   2344.34   2.72726   327.415     0.001   107.636   92.0964   89.5112   88.8986         0         0         0         0         0
    19900         0         1         0   187.948    412.48   32.7377   12.7138   45.4515   2341.68   2425.58  0.688551   51.2975   2.49734   2048.25   2344.34   2.72741   326.617     0.001   107.636   92.0964   89.5112   88.8986         0         0         0         0         0
    19800         0         1         0   187.948   411.874   50.8434   20.8257   71.6691   2341.68   2425.58  0.688701   51.1513   2.49734   2048.25   2344.34   2.72756   326.033     0.001   107.636   92.0964   89.5112   88.8986         0         0         0         0         0
    19700         0         1         0   187.948   411.658   61.8651   26.4776   88.3427   2341.68   2425.58  0.688851   51.0257   2.49734   2048.25   2344.34    2.7277   325.754     0.001   107.636   92.0964   89.5112   88.8986         0         0         0         0         0
    19600         0         1         0   187.948    411.74   69.4248   29.9495   99.3742   2341.68   2425.58  0.689002   50.9365   2.49734   2048.25   2344.34   2.72785   325.728     0.001   107.636   92.0964   89.5112   88.8986         0         0         0         0         0
    19500         0         1         0   187.948   409.947   73.5573   30.9514   104.509   2341.68   2425.58  0.689152   50.8582   2.49734   2048.25   2344.34     2.728   324.491     0.001   107.636   92.0964   89.5112   88.8986         0         0         0         0         0
    19400         0         1         0   187.948   407.043   87.0544   34.5233   121.578   2341.68   2425.58  0.689302   50.6966   2.49734   2048.25   2344.34   2.72815   322.302     0.001   107.636   92.0964   89.5112   88.8986         0         0         0         0         0
    19300         0         1         0   187.948   404.385   98.9694   38.1252   137.095   2341.68   2425.58  0.689452   50.4261   2.49734   2048.25   2344.34    2.7283   320.176     0.001   107.636   92.0964   89.5112   88.8986         0         0         0         0         0
    19200         0         1         0   187.948   401.751   102.419   41.7571   144.176   2341.68   2425.58  0.689602   50.0674   2.49734   2048.25   2344.34   2.72845   318.081     0.001   107.636   92.0964   89.5112   88.8986         0         0         0         0         0
    19100         0         1         0   187.948   400.898   104.321    44.899    149.22   2341.68   2425.58  0.689752   49.6547   2.49734   2048.25   2344.34   2.72859    317.15     0.001   107.636   92.0964   89.5112   88.8986         0         0         0         0         0
    19000         0         1         0   187.948   401.116   105.505   48.8509   154.356   2341.68   2425.58  0.689901    49.277   2.49734   2048.25   2344.34   2.72874   317.126     0.001   107.636   92.0964   89.5112   88.8986         0         0         0         0         0
    18900         0         1         0   187.948   399.441   105.664   53.6128   159.277   2341.68   2425.58  0.690051   48.9325   2.49734   2048.25   2344.34   2.72889   315.925     0.001   107.636   92.0964   89.5112   88.8986         0         0         0         0         0
    18800         0         1         0   187.948   396.708   117.197   55.6346   172.831   2341.68   2425.58  0.690201   48.5231   2.49734   2048.25   2344.34   2.72904   313.802     0.001   107.636   92.0964   89.5112   88.8986         0         0         0         0         0
    18700      0.02         0      0.02   187.954   394.833   140.344   58.9504   199.295   2341.68   2425.58   0.69035   48.0348   2.49734   2048.35   2344.34   2.72993   311.986     0.001   107.636   92.0964   89.5112   88.8986         0         0         0         0         0
    18600         0         1         2    188.51   392.622   177.532   64.3403   241.872    2341.7   2425.58  0.690417   47.4979   2.49734   2048.89   2344.34   2.74049   309.483     0.001   107.634   92.0949   89.5092   88.8981         0         0         0         0         0
    18500      0.02         0      2.02   188.302   391.647   221.825   64.5219   286.347   2341.74   2425.58  0.690501    46.948   2.49734   2048.73   2344.34   2.73207   309.351     0.001   107.626   92.0887   89.5033   88.8955         0         0         0         0         0
    18400      0.02         0      4.02    188.78   389.596   233.579   65.6316    299.21   2341.79   2425.58  0.690505   46.3749   2.49734   2049.28   2344.34    2.7428   306.776     0.001   107.615     92.08   89.4958   88.8909         0         0         0         0         0
    18300      0.01         0      6.01   189.084   386.119   233.968   66.6959   300.664   2341.86   2425.58  0.690474   45.7469   2.49734   2049.56   2344.34   2.74426   304.318     0.001   107.597   92.0659   89.4833   88.8831         0         0         0         0         0
    18200         0         1         7    189.04   381.941   262.327   67.7157   330.043   2341.94   2425.58  0.690443   44.9944   2.49734   2049.45   2344.35    2.7397   301.609     0.001   107.573   92.0488    89.467   88.8716         0         0         0         0         0
    18100         0         1         7   188.791   378.628   314.459   69.0129   383.472      2342   2425.58  0.690463   44.1127   2.49734   2049.17   2344.35   2.73447   299.238     0.001   107.547   92.0354   89.4507   88.8572         0         0         0         0         0
    18000         0         1         7   188.671    375.37   361.949   69.6302   431.579   2342.04   2425.58  0.690541   43.1424   2.49734   2049.04   2344.35    2.7341   296.479     0.001   107.526   92.0265   89.4368   88.8421         0         0         0         0         0
    17900         0         1         7   188.598   374.556   401.933   70.5018   472.434   2342.06   2425.58   0.69067   42.1336   2.49734   2048.96   2344.35   2.73404   295.358     0.001   107.509   92.0211   89.4251   88.8276         0         0         0         0         0
    17800         0         1         7   188.547   375.247   439.825   72.2848    512.11   2342.08   2425.58   0.69083   41.2073   2.49734   2048.91   2344.35   2.73404   295.518     0.001   107.496    92.018   89.4151   88.8146         0         0         0         0         0
    17700      0.02         0      7.02   188.513   373.398   477.217   73.4922   550.709   2342.09   2425.58  0.691006   40.3617   2.49734   2048.97   2344.35   2.73479    293.94     0.001   107.487   92.0162   89.4068   88.8031         0         0         0         0         0
    17600      0.03         0      9.03   189.045   369.392   504.505   78.1722   582.677   2342.12   2425.58  0.691109   39.4449   2.49734   2049.62   2344.36   2.74631   289.828     0.001   107.478   92.0141   89.3978   88.7928         0         0         0         0         0
    17500      0.03         0     12.03   189.647   368.815    516.41     81.91    598.32   2342.19   2425.59   0.69111    38.467   2.49734   2050.29   2344.37   2.75368   288.512     0.001   107.462    92.007   89.3832   88.7812         0         0         0         0         0
    17400      0.03         0     15.03   192.888    401.96    542.86   83.0153   625.876   2336.67    2425.9  0.731245   36.7331   2.44051   2090.99   2389.43   2.67293   336.227     0.001   107.611   92.0822   89.3717   88.7292         0         0         0         0         0
    17300      0.03         0     18.03   194.128    411.79    570.01   84.4202    654.43   2332.74   2427.09   0.76418   36.5142   2.39082   2100.53    2399.4   2.65471   344.924     0.001   107.634   92.1736   89.4967   88.8669         0         0         0         0         0
    17200      0.04         0     21.04   194.931   417.608   604.688   86.5746   691.262   2329.71   2428.54  0.792771    36.711   2.34741   2105.53   2404.39   2.64682   349.861     0.001   107.526    92.276   89.7068   89.1412         0         0         0         0         0
    17100      0.05         0     25.05   195.978   420.752    658.29   89.2267   747.516   2327.31   2430.05  0.817835   37.0668    2.3095    2109.8   2408.14   2.64746   351.998     0.001   107.332   92.4067   89.9922    89.512         0         0         0         0         0
    17000      0.08         0     30.08     197.3   422.157   707.707   94.0268   801.733   2325.42   2431.56  0.839848   37.4495   2.27638   2113.88   2411.23   2.65056   352.574     0.001   107.094   92.5806   90.3447   89.9522         0         0         0         0         0
    16900      0.06         0     38.06   199.451   416.555   747.732   98.2008   845.933   2323.98   2433.03  0.859197   37.6867   2.24743   2118.21   2413.81   2.66575   347.233     0.001   106.839   92.8157   90.7481   90.4416         0         0         0         0         0
    16800      0.04         0     44.04   200.742   408.361   786.763   102.649   889.413   2322.92   2434.45  0.876181   37.5206    2.2221   2121.19   2415.96   2.65152   342.242     0.001   106.583   93.1139   91.1864   90.9622         0         0         0         0         0
    16700      0.04         0     48.04   201.579   399.425   827.458    108.96   936.418   2322.13   2435.81  0.890836   36.8858   2.19994    2123.5   2417.76   2.63483    336.06     0.001   106.351   93.4569   91.6615   91.5035         0         0         0         0         0
    16600      0.06         0     52.06   202.719   388.952    865.38   119.391   984.771   2321.55   2437.11  0.903421   35.7915   2.18051   2125.99   2419.26   2.63043   327.243     0.001   106.162   93.8512   92.1701   92.0324         0         0         0         0         0
    16500      0.07         0     58.07   204.608   388.983   907.203   123.136   1030.34   2321.18   2438.34  0.914312   34.4186   2.16347   2129.01   2420.52   2.63966   324.999     0.001   106.019   94.2876   92.6873   92.5133         0         0         0         0         0
    16400       0.1         0      65.1   206.693   396.673   963.186   130.411    1093.6      2321   2439.48  0.923818   33.4023    2.1485    2132.1   2421.57   2.64575   330.345     0.001   105.916   94.7495   93.2088    93.023         0         0         0         0         0
    16300      0.11         0     75.11    209.54   400.108   1027.59   133.388   1160.98   2321.03   2440.56   0.93213   32.8885   2.13534    2135.7   2422.44   2.66381   332.338     0.001   105.841   95.2121     93.73   93.5448         0         0         0         0         0
    16200      0.11         0     86.11   212.333   402.057   1095.73   140.499   1236.23   2321.26   2441.58  0.939444   32.6194   2.12376   2139.02   2423.18    2.6712   334.023     0.001   105.781   95.6362   94.2354   94.0643         0         0         0         0         0
    16100      0.11         0     97.11   214.879   391.977   1158.57   149.358   1307.92   2321.66   2442.55  0.945761   32.3221   2.11354   2141.96   2423.79   2.67187   327.247     0.001   105.728   96.0602   94.7172   94.5692         0         0         0         0         0
    16000       0.1         0     108.1   217.311    373.53   1209.34    155.75   1365.09   2322.18   2443.47  0.951121   31.3458   2.10453   2144.63   2424.32   2.67118   312.732     0.001   105.679   96.4859   95.1791   95.0526         0         0         0         0         0
    15900       0.1         0     118.1   219.388   364.088   1254.12   160.215   1414.33   2322.78   2444.34  0.955589   29.6406   2.09656   2146.92   2424.76   2.66453   304.581     0.001   105.638   96.9108   95.6218   95.4768         0         0         0         0         0
    15800      0.11         0    128.11   221.541   359.876   1301.25   161.034   1462.29   2323.44   2445.14  0.959233   27.7863    2.0895   2149.24   2425.15    2.6631   300.832     0.001   105.607   97.3354   96.0337   95.8202         0         0         0         0         0
    15700       0.1         0     139.1   224.017   356.584   1348.13   161.541   1509.68   2324.15   2445.89   0.96223   25.9859   2.08323   2151.72   2425.48   2.66693   297.769     0.001   105.586   97.7521   96.4233   96.1642         0         0         0         0         0
    15600       0.1         0     149.1     226.1   354.971   1396.15   164.882   1561.03    2324.9   2446.58  0.964661      24.3   2.07766   2153.81   2425.77   2.66025   296.981     0.001   105.572   98.1542   96.7963   96.5009         0         0         0         0         0
    15500       0.1         0     159.1   228.244    352.41   1443.61   169.596   1613.21   2325.68   2447.24  0.966522   22.7489   2.07269   2155.91   2426.03   2.65796   295.087     0.001   105.565   98.5448   97.1572   96.8264         0         0         0         0         0
    15400       0.1         0     169.1   230.412   349.419   1495.39   176.003    1671.4   2326.48   2447.86  0.967919   21.2651   2.06825      2158   2426.27   2.65578   292.762     0.001   105.566   98.9049   97.5046   97.1391         0         0         0         0         0
    15300      0.12         0    179.12   232.598   348.119   1554.83   181.284   1736.12   2327.31   2448.45  0.968913   19.8558   2.06427   2160.14    2426.5   2.65433   291.539     0.001   105.572   99.2233    97.833   97.4367         0         0         0         0         0
    15200      0.14         0    191.14   235.403   347.251   1614.19   188.613   1802.81   2328.17   2449.01  0.969628   18.5848   2.06068   2162.78   2426.73   2.66405   289.914     0.001    105.58   99.5348   98.1393   97.7169         0         0         0         0         0
    15100      0.19         0    205.19   238.629   352.607   1681.45   198.469   1879.92    2329.1   2449.56  0.970218   17.5687   2.05744   2165.83   2426.97   2.67639    292.94     0.001    105.58   99.8342   98.4151   97.9756         0         0         0         0         0
    15000      0.23         0    224.23   243.098   361.157   1760.56   212.264   1972.82   2330.14   2450.07  0.970842   17.0959   2.05449   2169.82   2427.22   2.70512   297.985     0.001   105.559   100.101   98.6489   98.2066         0         0         0         0         0
    14900      0.22         0    247.22   248.135    366.77   1847.79   231.752   2079.54   2331.32   2450.57  0.971644   17.1854    2.0518   2174.02   2427.48   2.72818   302.241     0.001   105.498    100.31   98.8234   98.3999         0         0         0         0         0
    14800      0.18         0    269.18   252.126   372.362   1945.09   254.599   2199.69   2332.61   2451.05  0.972372   17.6514   2.04932   2177.23   2427.76   2.72361   308.702     0.001   105.385   100.448   98.9367   98.5456         0         0         0         0         0
    14700      0.13         0    287.13   254.541   363.542   2035.63   280.146   2315.77   2333.93   2451.52  0.972595   18.1935   2.04703   2179.18   2428.07    2.7003   305.349     0.001    105.23   100.532   99.0084   98.6428         0         0         0         0         0
    14600       0.1         0     300.1   243.817   294.693   2085.28   288.123   2373.41   2341.08   2451.87  0.923038   16.8096   2.10852   2135.64   2386.72   2.81557   231.418     0.001   117.974   97.4086   96.4631   98.2452         0         0         0         0         0
    14500      0.08         0    310.08   239.315    268.91   2119.64   288.156    2407.8   2346.87   2451.57   0.88145   11.3251   2.16764   2127.29   2381.19   2.82301   207.428     0.001   125.345   93.5253   93.8712   96.9394         0         0         0         0         0
    14400      0.08         0    318.08   238.097   253.928   2147.98   291.413   2439.39   2352.13   2451.12  0.841224   5.02979   2.22428   2122.59    2376.8   2.81987   194.029     0.001   129.483   91.1303   92.5289   95.3672         0         0         0         0         0
    14300       0.1         0     326.1   238.672   240.486   2174.18    291.89   2466.07   2357.03   2450.54  0.801703 -0.964217   2.27761   2119.54   2372.57   2.82559    182.37     0.001   131.824   90.0677    91.972   94.0874         0         0         0         0         0
    14200       0.1         0     336.1   240.511   228.133   2193.46   293.849    2487.3   2361.58   2449.82  0.763595  -6.40219   2.32682   2117.62   2368.53   2.84059   171.433     0.001   133.039   89.7745   91.8508   93.0179         0         0         0         0         0
    14100      0.11         0    346.11    242.35   221.686   2212.27   297.865   2510.13   2365.76   2448.96  0.727629  -11.1494   2.37142   2115.93   2364.78   2.84819    165.67     0.001   133.512   89.8927   91.8275   92.1568         0         0         0         0         0
    14000      0.12         0    357.12    244.45   218.448   2221.61    305.33   2526.94   2369.53   2447.97  0.694264  -15.0631   2.41127   2114.68   2361.31   2.85958   162.465     0.001   133.494   90.1814   91.8005   91.5649         0         0         0         0         0
    13900      0.11         0    369.11    246.68   212.867   2225.17   311.441   2536.61   2372.92   2446.91  0.663776  -18.2606   2.44648   2113.67   2358.12    2.8702   158.044     0.001   133.135   90.4934   91.7525   91.0957         0         0         0         0         0
    13800      0.11         0    380.11   248.399   206.732    2237.2   321.324   2558.52   2375.92   2445.78  0.636192   -21.031   2.47735   2112.49   2355.18   2.87223   153.555     0.001   132.564   90.7499   91.6547   90.6472         0         0         0         0         0
    13700      0.12         0    391.12   250.121    202.05   2241.47   330.095   2571.56   2378.53   2444.59  0.611412  -23.5055   2.50423   2111.52   2352.47   2.87789   149.638     0.001    131.88   90.9188   91.4776    90.203         0         0         0         0         0
    13600       0.1         0     403.1   252.116    197.99   2243.79   341.007   2584.79   2380.79   2443.35  0.589309  -25.7157   2.52752   2110.83   2349.95   2.88654   146.228     0.001   131.124   90.9872   91.2201   89.7464         0         0         0         0         0
    13500      0.08         0    413.08   253.363    201.49   2246.04    358.54   2604.58   2382.72   2442.06  0.569665   -27.578   2.54763   2109.69   2347.58   2.88235   149.275     0.001   130.344   90.9547    90.894   89.2682         0         0         0         0         0
    13400      0.07         0    421.07   254.161   209.432   2250.38   373.661   2624.04   2384.31   2440.73  0.552223  -28.7973   2.56494   2108.35   2345.35   2.87697   156.121     0.001   129.603   90.8387   90.5191   88.7674         0         0         0         0         0
    13300      0.08         0    428.08    254.95   206.634   2254.27   391.751   2646.03    2385.6   2439.38  0.536809   -29.538   2.57981   2107.15   2343.23   2.87604   155.054     0.001   128.919   90.6604   90.1235   88.3453         0         0         0         0         0
    13200      0.11         0    436.11   259.723   227.862   2275.79   411.559   2687.35    2379.2   2438.07  0.584267  -30.3311   2.51853   2145.79   2384.33   2.77393   186.037     0.001   122.118   90.3564   89.5276   87.8417         0         0         0         0         0
    13100      0.14         0    447.14   263.961   233.064    2301.9   439.655   2741.56   2374.18    2437.6  0.625344  -30.0767   2.46235   2156.39   2393.12    2.7613   190.008     0.001   116.869   90.2513   89.1396   87.4963         0         0         0         0         0
    13000      0.16         0    461.16   268.315   237.062   2318.09   469.484   2787.57   2370.09   2437.44  0.661934  -29.4837   2.41206   2162.66   2396.82   2.76468   193.136     0.001   112.781   90.3858   88.9792   87.3085         0         0         0         0         0
    12900      0.17         0    477.17    272.43   241.368   2347.44   503.206   2850.65   2366.76   2437.42  0.694468  -28.7568   2.36761   2167.57   2399.23   2.76775   196.758     0.001   109.603    90.654   88.9509   87.2574         0         0         0         0         0
    12800      0.18         0    494.18   276.029   245.919   2383.22   538.353   2921.57   2364.08   2437.49  0.723305  -27.9529   2.32854   2171.62   2401.08   2.76845   200.924     0.001   107.095   90.9544   88.9816   87.3065         0         0         0         0         0
    12700      0.17         0    512.17   279.463   246.294   2411.79   575.214      2987   2361.95   2437.65  0.748878  -27.1934   2.29425   2175.21   2402.63    2.7683   201.885     0.001   105.045    91.237   89.0443   87.4187         0         0         0         0         0
    12600      0.16         0    529.16   282.368   244.247   2420.24   612.432   3032.67   2360.28   2437.88  0.771367  -26.7122   2.26412   2178.27      2404   2.75765   201.174     0.001   103.385   91.5151   89.1555   87.5731         0         0         0         0         0
    12500      0.15         0    545.15   284.919   242.994    2430.1   650.363   3080.47   2359.01   2438.18  0.790977  -26.5565   2.23761   2180.99   2405.26   2.74571   200.797     0.001   102.043   91.7608   89.3051   87.7584         0         0         0         0         0
    12400      0.14         0    560.14    287.21   242.161   2437.04   691.473   3128.51   2358.05   2438.54  0.808033  -26.6314   2.21421   2183.47   2406.47   2.73333   200.792     0.001   100.985   91.9754   89.4803   87.9655         0         0         0         0         0
    12300      0.13         0    574.13   289.295   240.188   2454.29   733.982   3188.28   2357.36   2438.96  0.822846  -26.9153   2.19352   2185.78   2407.64   2.72071   199.823     0.001   100.144   92.1742   89.6742    88.187         0         0         0         0         0
    12200      0.12         0    587.12   291.209    237.36   2485.51   775.888    3261.4   2356.88   2439.43  0.835691  -27.4429   2.17518   2187.95   2408.78   2.70788   197.992     0.001   99.4652   92.3809   89.8836   88.4176         0         0         0         0         0
    12100       0.1         0     599.1   292.971   236.239   2525.45   816.417   3341.87   2356.59   2439.95  0.846799  -28.1741   2.15889   2189.98   2409.91   2.69438   197.479     0.001   98.9227   92.5988    90.103   88.6179         0         0         0         0         0
    12000      0.09         0    609.09   294.278   236.617   2574.54   860.598   3435.14   2356.43   2440.48  0.856315  -28.9626    2.1444   2191.73   2411.02   2.67646   198.593     0.001   98.5121    92.832   90.3242   88.7903         0         0         0         0         0
    11900      0.08         0    618.08   295.571   237.934   2628.88   901.615    3530.5   2356.38   2441.05  0.864407   -29.731   2.13148   2193.45   2412.11   2.66238   200.145     0.001    98.214   93.0877   90.5581   88.9818         0         0         0         0         0
    11800      0.08         0    626.08   296.813   240.064   2689.84   943.387   3633.23   2356.42   2441.63  0.871278  -30.4147   2.11996   2195.13   2413.18   2.64895   202.368     0.001   98.0084   93.3697   90.8135   89.1943         0         0         0         0         0
    11700      0.08         0    634.08   298.317   249.581   2763.67   985.123    3748.8   2356.55   2442.24  0.877119  -30.8502   2.10967   2196.96   2414.23    2.6401   210.191     0.001    97.879   93.6789   91.0897   89.4252         0         0         0         0         0
    11600      0.08         0    642.08   283.318   224.288   2818.85   1011.08   3829.92   2362.72   2442.75  0.830174  -31.1942   2.16458   2152.92   2374.03   2.81967   173.025     0.001   107.631   91.0417   88.9878   89.3915         0         0         0         0         0
    11500      0.08         0    650.08   277.399   207.171   2866.58   1022.71   3889.29   2367.68   2442.79  0.792976  -33.7949   2.21768   2145.25   2369.59   2.84823   157.663     0.001   113.578   87.5748   86.6852   88.4951         0         0         0         0         0
    11400      0.07         0    658.07   275.994   183.596   2903.22   1030.75   3933.98   2372.27   2442.79  0.757355  -37.6354   2.26874   2141.36   2366.18    2.8551   137.724     0.001    116.98   85.4285   85.5691   87.4351         0         0         0         0         0
    11300      0.07         0    665.07   276.156   172.862   2933.98   1041.43   3975.41   2376.63   2442.74  0.722148  -42.0168   2.31693   2138.63   2362.87   2.85591    127.71     0.001   118.999   84.5929   85.2575   86.4381         0         0         0         0         0
    11200      0.06         0    672.06   277.147   169.202   2960.54   1053.73   4014.27   2380.72   2442.57  0.687904  -45.9741   2.36143   2136.59   2359.75   2.85956   124.166     0.001   120.136   84.4929   85.2966   85.6498         0         0         0         0         0
    11100      0.06         0    678.06   278.132   162.095   2967.44   1066.96    4034.4   2384.49   2442.28  0.655381  -49.3386   2.40176   2134.77   2356.88   2.85962   118.812     0.001    120.71   84.7831   85.4033   85.1151         0         0         0         0         0
    11000      0.05         0    684.05   279.321   152.868   2969.17   1081.48   4050.65   2387.91   2441.92  0.625145  -52.4264   2.43776   2133.28   2354.26    2.8626   111.289     0.001   120.925   85.2377   85.5269   84.7741         0         0         0         0         0
    10900      0.05         0    689.05   280.267   147.856   2977.16   1094.15   4071.31   2390.96   2441.47  0.597503  -55.3033   2.46954   2131.85   2351.88   2.86195   107.011     0.001   120.911   85.5833    85.647   84.4939         0         0         0         0         0
    10800      0.05         0    694.05   281.341   144.966   2997.04   1109.94   4106.98   2393.63   2440.94  0.572547  -57.8383   2.49736   2130.68   2349.71   2.86469     104.4     0.001   120.754   85.9088    85.726   84.2532         0         0         0         0         0
    10700      0.04         0    699.04   282.456   141.045   3015.43   1126.17    4141.6   2395.95   2440.34  0.550253  -60.0772   2.52155   2129.67   2347.72   2.86703   101.227     0.001   120.499   86.2055   85.7528   84.0314         0         0         0         0         0
    10600      0.04         0    703.04   283.262   136.869   3029.88   1142.53   4172.41   2397.94   2439.67  0.530459   -62.157   2.54248    2128.6   2345.88    2.8657   97.9503     0.001    120.19   86.4486   85.7291   83.8139         0         0         0         0         0
    10500      0.03         0    707.03   284.165   134.247   3044.17    1159.2   4203.37   2399.62   2438.96  0.512979   -64.121   2.56052   2127.69   2344.17   2.86732   95.5879     0.001   119.856   86.6316    85.662   83.5924         0         0         0         0         0
    10400      0.03         0    710.03    284.79     132.9   3058.18   1177.79   4235.96   2401.02    2438.2  0.497608  -65.9161   2.57602   2126.71   2342.58   2.86553    94.542     0.001   119.515    86.755   85.5574   83.3629         0         0         0         0         0
    10300      0.03         0    713.03   285.532   131.933   3078.91   1198.42   4277.33   2402.16    2437.4  0.484133  -67.5457   2.58932   2125.89   2341.08   2.86723   93.5648     0.001   119.178   86.8252   85.4238   83.1244         0         0         0         0         0
    10200      0.03         0    716.03   286.319   130.825   3098.87   1219.04    4317.9   2403.08   2436.57  0.472364  -69.0297   2.60071   2125.17   2339.67   2.86911   92.5724     0.001   118.841   86.8476   85.2903   82.8808         0         0         0         0         0
    10100      0.02         0    719.02   287.113   128.605   3102.66   1242.45   4345.11   2403.81   2435.72  0.462093  -70.4448   2.61045    2124.5   2338.34   2.87053   90.7308     0.001   118.504   86.8283   85.1551   82.6392         0         0         0         0         0
    10000      0.02         0    721.02   287.588   126.294   3113.25   1266.04   4379.29   2404.38   2434.86  0.453114  -71.8435   2.61877   2123.72   2337.08   2.86837   88.9794     0.001   118.178   86.7748   85.0138   82.4013         0         0         0         0         0
     9900      0.02         0    723.02   288.162   123.636   3134.75    1289.9   4424.65    2404.8   2433.99  0.445268  -73.2528   2.62587   2123.05    2335.9   2.86967   86.6619     0.001   117.872    86.696   84.8683    82.185         0         0         0         0         0
     9800      0.01         0    725.01   288.771   120.817    3155.2   1314.93   4470.13   2405.11   2433.15  0.438441  -74.6902   2.63194   2122.44   2334.77   2.87069   84.2729     0.001   117.578   86.5968   84.7148   82.0402         0         0         0         0         0
     9700      0.01         0    726.01   289.076   118.134   3183.07   1340.82   4523.89   2405.33   2432.34  0.432486  -76.1559   2.63712   2121.72   2333.71    2.8682   82.1635     0.001   117.301   86.4817   84.5647   81.9155         0         0         0         0         0
     9600      0.01         0    727.01   289.491    115.19   3211.68   1367.68   4579.36   2405.47   2431.56  0.427286  -77.6578   2.64155   2121.11   2332.71   2.86917   79.5662     0.001   117.047   86.3573   84.4146   81.7671         0         0         0         0         0
     9500         0         1       728   289.947    112.14   3236.01   1395.55   4631.56   2405.54   2430.79   0.42276  -79.2042   2.64532   2120.55   2331.76   2.86987   76.9423     0.001   116.805   86.2261   84.2585   81.6029         0         0         0         0         0
     9400         0         1       728   290.105   110.103   3243.85   1420.45    4664.3   2405.53   2430.04  0.418792  -80.7738   2.64855   2119.86   2330.85    2.8671   75.2575     0.001   116.581   86.0899   84.0965   81.4285         0         0         0         0         0
     9300         0         1       728   290.381   108.351   3252.65   1447.03   4699.68   2405.47    2429.3  0.415308  -82.3254   2.65131   2119.28   2329.97    2.8678   73.5835     0.001   116.378   85.9529   83.9323   81.2484         0         0         0         0         0
     9200         0         1       728    290.71   106.805   3262.62   1474.04   4736.66   2405.35   2428.57  0.412263  -83.8484   2.65367   2118.75   2329.12   2.86873   72.0923     0.001   116.179   85.8154   83.7664   81.0658         0         0         0         0         0
     9100         0         1       728   291.065   105.397   3280.75   1503.11   4783.86   2405.19   2427.84  0.409592  -85.3381    2.6557   2118.25   2328.29   2.86972    70.725     0.001   115.979   85.6764   83.5984   80.8823         0         0         0         0         0
     9000         0         1       728   291.432   104.101   3301.11   1535.24   4836.35   2404.99   2427.11  0.407235  -86.7925   2.65743   2117.77   2327.48   2.87072   69.4588     0.001   115.776   85.5349   83.4283   80.6986         0         0         0         0         0
     8900         0         1       728   291.806   102.917   3310.86    1566.4   4877.26   2404.77   2426.38  0.405143  -88.2104   2.65891    2117.3   2326.68   2.87172   68.2909     0.001   115.573   85.3948   83.2564   80.5152         0         0         0         0         0
     8800         0         1       728   292.182   101.821    3332.2   1598.05   4930.25   2404.51   2425.65  0.403275  -89.5903   2.66018   2116.85   2325.88   2.87273   67.2048     0.001   115.368   85.2859   83.0835   80.3322         0         0         0         0         0
     8700         0         1       728   292.556     100.8   3361.12   1630.21   4991.33   2404.24   2424.92  0.401597  -90.9318   2.66128    2116.4    2325.1   2.87373   66.1876     0.001   115.163   85.1939   82.9109   80.1501         0         0         0         0         0
     8600         0         1       728   292.927   99.8463    3395.3   1662.59   5057.88   2403.94   2424.19  0.400083  -92.2347   2.66222   2115.96   2324.33   2.87472   65.2334     0.001    114.96   85.1077   82.7394   79.9692         0         0         0         0         0
     8500         0         1       728   293.292   98.9534   3423.35   1695.18   5118.53   2403.63   2423.46  0.398708  -93.4987   2.66302   2115.53   2323.58    2.8757   64.3357     0.001   114.758   85.0222   82.5693   79.7901         0         0         0         0         0
     8400         0         1       728   293.652   98.5616   3454.94   1727.53   5182.47   2403.31   2422.74  0.397453  -94.7154   2.66372    2115.1   2322.83   2.87666   63.8256     0.001   114.559   84.9353   82.4005   79.6128         0         0         0         0         0
     8300         0         1       728   294.008   98.4998   3475.18   1763.24   5238.42   2402.97   2422.01  0.396301  -95.8609   2.66431   2114.68    2322.1   2.87761   63.6179     0.001   114.367    84.846    82.236   79.4377         0         0         0         0         0
     8200      0.01         0    728.01   294.361   98.6529    3499.9   1798.72   5298.62   2402.63   2421.29  0.395239  -96.9264   2.66483   2114.29   2321.38   2.87902   63.5364     0.001   114.187   84.7548   82.0945   79.2686         0         0         0         0         0
     8100         0         1       729   295.018   98.7373   3521.29   1834.29   5355.59   2402.29   2420.58  0.394275  -97.9159   2.66527   2114.06   2320.68   2.88339   63.3107     0.001   114.006   84.6612   81.9672   79.1313         0         0         0         0         0
     8000         0         1       729   295.235   99.3953   3550.83    1869.8   5420.64   2401.96    2419.9   0.39338  -98.8163   2.66565   2113.61   2320.01   2.88084   63.9932     0.001   113.826   84.5553    81.856   79.0414         0         0         0         0         0
     7900         0         1       729   295.497   100.126   3571.24    1905.3   5476.54   2401.64   2419.26  0.392532  -99.6216   2.66598   2113.21   2319.37   2.88145   64.4913     0.001   113.663   84.4409   81.7611   78.9751         0         0         0         0         0
     7800         0         1       729   295.772   101.019   3593.97   1941.37   5535.34   2401.33   2418.65  0.391758  -100.332   2.66627   2112.85   2318.76    2.8822    65.143     0.001    113.51   84.3235   81.6768    78.914         0         0         0         0         0
     7700         0         1       729   296.049   102.063   3618.97   1977.02   5595.99   2401.03   2418.07  0.391052  -100.946   2.66651   2112.52   2318.19   2.88295   65.9346     0.001   113.367   84.2057   81.5949   78.8425         0         0         0         0         0
     7600         0         1       729    296.32   103.271   3641.86   2013.24    5655.1   2400.74   2417.53  0.390402  -101.462   2.66673   2112.21   2317.65   2.88368   66.8781     0.001   113.229   84.0888   81.5117   78.7643         0         0         0         0         0
     7500         0         1       729   296.586   104.613   3659.41      2050   5709.41   2400.46      2417  0.389803  -101.881   2.66691   2111.92   2317.13    2.8844   67.9492     0.001   113.098   83.9735   81.4266   78.6818         0         0         0         0         0
     7400         0         1       729   296.845   105.002    3673.7    2087.3      5761   2400.19   2416.48  0.389245  -102.222   2.66707   2111.64   2316.62   2.88509   68.3259     0.001   112.971   83.8598   81.3397   78.5961         0         0         0         0         0
     7300         0         1       729   297.098   104.834    3686.6   2123.12   5809.72   2399.92   2415.99  0.388724  -102.544   2.66721   2111.36   2316.13   2.88576   68.2019     0.001   112.848   83.7478   81.2497   78.5081         0         0         0         0         0
     7200         0         1       729   297.346    104.39   3695.78   2157.47   5853.25   2399.65    2415.5  0.388235  -102.869   2.66733   2111.09   2315.65   2.88642   67.8419     0.001   112.728   83.6376   81.1552   78.4175         0         0         0         0         0
     7100         0         1       729   297.589    103.76   3704.24   2192.76      5897   2399.39   2415.03  0.387772  -103.207   2.66743   2110.83   2315.18   2.88707   67.3213     0.001   112.611   83.5288   81.0583   78.3244         0         0         0         0         0
     7000         0         1       729   297.828   102.994   3720.34   2232.98   5953.32   2399.14   2414.56  0.387333  -103.562   2.66752   2110.57   2314.71    2.8877   66.6802     0.001   112.497   83.4214     80.96   78.2294         0         0         0         0         0
     6900         0         1       729   298.064   102.132   3736.41   2272.95   6009.36   2398.88   2414.09  0.386913  -103.937   2.66759   2110.31   2314.26   2.88833   65.9538     0.001   112.386   83.3152   80.8609   78.1329         0         0         0         0         0
     6800         0         1       729   298.296   101.196   3754.26   2308.34   6062.61   2398.63   2413.64  0.386511  -104.333   2.66766   2110.05    2313.8   2.88895   65.1594     0.001   112.276   83.2104   80.7613   78.0354         0         0         0         0         0
     6700         0         1       729   298.525   100.209   3772.54   2344.77   6117.31   2398.38   2413.18  0.386124   -104.75   2.66772    2109.8   2313.36   2.88956   64.3154     0.001   112.168   83.1067   80.6617   77.9372         0         0         0         0         0
     6600         0         1       729   298.752   99.1995   3790.09   2384.12   6174.21   2398.13   2412.73   0.38575  -105.187   2.66777   2109.55   2312.91   2.89017   63.4485     0.001   112.062   83.0042   80.5621   77.8386         0         0         0         0         0
     6500         0         1       729   298.976   98.1577    3810.5      2422    6232.5   2397.88   2412.29  0.385388  -105.644   2.66781    2109.3   2312.47   2.89077   62.5499     0.001   111.957   82.9028   80.4627   77.7399         0         0         0         0         0
     6400         0         1       729   299.198   97.4034   3831.45      2460   6291.45   2397.63   2411.84  0.385036  -106.113   2.66785   2109.05   2312.04   2.89136   61.8618     0.001   111.853   82.8025   80.3637   77.6413         0         0         0         0         0
     6300         0         1       729   299.418   96.8188   3851.59   2496.46   6348.06   2397.38    2411.4  0.384693  -106.579   2.66788    2108.8    2311.6   2.89195   61.3265     0.001   111.751   82.7033   80.2652   77.5428         0         0         0         0         0
     6200         0         1       729   299.636   96.3303   3863.73    2532.3   6396.03   2397.14   2410.97  0.384358  -107.035   2.66791   2108.56   2311.18   2.89253   60.8721     0.001   111.649    82.605   80.1672   77.4447         0         0         0         0         0
     6100         0         1       729   299.852   95.9277   3875.02    2567.5   6442.52   2396.89   2410.53  0.384031  -107.477   2.66794   2108.32   2310.75   2.89311   60.4917     0.001   111.549   82.5077   80.0698   77.3471         0         0         0         0         0
     6000         0         1       729   300.066   95.5816   3897.18   2602.07   6499.25   2396.65    2410.1   0.38371  -107.903   2.66796   2108.08   2310.33   2.89368   60.1612     0.001    111.45   82.4114    79.973   77.2499         0         0         0         0         0
     5900         0         1       729   300.278   95.2801   3917.42   2638.65   6556.06   2396.41   2409.67  0.383395  -108.314   2.66798   2107.84   2309.91   2.89425   59.8703     0.001   111.352   82.3161   79.8769   77.1533         0         0         0         0         0
     5800         0         1       729   300.488   95.0143    3931.4   2673.63   6605.03   2396.17   2409.25  0.383086  -108.708   2.66799    2107.6    2309.5   2.89481    59.612     0.001   111.255   82.2288   79.7815   77.0574         0         0         0         0         0
     5700         0         1       729   300.696   94.7791   3955.13   2708.43   6663.56   2395.93   2408.83  0.382782  -109.085   2.66801   2107.36   2309.09   2.89536   59.3815     0.001   111.159   82.1577   79.6872   76.9621         0         0         0         0         0
     5600         0         1       729     300.9   94.5713   3980.56   2743.18   6723.74    2395.7   2408.41  0.382483  -109.447   2.66802   2107.13   2308.68   2.89591   59.1761     0.001   111.065   82.0946   79.5946   76.8678         0         0         0         0         0
     5500         0         1       729   301.099   94.3879   3996.04   2777.88   6773.92   2395.46   2407.99   0.38219  -109.793   2.66803    2106.9   2308.28   2.89645   58.9931     0.001   110.972   82.0355   79.5036   76.7746         0         0         0         0         0
     5400         0         1       729   301.294    93.482   4012.14   2812.75   6824.89   2395.23   2407.58  0.381902  -110.137   2.66804   2106.67   2307.89   2.89698   58.2669     0.001   110.882   81.9781   79.4143   76.6827         0         0         0         0         0
     5300         0         1       729   301.484   92.1296   4035.75   2847.78   6883.53      2395   2407.17   0.38162   -110.52   2.66805   2106.45    2307.5    2.8975   57.1341     0.001   110.793   81.9213   79.3267   76.5921         0         0         0         0         0
     5200         0         1       729   301.671   90.5404      4047   2879.65   6926.65   2394.77   2406.77  0.381344  -110.957   2.66805   2106.23   2307.13   2.89801   55.7893     0.001   110.706   81.8646   79.2406    76.503         0         0         0         0         0
     5100         0         1       729   301.855   88.8005   4071.22   2912.31   6983.52   2394.55   2406.38  0.381073  -111.453   2.66806   2106.01   2306.76   2.89851   54.3067     0.001   110.621   81.8075     79.16   76.4158         0         0         0         0         0
     5000         0         1       729   302.034   86.9251   4101.68   2945.74   7047.42   2394.32   2405.99  0.380809   -112.01   2.66806    2105.8   2306.39     2.899   52.6995     0.001   110.538   81.7502    79.085   76.3318         0         0         0         0         0
     4900         0         1       729    302.21   84.9659   4133.55   2977.95    7111.5   2394.11   2405.61  0.380551  -112.627   2.66807   2105.59   2306.04   2.89948   51.0085     0.001   110.457   81.6928   79.0133   76.2539         0         0         0         0         0
     4800         0         1       729   302.381   82.9261    4161.2   3009.58   7170.78   2393.89   2405.24  0.380302  -113.304   2.66807   2105.39   2305.69   2.89995   49.2403     0.001   110.378   81.6352   78.9476   76.1979         0         0         0         0         0
     4700         0         1       729   302.548   80.8228    4182.9   3040.63   7223.53   2393.69   2404.89  0.380064  -114.039   2.66808    2105.2   2305.36    2.9004   47.4064     0.001     110.3   81.5777   78.8897   76.1562         0         0         0         0         0
     4600         0         1       729   302.709   78.6876   4213.41   3073.54   7286.95    2393.5   2404.55  0.379839   -114.83   2.66808   2105.02   2305.04   2.90084   45.5361     0.001   110.225   81.5206   78.8383   76.1224         0         0         0         0         0
     4500         0         1       729   302.865   76.4997   4245.69   3107.31   7352.99   2393.32   2404.24  0.379627  -115.675   2.66808   2104.84   2304.74   2.90127   43.6123     0.001   110.152   81.4639   78.7917   76.0934         0         0         0         0         0
     4400         0         1       729   303.016   74.6447   4278.57   3139.22   7417.79   2393.15   2403.95  0.379427  -116.567   2.66808   2104.68   2304.45   2.90168   41.9276     0.001   110.082   81.4079   78.7485   76.0676         0         0         0         0         0
     4300         0         1       729    303.16   72.9781   4309.05   3170.88   7479.93   2392.98   2403.67  0.379239  -117.482   2.66808   2104.52   2304.18   2.90207   40.4099     0.001   110.014   81.3526    78.708    76.044         0         0         0         0         0
     4200         0         1       729   303.299    71.405   4343.99   3201.98   7545.97   2392.83    2403.4  0.379062  -118.414   2.66809   2104.38   2303.92   2.90245   38.9676     0.001   109.949    81.298   78.6694   76.0221         0         0         0         0         0
     4100         0         1       729   303.433    69.907   4382.95   3233.71   7616.66   2392.68   2403.16  0.378896  -119.358   2.66809   2104.24   2303.67   2.90282    37.587     0.001   109.886   81.2442   78.6322   75.9991         0         0         0         0         0
     4000         0         1       729   303.562   68.4523    4422.3   3263.98   7686.28   2392.55   2402.92  0.378738  -120.311   2.66809   2104.11   2303.43   2.90317   36.2419     0.001   109.826   81.1911   78.5948   75.9708         0         0         0         0         0
     3900         0         1       729   303.687   67.0262   4464.42   3292.76   7757.19   2392.41   2402.69  0.378588  -121.273   2.66809   2103.98   2303.21   2.90351   34.9196     0.001   109.767   81.1388   78.5562   75.9385         0         0         0         0         0
     3800         0         1       729   303.808   65.6184   4505.05   3323.12   7828.17   2392.28   2402.47  0.378445  -122.241   2.66809   2103.86   2302.99   2.90385   33.6121     0.001   109.711    81.087   78.5164   75.9035         0         0         0         0         0
     3700         0         1       729   303.926   63.6362   4549.82   3353.72   7903.54   2392.16   2402.25  0.378307  -123.221   2.66809   2103.74   2302.77   2.90417   31.9075     0.001   109.656   81.0357   78.4756   75.8663         0         0         0         0         0
     3600         0         1       729   304.041   60.0451   4592.11   3384.56   7976.67   2392.04   2402.04  0.378174  -124.285   2.66809   2103.62   2302.56   2.90449    28.838     0.001   109.603    80.985   78.4341   75.8276         0         0         0         0         0
     3500         0         1       729   304.154   55.7732   4633.54   3413.72   8047.26   2391.92   2401.83  0.378044  -125.492   2.66809    2103.5   2302.35   2.90481   25.1648     0.001   109.551   80.9348    78.392   75.7878         0         0         0         0         0
     3400         0         1       729   304.265   51.2636   4670.95   3443.98   8114.93    2391.8   2401.62  0.377919  -126.857   2.66809   2103.39   2302.14   2.90512   21.2416     0.001     109.5    80.885   78.3495    75.747         0         0         0         0         0
     3300         0         1       729   304.374   46.5196   4698.97      3474   8172.98   2391.68   2401.42  0.377796  -128.374   2.66809   2103.27   2301.94   2.90543   17.1043     0.001   109.451   80.8357   78.3068   75.7056         0         0         0         0         0
     3200         0         1       729   304.482   42.1182    4728.2   3503.79   8231.99   2391.56   2401.22  0.377676  -130.039   2.66809   2103.16   2301.74   2.90573   13.1449     0.001   109.402    80.787   78.2639   75.6638         0         0         0         0         0
     3100         0         1       729   304.588   39.1025   4755.86   3533.72   8289.58   2391.45   2401.01  0.377559  -131.777    2.6681   2103.05   2301.54   2.90603   10.3382     0.001   109.354   80.7387    78.221   75.6217         0         0         0         0         0
     3000         0         1       729   304.693   36.5667   4786.54   3563.82   8350.36   2391.33   2400.82  0.377444   -133.53    2.6681   2102.94   2301.35   2.90633   7.94177     0.001   109.307    80.691   78.1781   75.5794         0         0         0         0         0
     2900         0         1       729   304.796   34.3624   4817.65   3593.11   8410.77   2391.22   2400.62  0.377331  -135.276    2.6681   2102.83   2301.15   2.90662   5.82691     0.001    109.26   80.6438   78.1354    75.537         0         0         0         0         0
     2800         0         1       729   304.899   32.3898   4849.13   3622.71   8471.84   2391.11   2400.42   0.37722  -137.004    2.6681   2102.72   2300.96   2.90691   3.91297     0.001   109.214   80.5972   78.0927   75.4946         0         0         0         0         0
     2700         0         1       729   305.001   30.4085   4873.59   3648.81    8522.4      2391   2400.23  0.377111  -138.709    2.6681   2102.61   2300.76    2.9072   2.02357     0.001   109.168   80.5511   78.0503   75.4523         0         0         0         0         0
     2600         0         1       729   305.101   28.0692   4888.82   3680.01   8568.84   2390.89   2400.03  0.377003  -140.411    2.6681    2102.5   2300.57   2.90749 -0.164439     0.001   109.123   80.5057   78.0081   75.4101         0         0         0         0         0
     2500         0         1       729   305.201   25.6237   4916.37   3707.31   8623.68   2390.78   2399.84  0.376897  -142.124    2.6681   2102.39   2300.38   2.90777  -2.44499     0.001   109.079   80.4608   77.9662   75.3681         0         0         0         0         0
     2400         0         1       729     305.3   23.1492   4945.81   3735.01   8680.83   2390.67   2399.65  0.376792  -143.855    2.6681   2102.28    2300.2   2.90805  -4.75583     0.001   109.035   80.4166   77.9246   75.3263         0         0         0         0         0
     2300         0         1       729   305.397   20.6489   4973.19   3763.26   8736.46   2390.56   2399.46  0.376689  -145.604    2.6681   2102.18   2300.01   2.90833  -7.08946     0.001   108.991    80.373   77.8833   75.2847         0         0         0         0         0
     2200         0         1       729   305.494   18.2855   4993.97   3792.06   8786.03   2390.45   2399.27  0.376587  -147.368    2.6681   2102.07   2299.83   2.90861  -9.33404     0.001   108.948     80.33   77.8424   75.2434         0         0         0         0         0
     2100         0         1       729    305.59   16.3487   5021.84   3820.85   8842.68   2390.35   2399.08  0.376487  -149.129    2.6681   2101.97   2299.64   2.90889  -11.2188     0.001   108.905   80.2877   77.8018   75.2024         0         0         0         0         0
     2000         0         1       729   305.685   14.5831   5049.52   3849.63   8899.15   2390.24    2398.9  0.376388   -150.87    2.6681   2101.86   2299.46   2.90916  -12.9534     0.001   108.863    80.246   77.7616   75.1617         0         0         0         0         0
     1900         0         1       729   305.779   12.9459   5076.34   3877.88   8954.22   2390.13   2398.71   0.37629  -152.583    2.6681   2101.76   2299.28   2.90943   -14.575     0.001   108.821    80.205   77.7218   75.1213         0         0         0         0         0
     1800         0         1       729   305.873   11.4076   5104.12   3906.08   9010.21   2390.03   2398.53  0.376193  -154.267    2.6681   2101.66    2299.1    2.9097  -16.1075     0.001    108.78   80.1646   77.6824   75.0814         0         0         0         0         0
     1700         0         1       729   305.965    9.8517   5133.17   3933.42   9066.59   2389.93   2398.35  0.376098  -155.919    2.6681   2101.56   2298.93   2.90997  -17.6347     0.001   108.739   80.1248   77.6434   75.0417         0         0         0         0         0
     1600         0         1       729   306.056   8.09475   5159.38   3959.19   9118.57   2389.82   2398.17  0.376004  -157.551    2.6681   2101.46   2298.75   2.91023  -19.3274     0.001   108.698   80.0858   77.6049   75.0025         0         0         0         0         0
     1500         0         1       729   306.147   6.28286   5185.11   3986.79    9171.9   2389.72   2397.99  0.375911  -159.172    2.6681   2101.36   2298.58   2.91049  -21.0657     0.001   108.658   80.0473   77.5667   74.9636         0         0         0         0         0
     1400         0         1       729   306.236    4.4314   5211.28   4016.08   9227.36   2389.62   2397.81   0.37582  -160.786    2.6681   2101.26   2298.41   2.91075  -22.8357     0.001   108.618   80.0095    77.529   74.9252         0         0         0         0         0
     1300         0         1       729   306.325   2.55657   5233.62   4044.67   9278.29   2389.52   2397.64   0.37573  -162.393    2.6681   2101.16   2298.24   2.91101   -24.625     0.001   108.579   79.9723   77.4918   74.8871         0         0         0         0         0
     1200         0         1       729   306.412  0.956093   5244.14   4072.57   9316.71   2389.42   2397.46  0.375642  -163.994    2.6681   2101.06   2298.07   2.91127  -26.2251     0.001    108.54   79.9358    77.455   74.8495         0         0         0         0         0
     1100         0         1       729   306.499   0.14202   5257.71   4099.86   9357.57   2389.32   2397.29  0.375554  -165.551    2.6681   2100.97   2297.91   2.91152  -27.1571     0.001   108.502   79.8998   77.4186   74.8123         0         0         0         0         0
     1000         0         1       729   306.584 -0.338725   5273.38   4126.67   9400.05   2389.23   2397.12  0.375468  -167.038    2.6681   2100.87   2297.74   2.91177   -27.793     0.001   108.464   79.8645   77.3827   74.7756         0         0         0         0         0
      900         0         1       729   306.669 -0.463691   5288.61   4153.69    9442.3   2389.13   2396.95  0.375384   -168.44    2.6681   2100.78   2297.58   2.91202  -28.1243     0.001   108.426   79.8298   77.3473   74.7392         0         0         0         0         0
      800         0         1       729   306.752 -0.321849   5302.57   4177.13    9479.7   2389.04   2396.79  0.375301  -169.749    2.6681   2100.69   2297.42   2.91226  -28.2118     0.001   108.389   79.7956   77.3123   74.7033         0         0         0         0         0
      700         0         1       729   306.835  0.136264   5318.73   4199.89   9518.62   2388.94   2396.62  0.375219  -170.958    2.6681    2100.6   2297.26    2.9125  -28.0331     0.001    108.35   79.7619   77.2777   74.6679         0         0         0         0         0
      600         0         1       729   306.918    1.0747      5325   4225.64   9550.64   2388.85   2396.46  0.375139  -172.051    2.6681   2100.51    2297.1   2.91275  -27.4316     0.001    108.31   79.7287   77.2434   74.6328         0         0         0         0         0
      500         0         1       729   306.999   2.29767   5330.79   4251.99   9582.79   2388.76    2396.3   0.37506  -173.018    2.6681   2100.42   2296.95   2.91298   -26.569     0.001   108.269   79.6956   77.2093   74.5981         0         0         0         0         0
      400         0         1       729   307.081   3.83087   5337.42   4276.35   9613.76   2388.67   2396.14  0.374982  -173.852    2.6681   2100.33   2296.79   2.91322  -25.4302     0.001   108.229   79.6629   77.1755   74.5638         0         0         0         0         0
      300         0         1       729   307.162   5.61776    5341.5   4305.78   9647.28   2388.58   2395.98  0.374905  -174.549    2.6681   2100.24   2296.64   2.91346  -24.0537     0.001   108.189   79.6303   77.1418   74.5297         0         0         0         0         0
      200         0         1       729   307.243    7.8862   5344.22   4335.73   9679.95   2388.49   2395.82  0.374829  -175.104    2.6681   2100.15   2296.49   2.91369  -22.2892     0.001   108.148   79.5979   77.1084   74.4959         0         0         0         0         0
      100         0         1       729   307.324   11.0877   5356.38    4361.6   9717.98    2388.4   2395.67  0.374754  -175.483    2.6681   2100.07   2296.34   2.91393   -19.712     0.001   108.108   79.5658   77.0753   74.4623         0         0         0         0         0
        0         0         1       729   307.404   14.7829   5381.59   4387.55   9769.14   2388.31   2395.52   0.37468   -175.66    2.6681   2099.98   2296.19   2.91416  -16.6839     0.001   108.068   79.5339   77.0423    74.429         0         0         0         0         0